Time (s),Gyroscope X (deg/s),Gyroscope Y (deg/s),Gyroscope Z (deg/s),Accelerometer X (g),Accelerometer Y (g),Accelerometer Z (g),Magnetometer X (uT),Magnetometer Y (uT),Magnetometer Z (uT)
56.449337483,-0.2357762,0.2765456,-0.1539631,0.987992,0.04814333,-0.01717451,-32.86769,-41.17899,-5.28538
56.459196568,-0.1736603,0.0980187800000002,-0.0926601400000001,0.9893754,0.05301461,-0.01906991,-32.86769,-41.17899,-5.28538
56.469055176,-0.1115444,0.2170367,-0.03135715,0.990826,0.05058163,-0.02246552,-32.86769,-41.17899,-5.28538
56.478914738,0.1369193,0.2170367,-0.0926601400000001,0.9909244,0.05109792,-0.01479537,-32.86769,-41.17899,-5.28538
56.488773823,0.01268744,-0.08050801,-0.1539631,0.9934378,0.04869769,-0.01197625,-32.86447,-41.17276,-4.837285
56.498632431,-0.04942847,-0.2590348,-0.03135715,0.9943833,0.04869701,-0.01438573,-32.86447,-41.17276,-4.837285
56.508491516,0.01268744,0.03850985,-0.03135715,0.9889631,0.05205571,-0.01428013,-32.86447,-41.17276,-4.837285
56.518350124,-0.1115444,-0.02099909,-0.2765691,0.9918975,0.04768748,-0.01819242,-32.86447,-41.17276,-4.837285
56.528209686,-0.1115444,-0.3185438,-0.0926601400000001,0.991459,0.04672116,-0.01531913,-32.86447,-41.17276,-4.837285
56.538068295,-0.1115444,-0.1400169,-0.2152661,0.9924545,0.04527003,-0.01534556,-33.61515,-41.17036,-5.281518
56.54792738,0.1369193,-0.1400169,-0.1539631,0.9904482,0.04670327,-0.01770087,-33.61515,-41.17036,-5.281518
56.557786465,0.1369193,-0.02099909,-0.3378721,0.991943,0.04770048,-0.01483856,-33.61515,-41.17036,-5.281518
56.567645073,0.01268744,-0.08050801,-0.2152661,0.9982065,0.05407638,-0.01631162,-33.61515,-41.17036,-5.281518
56.577504635,-0.04942847,-0.02099909,-0.2765691,0.9938502,0.04965658,-0.01676603,-33.61515,-41.17036,-5.281518
56.587363243,-0.04942847,-0.3185438,-0.2765691,0.9898523,0.05789769,-0.0156811,-32.86246,-41.5409,-4.833514
56.597222328,-0.1736603,-0.02099909,-0.2765691,0.9914098,0.04866004,-0.01721886,-32.86246,-41.5409,-4.833514
56.609546184,-0.1736603,-0.08050801,-0.2765691,0.9904193,0.04913616,-0.01767993,-32.86246,-41.5409,-4.833514
56.619404793,-0.04942847,-0.08050801,-0.2152661,0.9889435,0.05205014,-0.0157175,-32.86246,-41.5409,-4.833514
56.629264355,-0.1115444,-0.1400169,-0.1539631,0.9880419,0.04669289,-0.01479146,-32.86246,-41.5409,-4.833514
56.639122963,-0.1736603,0.03850985,-0.2152661,0.9929088,0.0481938,-0.01532736,-33.23941,-41.54282,-5.279679
56.648982048,0.01268744,-0.02099909,-0.2765691,0.9918527,0.05255698,-0.01719229,-33.23941,-41.54282,-5.279679
56.65884161,-0.2978921,-0.02099909,-0.1539631,0.9938415,0.04379537,-0.02256577,-33.23941,-41.54282,-5.279679
56.668700218,0.01268744,0.0980187800000002,-0.3378721,0.9919083,0.04622589,-0.01868411,-33.23941,-41.54282,-5.279679
56.678559303,-0.04942847,0.1575277,-0.2152661,0.9908795,0.0471793,-0.02153659,-33.23941,-41.54282,-5.279679
56.688417911,0.07480337,0.1575277,-0.2765691,0.99345,0.04381891,-0.015372,-33.60792,-41.90042,-4.825881
56.698276997,0.1369193,0.2170367,-0.3378721,0.9962668,0.052111,-0.01677976,-33.60792,-41.90042,-4.825881
56.708135605,0.1369193,0.0980187800000002,-0.3378721,0.9894434,0.05059286,-0.01621612,-33.60792,-41.90042,-4.825881
56.717995167,-0.1115444,0.03850985,-0.2152661,0.9908839,0.05010991,-0.01863673,-33.60792,-41.90042,-4.825881
56.727854252,-0.1736603,0.2765456,-0.0926601400000001,0.9860009,0.05104559,-0.01712164,-33.60792,-41.90042,-4.825881
56.73771286,-0.3600081,0.2170367,-0.2765691,0.9929739,0.04381832,-0.01440682,-33.2382,-41.16844,-4.835355
56.747571945,-0.3600081,0.0980187800000002,-0.2152661,0.991815,0.04912865,-0.02297108,-33.2382,-41.16844,-4.835355
56.757430553,-0.1736603,0.03850985,-0.3378721,0.9938654,0.0511256,-0.01435786,-33.2382,-41.16844,-4.835355
56.767290115,-0.1115444,0.1575277,-0.3378721,0.9870123,0.04715786,-0.01812726,-33.2382,-41.16844,-4.835355
56.779613972,-0.2978921,0.0980187800000002,-0.2765691,0.9927765,0.05108543,-0.02248907,-33.2382,-41.16844,-4.835355
56.78947258,-0.3600081,0.0980187800000002,-0.3378721,0.9919162,0.04720462,-0.01723836,-32.86568,-41.54714,-5.281611
56.799331665,-0.3600081,-0.02099909,-0.0926601400000001,0.9967239,0.04820039,-0.02256967,-32.86568,-41.54714,-5.281611
56.809190273,-0.3600081,-0.02099909,-0.0926601400000001,0.9923099,0.04864637,-0.0229822,-32.86568,-41.54714,-5.281611
56.819049835,-0.04942847,0.0980187800000002,-0.1539631,0.9943761,0.04820672,-0.01534817,-32.86568,-41.54714,-5.281611
56.82890892,0.01268744,0.0980187800000002,-0.2765691,0.9908593,0.05107935,-0.01958659,-32.86568,-41.54714,-5.281611
56.838767528,-0.1115444,0.3360545,-0.0926601400000001,0.9908962,0.04962518,-0.01816179,-32.86246,-41.5409,-4.833514
56.84862709,-0.3600081,0.1575277,-0.0926601400000001,0.9898349,0.05496337,-0.01953921,-32.86246,-41.5409,-4.833514
56.858485699,-0.1736603,0.2170367,-0.0926601400000001,0.990454,0.04621669,-0.01770506,-32.86246,-41.5409,-4.833514
56.868344784,-0.2978921,0.3360545,-0.1539631,0.9885302,0.04620875,-0.01528171,-32.86246,-41.5409,-4.833514
56.878203869,-0.3600081,0.2170367,-0.03135715,0.9875376,0.04521956,-0.01719271,-32.86246,-41.5409,-4.833514
56.888062477,-0.1115444,0.0980187800000002,-0.2152661,0.9908615,0.05254465,-0.01813666,-33.60992,-41.53227,-4.829652
56.897922039,-0.04942847,0.1575277,-0.2152661,0.9923578,0.05451874,-0.01430773,-33.60992,-41.53227,-4.829652
56.907780647,-0.1115444,-0.02099909,-0.03135715,0.9850097,0.04663921,-0.02193669,-33.60992,-41.53227,-4.829652
56.917639732,-0.04942847,-0.02099909,-0.2152661,0.9914583,0.05062678,-0.01193176,-33.60992,-41.53227,-4.829652
56.927498341,0.1369193,0.03850985,0.02994585,0.9952791,0.05014679,-0.01917826,-33.60992,-41.53227,-4.829652
56.937357426,0.01268744,-0.08050801,-0.0926601400000001,0.9884044,0.04910223,-0.02196429,-32.86246,-41.5409,-4.833514
56.947216988,-0.04942847,-0.1400169,-0.2765691,0.9890577,0.04573577,-0.01289722,-32.86246,-41.5409,-4.833514
56.959540367,0.1369193,-0.1995259,-0.03135715,0.9903824,0.05059033,-0.01910473,-32.86246,-41.5409,-4.833514
56.969399452,-0.04942847,-0.02099909,-0.2152661,0.9913266,0.04961278,-0.02248083,-32.86246,-41.5409,-4.833514
56.97925806,0.07480337,-0.08050801,-0.03135715,0.9905387,0.04624083,-0.01147647,-32.86246,-41.5409,-4.833514
56.989117146,0.01268744,-0.1995259,-0.2152661,0.9875361,0.04424269,-0.01815933,-33.60992,-41.53227,-4.829652
56.998976707,-0.04942847,-0.1400169,-0.1539631,0.9914966,0.05014949,-0.009540338,-33.60992,-41.53227,-4.829652
57.008835316,-0.1115444,-0.02099909,-0.1539631,0.9898615,0.05106517,-0.02101009,-33.60992,-41.53227,-4.829652
57.018694401,-0.1115444,-0.1995259,-0.3378721,0.993348,0.0452545,-0.02158802,-33.60992,-41.53227,-4.829652
57.028553009,-0.1115444,0.2170367,-0.2765691,0.9954187,0.04774546,-0.01105412,-33.60992,-41.53227,-4.829652
57.038412571,0.1369193,-0.02099909,-0.3378721,0.9913331,0.04961463,-0.02200171,-33.23021,-41.525,-3.999404
57.048271656,0.1990352,0.1575277,-0.3378721,0.992375,0.04866494,-0.01819098,-33.23021,-41.525,-3.999404
57.058130264,0.1990352,0.0980187800000002,-0.2765691,0.9919184,0.04866992,-0.01578843,-33.23021,-41.525,-3.999404
57.067989349,0.385383,0.1575277,-0.2152661,0.9914178,0.04963877,-0.01577312,-33.23021,-41.525,-3.999404
57.077847958,0.323267,0.0980187800000002,-0.2152661,0.9922998,0.0505964,-0.0220072,-33.23021,-41.525,-3.999404
57.08770752,0.2611511,0.2170367,-0.3991751,0.9913996,0.04621601,-0.02011454,-33.61193,-41.16412,-4.833423
57.097566128,0.07480337,0.2170367,-0.3378721,0.9894093,0.0496067,-0.01957836,-33.61193,-41.16412,-4.833423
57.107425213,-0.1736603,0.0980187800000002,-0.3378721,0.9923562,0.04914781,-0.01914503,-33.61193,-41.16412,-4.833423
57.117284298,0.07480337,0.2170367,-0.3378721,0.9886112,0.04379072,-0.01146968,-33.61193,-41.16412,-4.833423
57.127142906,0.323267,0.3955634,-0.2765691,0.991849,0.0501148,-0.01960884,-33.61193,-41.16412,-4.833423
57.139467239,-0.1115444,0.2765456,-0.3378721,0.991412,0.05012535,-0.01576893,-33.2382,-41.16844,-4.835355
57.149326324,-0.1736603,0.3360545,-0.2152661,0.9889876,0.05108627,-0.01333027,-33.2382,-41.16844,-4.835355
57.159184933,-0.3600081,0.3955634,-0.3378721,0.9909178,0.046702,-0.01914517,-33.2382,-41.16844,-4.835355
57.169044018,-0.422124,0.4550724,-0.3378721,0.9949137,0.0457837,-0.01393868,-33.2382,-41.16844,-4.835355
57.178902626,-0.3600081,0.4550724,-0.3378721,0.9933169,0.05061615,-0.01914633,-32.85924,-41.53467,-4.385418
57.188762188,-0.1736603,0.3955634,-0.2765691,0.9913129,0.04912063,-0.02392238,-32.85924,-41.53467,-4.385418
57.198620796,-0.04942847,0.3955634,-0.1539631,0.9895287,0.04671137,-0.0133749,-32.85924,-41.53467,-4.385418
57.208479881,-0.1115444,0.5145813,-0.2765691,0.9890282,0.05207428,-0.00948891,-32.85924,-41.53467,-4.385418
57.218339443,-0.2357762,0.2170367,-0.2152661,0.9914742,0.04819018,-0.01291095,-32.85924,-41.53467,-4.385418
57.228198052,-0.04942847,0.3955634,-0.2765691,0.9919423,0.04721205,-0.01532187,-32.85924,-41.53467,-4.385418
57.238057137,-0.1736603,0.2170367,-0.2152661,0.9913664,0.05011236,-0.01912278,-33.59992,-42.25698,-3.989931
57.247915745,-0.1115444,-0.08050801,-0.2152661,0.9855306,0.05055842,-0.01616065,-33.59992,-42.25698,-3.989931
57.25777483,-0.04942847,0.2170367,-0.2765691,0.989502,0.05060957,-0.01190402,-33.59992,-42.25698,-3.989931
57.267634392,-0.2357762,0.03850985,-0.0926601400000001,0.996271,0.05064755,-0.01775057,-33.59992,-42.25698,-3.989931
57.277493,-0.2978921,0.03850985,-0.0926601400000001,0.9893494,0.05300718,-0.0209864,-33.59992,-42.25698,-3.989931
57.287352085,-0.2978921,-0.08050801,-0.1539631,0.9923375,0.05402473,-0.01622841,-32.86447,-41.17276,-4.837285
57.297210693,-0.422124,0.03850985,-0.03135715,0.9958066,0.0496738,-0.01679377,-32.86447,-41.17276,-4.837285
57.30953455,-0.2978921,0.1575277,-0.0926601400000001,0.9938726,0.04722184,-0.0172661,-32.86447,-41.17276,-4.837285
57.319394112,-0.1115444,0.0980187800000002,-0.0926601400000001,0.9923996,0.0476955,-0.01724111,-32.86447,-41.17276,-4.837285
57.32925272,-0.1736603,-0.02099909,-0.0926601400000001,0.9884825,0.04912451,-0.01621482,-33.23619,-41.53659,-4.831584
57.339111805,0.1369193,0.03850985,-0.1539631,0.9910444,0.04429696,-0.01197928,-33.23619,-41.53659,-4.831584
57.348970413,-0.2978921,-0.02099909,-0.03135715,0.9942915,0.05257664,-0.01770608,-33.23619,-41.53659,-4.831584
57.358829498,0.07480337,-0.2590348,-0.03135715,0.9894854,0.05255773,-0.01140815,-33.23619,-41.53659,-4.831584
57.36868906,-0.1736603,-0.02099909,-0.0926601400000001,0.9898914,0.05351477,-0.01667705,-33.23619,-41.53659,-4.831584
57.378547669,-0.1115444,-0.1400169,-0.0926601400000001,0.9948356,0.05015548,-0.01581747,-32.86124,-41.16652,-4.389189
57.388406754,-0.1115444,-0.1995259,-0.1539631,0.9909021,0.05353267,-0.0142953,-32.86124,-41.16652,-4.389189
57.398265362,-0.1115444,-0.2590348,-0.03135715,0.9933966,0.0516153,-0.01243024,-32.86124,-41.16652,-4.389189
57.408124924,-0.3600081,-0.1995259,-0.1539631,0.991438,0.04573872,-0.01772312,-32.86124,-41.16652,-4.389189
57.417983532,-0.422124,-0.1995259,-0.0926601400000001,0.989952,0.05060273,-0.01478569,-32.86124,-41.16652,-4.389189
57.427842617,-0.2978921,-0.2590348,-0.1539631,0.989418,0.05107386,-0.0176493,-33.23895,-41.54193,-5.215667
57.437701702,-0.4842399,-0.2590348,-0.1539631,0.9927837,0.05157571,-0.02152663,-33.23895,-41.54193,-5.215667
57.44756031,-0.422124,-0.1995259,-0.03135715,0.988934,0.05009454,-0.01812987,-33.23895,-41.54193,-5.215667
57.457419872,-0.2978921,-0.08050801,-0.03135715,0.9889659,0.04961539,-0.01621757,-33.23895,-41.54193,-5.215667
57.467278481,-0.2357762,-0.1995259,0.02994585,0.9927969,0.05597349,-0.01669771,-33.23895,-41.54193,-5.215667
57.477137566,-0.2357762,-0.1400169,-0.03135715,0.9943644,0.04478582,-0.01921047,-33.23895,-41.54193,-5.215667
57.489461422,-0.04942847,0.0980187800000002,0.02994585,0.9888148,0.05298988,-0.02433332,-32.48672,-41.91337,-4.831676
57.49932003,-0.1115444,0.03850985,-0.03135715,0.9903759,0.04619441,-0.02345453,-32.48672,-41.91337,-4.831676
57.509179592,-0.1736603,0.0980187800000002,0.0912488500000001,0.9938053,0.05013202,-0.01963658,-32.48672,-41.91337,-4.831676
57.5190382,-0.2978921,0.03850985,0.1525518,0.9947806,0.04818688,-0.02158369,-32.48672,-41.91337,-4.831676
57.528897286,-0.04942847,0.1575277,0.0912488500000001,0.9948016,0.04916933,-0.0191797,-32.85924,-41.53467,-4.385418
57.538756371,-0.1115444,0.3360545,0.02994585,0.9904056,0.04864401,-0.01912148,-32.85924,-41.53467,-4.385418
57.548614979,0.1990352,0.2170367,-0.03135715,0.9888697,0.05056442,-0.02243778,-32.85924,-41.53467,-4.385418
57.558474541,0.07480337,0.3360545,0.0912488500000001,0.9883993,0.05007724,-0.02147679,-32.85924,-41.53467,-4.385418
57.568333149,0.07480337,0.3360545,0.02994585,0.9943442,0.04429181,-0.02113114,-32.85924,-41.53467,-4.385418
57.578192234,-0.04942847,0.574090199999997,0.0912488500000001,0.9933582,0.04769854,-0.01869234,-33.98365,-41.52795,-4.82772
57.588051796,-0.2978921,0.4550724,-0.03135715,0.9933323,0.05208517,-0.01673815,-33.98365,-41.52795,-4.82772
57.597910404,-0.04942847,0.574090199999997,-0.03135715,0.9909042,0.05060392,-0.01671605,-33.98365,-41.52795,-4.82772
57.607769489,0.01268744,0.4550724,-0.03135715,0.9884723,0.04668048,-0.0191105,-33.98365,-41.52795,-4.82772
57.617628097,-0.2357762,0.3360545,-0.0926601400000001,0.993468,0.0428476,-0.01490125,-33.98365,-41.52795,-4.82772
57.627487183,0.1369193,0.3955634,-0.2152661,0.9909605,0.04915532,-0.01385388,-33.2382,-41.16844,-4.835355
57.637345791,0.01268744,0.2765456,-0.0926601400000001,0.992911,0.04965911,-0.01387743,-33.2382,-41.16844,-4.835355
57.647205353,0.01268744,0.574090199999997,-0.2152661,0.9908831,0.04962147,-0.01912004,-33.2382,-41.16844,-4.835355
57.659529209,0.1990352,0.3360545,-0.3378721,0.9895858,0.04135715,-0.0139001,-33.2382,-41.16844,-4.835355
57.669387817,0.323267,0.2765456,-0.2765691,0.9919791,0.04136382,-0.01776775,-33.2382,-41.16844,-4.835355
57.679246902,0.5096148,0.2765456,-0.3991751,0.9894223,0.04082229,-0.02636147,-32.85723,-41.90282,-4.381647
57.689106464,0.385383,0.4550724,-0.2765691,0.9915031,0.04575729,-0.01293189,-32.85723,-41.90282,-4.381647
57.698965073,0.385383,0.633599200000002,-0.4604781,0.9993437,0.04290112,-0.01450534,-32.85723,-41.90282,-4.381647
57.708824158,0.4474989,0.752617099999999,-0.583084100000002,0.9952741,0.04672775,-0.02256144,-32.85723,-41.90282,-4.381647
57.718682766,0.633846600000001,0.871635000000001,-0.5217811,0.9898912,0.04472665,-0.0244184,-32.85723,-41.90282,-4.381647
57.728541851,1.068658,0.931143899999998,-0.5217811,0.9928228,0.05158686,-0.0186519,-32.86046,-41.90905,-4.829745
57.738400459,1.068658,1.347706,-0.644387100000003,0.9943674,0.04673956,-0.01727722,-32.86046,-41.90905,-4.829745
57.748260021,0.758078499999998,1.288198,-0.644387100000003,0.9981999,0.04968047,-0.02066142,-32.86046,-41.90905,-4.829745
57.758119106,0.5096148,1.70476,-0.889599100000001,0.9928293,0.05158871,-0.01817278,-32.86046,-41.90905,-4.829745
57.767977714,0.1990352,1.883287,-0.766993099999999,0.9913759,0.05206795,-0.01671042,-32.86046,-41.90905,-4.829745
57.777837276,0.01268744,1.942796,-0.8282961,0.9909222,0.04963261,-0.01624531,-33.60792,-41.90042,-4.825881
57.787695885,0.1990352,2.24034,-0.889599100000001,0.9958189,0.04479502,-0.02018952,-33.60792,-41.90042,-4.825881
57.79755497,0.758078499999998,2.121322,-0.950902100000002,0.9988241,0.03995878,-0.01931477,-33.60792,-41.90042,-4.825881
57.807414055,1.317122,2.121322,-0.8282961,0.9953074,0.05161952,-0.01581184,-33.60792,-41.90042,-4.825881
57.817272663,1.814049,1.823778,-0.766993099999999,0.9959107,0.04091539,-0.01686917,-33.60792,-41.90042,-4.825881
57.829596519,2.55944,1.70476,-0.705690099999998,0.9949636,0.04872731,-0.007684955,-33.23941,-41.54282,-5.279679
57.839456081,2.124629,1.526233,-0.644387100000003,0.9924504,0.0555216,-0.006633397,-33.23941,-41.54282,-5.279679
57.84931469,1.876165,0.931143899999998,-0.5217811,0.9992666,0.06094351,-0.00428879,-33.23941,-41.54282,-5.279679
57.859173775,0.882310299999999,0.574090199999997,-0.3991751,0.9940261,0.05410077,4.094653e-05,-33.23941,-41.54282,-5.279679
57.869032383,0.820194400000001,0.3360545,-0.0926601400000001,0.9935181,0.05018527,-0.004776852,-33.23941,-41.54282,-5.279679
57.878891945,0.944426200000002,0.0980187800000002,-0.03135715,0.992545,0.04920165,-0.005250483,-33.61515,-41.17036,-5.281518
57.888750553,1.130774,-0.3780527,0.1525518,0.9905309,0.05844428,-0.001310179,-33.61515,-41.17036,-5.281518
57.898609638,1.068658,-0.735106300000001,0.3364608,0.9885196,0.06085252,-0.003177987,-33.61515,-41.17036,-5.281518
57.908468723,0.633846600000001,-0.854124200000003,0.642975800000003,0.9967661,0.06334745,-0.006149662,-33.61515,-41.17036,-5.281518
57.918327332,0.2611511,-1.211178,0.949490699999999,0.9884727,0.06865077,0.0002428899,-33.61515,-41.17036,-5.281518
57.928186893,-0.04942847,-1.389704,1.194703,0.9884408,0.06473587,-0.005540089,-33.60268,-42.26233,-4.374014
57.938045502,-0.4842399,-1.806267,1.501218,0.9903299,0.06326921,-0.01180898,-33.60268,-42.26233,-4.374014
57.947904587,-0.919051300000002,-1.687249,1.930339,0.9958653,0.05408457,-0.008610994,-33.60268,-42.26233,-4.374014
57.957764149,-0.856935399999999,-1.746758,2.052945,0.9948609,0.04967448,-0.01438429,-33.60268,-42.26233,-4.374014
57.967622757,-0.732703500000002,-1.746758,2.236854,0.9898978,0.05351663,-0.01619793,-33.60268,-42.26233,-4.374014
57.977481842,-1.291747,-1.62774,2.236854,0.9898213,0.0676534,-0.009368738,-33.23941,-41.54282,-5.279679
57.98734045,-2.720413,-1.62774,2.665975,0.9902208,0.07300264,-0.01124609,-33.23941,-41.54282,-5.279679
57.997199535,-4.086963,-1.389704,2.911187,0.9893402,0.06862782,-0.007916059,-33.23941,-41.54282,-5.279679
58.009523392,-5.018702,-1.270687,3.279005,0.9903804,0.05351908,-0.01668398,-33.23941,-41.54282,-5.279679
58.019382,-4.521774,-1.032651,3.524217,0.9933141,0.05305647,-0.0172089,-33.23941,-41.54282,-5.279679
58.029241562,-3.838499,-1.032651,3.401611,0.9849179,0.05491289,-0.02138636,-33.23619,-41.53659,-4.831584
58.03910017,-3.838499,-0.854124200000003,3.646823,0.9884745,0.04814579,-0.01766057,-33.23619,-41.53659,-4.831584
58.048959255,-3.279456,-0.794615199999997,3.646823,0.9884449,0.04569618,-0.02199361,-33.23619,-41.53659,-4.831584
58.058818817,-3.21734,-0.973142000000002,3.830732,0.9929804,0.04382018,-0.0139277,-33.23619,-41.53659,-4.831584
58.068677425,-3.590036,-1.09216,3.830732,0.9900482,0.04965371,-0.00856548,-33.23619,-41.53659,-4.831584
58.07853651,-4.273311,-1.151669,3.646823,0.9885809,0.0496408,-0.008544676,-33.24142,-41.17467,-5.28345
58.088395119,-4.58389,-1.330196,3.830732,0.9929327,0.04673593,-0.01486081,-33.24142,-41.17467,-5.28345
58.098254204,-4.770238,-1.449214,3.646823,0.9944997,0.03945388,-0.0139862,-33.24142,-41.17467,-5.28345
58.108113766,-4.58389,-1.449214,3.646823,0.9930144,0.04041227,-0.01443614,-33.24142,-41.17467,-5.28345
58.117972374,-4.459659,-1.508722,3.769429,0.9939528,0.0399213,-0.01780805,-33.24142,-41.17467,-5.28345
58.127831459,-4.211195,-1.330196,3.708126,0.996922,0.03702766,-0.01787479,-33.61193,-41.16412,-4.833423
58.137690067,-3.590036,-1.389704,3.708126,0.99852,0.02877802,-0.01557119,-33.61193,-41.16412,-4.833423
58.147549629,-2.90676,-1.330196,3.58552,0.9872088,0.02622013,-0.02214036,-33.61193,-41.16412,-4.833423
58.157408237,-2.596181,-1.330196,3.58552,0.9901043,0.03062888,-0.02118602,-33.61193,-41.16412,-4.833423
58.167267323,-2.16137,-1.330196,3.401611,0.989689,0.02771624,-0.01832949,-33.61193,-41.16412,-4.833423
58.179591179,-1.726558,-1.09216,3.340307,0.9984325,0.02680014,-0.02373303,-33.98968,-40.42351,-4.839032
58.189449787,-1.353863,-1.09216,3.156399,0.9900985,0.0267214,-0.02505251,-33.98968,-40.42351,-4.839032
58.199308872,-1.167515,-0.973142000000002,3.156399,0.9945551,0.02433467,-0.02321937,-33.98968,-40.42351,-4.839032
58.209168434,-0.9811672,-0.854124200000003,3.033792,0.9969284,0.02824139,-0.02513703,-33.98968,-40.42351,-4.839032
58.219027042,-0.608471700000001,-1.09216,2.911187,0.994498,0.02529483,-0.02656485,-33.98968,-40.42351,-4.839032
58.228886128,0.323267,-1.032651,2.849884,0.9955731,0.01605474,-0.02761656,-33.2382,-41.16844,-4.835355
58.238744736,0.5096148,-1.449214,2.604672,0.9921734,0.02335485,-0.0193601,-33.2382,-41.16844,-4.835355
58.248604298,0.4474989,-1.449214,2.236854,0.9945523,0.03116905,-0.01741126,-33.2382,-41.16844,-4.835355
58.258462906,-0.1115444,-1.806267,2.35946,0.994522,0.03262507,-0.01835694,-33.2382,-41.16844,-4.835355
58.268321991,-1.043283,-1.746758,2.175551,1.000543,0.02539662,-0.01371176,-33.2382,-41.16844,-4.835355
58.278181076,-1.788674,-2.044303,2.604672,1.003909,0.02638691,-0.01710578,-33.98244,-41.15357,-4.383393
58.288039684,-4.58389,-1.508722,2.543369,1.014204,0.02453099,-0.01726816,-33.98244,-41.15357,-4.383393
58.297899246,-6.69583099999998,-0.913633000000003,2.482066,1.003312,0.0151226,-0.03492272,-33.98244,-41.15357,-4.383393
58.307757855,-7.50333799999998,-0.913633000000003,2.35946,1.016751,0.005540675,-0.02656952,-33.98244,-41.15357,-4.383393
58.31761694,-8.00026600000002,-0.5565795,2.35946,1.028966,-0.006560734,-0.03834654,-33.98244,-41.15357,-4.383393
58.327476502,-7.130643,0.3360545,2.114248,1.027582,-0.0163145,-0.04080512,-33.98766,-40.79166,-4.835261
58.33733511,-7.44122199999997,1.228689,1.930339,1.034712,-0.01484404,-0.05479112,-33.98766,-40.79166,-4.835261
58.347194195,-8.43507700000002,1.407215,1.807733,1.052544,-0.03415407,-0.05568743,-33.98766,-40.79166,-4.835261
58.359518051,-15.88899,1.466724,5.669822,1.096949,-0.2508647,-0.0754004,-33.98766,-40.79166,-4.835261
58.369376659,-6.19890400000002,3.609046,5.056792,1.00263,-0.05705928,-0.07673331,-33.98766,-40.79166,-4.835261
58.379235745,-7.00641099999998,2.180831,4.688974,1.046069,-0.1665004,-0.03706489,-33.98566,-41.15981,-4.831491
58.389094353,-8.74565700000002,4.025609,8.30585,1.052757,-0.2282201,-0.03145149,-33.98566,-41.15981,-4.831491
58.398953915,-7.31699000000001,5.513332,12.35185,1.05347,-0.4051903,0.008735167,-33.98566,-41.15981,-4.831491
58.408812523,0.633846600000001,6.94154599999998,19.09518,1.043998,-0.6652255,-0.01776353,-33.98566,-41.15981,-4.831491
58.418671608,15.91436,5.75136799999999,27.98411,1.033065,-0.9600707,-0.1101855,-33.98566,-41.15981,-4.831491
58.42853117,46.16481,5.275296,35.9535,0.9993306,-0.9867283,-0.1319729,-33.61992,-40.80756,-5.669372
58.438389778,74.7381399999997,3.9661,38.16041,1.006155,-0.8304945,-0.1398564,-33.61992,-40.80756,-5.669372
58.448248863,88.4657499999998,4.085118,40.24471,1.068148,-0.6741555,-0.1202526,-33.61992,-40.80756,-5.669372
58.458107472,85.7326500000002,4.204135,44.65853,1.113141,-0.5938264,-0.08667194,-33.61992,-40.80756,-5.669372
58.467966557,75.2971799999998,4.144627,50.48231,1.146585,-0.6086158,-0.08679422,-33.61992,-40.80756,-5.669372
58.477826119,66.97365,3.37101,56.67392,1.133804,-0.6598746,-0.1004622,-35.1109,-39.29454,-4.012369
58.487684727,64.6132399999999,1.942796,63.2333300000002,1.127893,-0.7135081,-0.1147274,-35.1109,-39.29454,-4.012369
58.497543812,65.1722900000003,-0.1995259,69.7927600000001,1.136715,-0.7183076,-0.1177688,-35.1109,-39.29454,-4.012369
58.50740242,65.1722900000003,-1.151669,75.4939299999998,1.149307,-0.6796613,-0.09318299,-35.1109,-39.29454,-4.012369
58.517261982,63.92997,-0.913633000000003,79.9077500000001,1.167187,-0.6322055,-0.06763977,-35.1109,-39.29454,-4.012369
58.527121067,60.5757099999998,-0.2590348,84.6280799999999,1.185581,-0.5993855,-0.05324895,-36.59464,-38.51157,-1.899729
58.539444447,58.2152999999997,1.228689,91.0648999999998,1.203698,-0.6322845,-0.04515923,-36.59464,-38.51157,-1.899729
58.549303532,61.7559099999999,2.359358,96.4595599999999,1.214232,-0.6477422,-0.03968943,-36.59464,-38.51157,-1.899729
58.55916214,67.0357599999998,3.668555,101.1799,1.22885,-0.6320055,-0.03018097,-36.59464,-38.51157,-1.899729
58.569021225,72.3777300000003,4.442171,105.3485,1.256719,-0.6337157,-0.0329886,-36.59464,-38.51157,-1.899729
58.578880787,79.7074099999998,6.52498400000002,109.2106,1.283546,-0.6685169,-0.03366465,-39.58502,-35.56382,0.1986446
58.588739395,90.1428800000002,8.78632399999999,113.134,1.294785,-0.6576799,-0.02510779,-39.58502,-35.56382,0.1986446
58.59859848,100.0193,10.75012,116.6282,1.303849,-0.6322755,-0.01975138,-39.58502,-35.56382,0.1986446
58.608457088,107.908,11.9403,119.203,1.33492,-0.5944722,-0.004061608,-39.58502,-35.56382,0.1986446
58.61831665,112.5667,13.24949,121.5325,1.342815,-0.5491138,0.004834268,-39.58502,-35.56382,0.1986446
58.628175735,114.0575,14.38016,123.0651,1.34879,-0.5047383,0.01566599,-42.96674,-29.9796,1.823829
58.638034344,114.1196,15.15378,125.0268,1.368906,-0.4752502,0.04581772,-42.96674,-29.9796,1.823829
58.647893429,111.1381,15.9274,126.3754,1.364235,-0.4542367,0.08056399,-42.96674,-29.9796,1.823829
58.657752037,108.1565,17.77217,126.9885,1.370015,-0.4696986,0.09616471,-42.96674,-29.9796,1.823829
58.667611599,107.0384,20.21204,127.7241,1.38171,-0.498278,0.103424,-42.96674,-29.9796,1.823829
58.677470684,107.5975,23.72306,128.1532,1.385608,-0.5288708,0.1112567,-46.27894,-25.12615,3.904328
58.687329292,109.9579,28.06722,128.8275,1.371076,-0.5221247,0.1278135,-46.27894,-25.12615,3.904328
58.697188854,111.3244,33.78008,129.2567,1.397568,-0.5282158,0.1278637,-46.27894,-25.12615,3.904328
58.709511757,113.4363,41.39722,129.5632,1.392138,-0.4927721,0.1196146,-46.27894,-25.12615,3.904328
58.719371319,112.3804,46.39597,129.8084,1.369185,-0.4491595,0.1251018,-46.27894,-25.12615,3.904328
58.729230404,108.7777,50.14503,129.7471,1.322581,-0.4173855,0.1437646,-51.1792,-18.51632,3.030018
58.739089012,103.063,52.40637,129.9923,1.283408,-0.3793082,0.1388939,-51.1792,-18.51632,3.030018
58.748948097,96.9135199999997,53.8941,129.2567,1.24918,-0.3572839,0.123754,-51.1792,-18.51632,3.030018
58.758806705,92.4411700000002,54.54869,127.5402,1.217692,-0.3776298,0.0928831,-51.1792,-18.51632,3.030018
58.768666267,90.76405,54.54869,125.7011,1.192472,-0.379881,0.07118037,-51.1792,-18.51632,3.030018
58.778525352,88.2793999999999,54.37017,124.5363,1.160805,-0.3460849,0.07479213,-54.60216,-9.291605,1.67286
58.788383961,83.3722499999999,53.41802,122.5746,1.119856,-0.3089496,0.08239794,-54.60216,-9.291605,1.67286
58.798243523,77.6575899999998,52.46588,119.5708,1.083309,-0.2854463,0.07784598,-54.60216,-9.291605,1.67286
58.808102131,72.0050400000001,50.91865,116.383,1.056707,-0.2657159,0.08174604,-54.60216,-9.291605,1.67286
58.817961216,66.6630700000002,49.72847,113.5631,1.031493,-0.2547832,0.07213447,-54.60216,-9.291605,1.67286
58.827820301,63.5572700000002,49.07387,110.314,0.9996412,-0.2482453,0.07408121,-55.40424,0.2221618,1.195233
58.837678909,63.0603399999999,48.71682,106.268,0.9612147,-0.2296193,0.07095249,-55.40424,0.2221618,1.195233
58.847538471,62.4391900000001,48.65731,101.8542,0.9323809,-0.1850852,0.07653128,-55.40424,0.2221618,1.195233
58.857397079,60.5135900000003,49.01436,97.1951900000002,0.8936112,-0.1348224,0.07607044,-55.40424,0.2221618,1.195233
58.867256165,57.5320299999998,49.49043,92.6587700000002,0.8550388,-0.1050088,0.07207979,-55.40424,0.2221618,1.195233
58.879580021,53.68084,49.37141,86.8962899999998,0.7995569,-0.09237432,0.06866438,-55.44038,6.848819,1.127362
58.889438629,51.50678,49.2524,82.17596,0.7557366,-0.07868192,0.0602997,-55.44038,6.848819,1.127362
58.899298191,50.32658,48.5978,77.08781,0.706592,-0.06697391,0.05439014,-55.44038,6.848819,1.127362
58.909157276,49.95389,46.99106,71.6318399999997,0.6582918,-0.04455441,0.04807976,-55.44038,6.848819,1.127362
58.919015884,49.64331,44.6107,66.2371800000001,0.6197892,-0.02887949,0.03678081,-55.44038,6.848819,1.127362
58.928874969,48.96003,42.11132,61.2103400000002,0.5827072,-0.005393407,0.02888194,-53.23586,14.87239,1.865625
58.938733578,48.58734,39.49293,55.57046,0.552915,0.01326175,0.01317121,-53.23586,14.87239,1.865625
58.94859314,47.6556,35.86289,49.44016,0.5278432,0.04851105,-0.0005499553,-53.23586,14.87239,1.865625
58.958451748,44.79826,32.11383,43.18726,0.5107105,0.08581454,-0.004303748,-53.23586,14.87239,1.865625
58.968310833,39.51841,28.84083,36.99566,0.5130675,0.1218044,-0.0150552,-53.23586,14.87239,1.865625
58.978170395,33.55528,25.32981,30.80405,0.5000641,0.1255165,-0.03256892,-51.38609,18.90667,2.262588
58.988029003,28.21331,21.46173,24.06072,0.4733328,0.1242162,-0.05663807,-51.38609,18.90667,2.262588
58.997888088,21.75326,17.11757,17.74651,0.4711392,0.1309665,-0.06805062,-51.38609,18.90667,2.262588
59.007746696,14.42358,13.01146,12.10664,0.4707453,0.1547773,-0.07599046,-51.38609,18.90667,2.262588
59.017605782,5.60312,7.89368999999999,6.22154900000002,0.4637505,0.1561396,-0.08546325,-51.38609,18.90667,2.262588
59.027465343,-3.403688,2.418867,0.2138548,0.4557842,0.1662833,-0.0867017,-51.02557,19.62083,0.9728384
59.037323952,-12.34838,-3.651044,-6.40686900000002,0.4602265,0.1673101,-0.08292276,-51.02557,19.62083,0.9728384
59.047183037,-20.6098,-9.89948199999998,-13.1502,0.4680729,0.1639673,-0.08450039,-51.02557,19.62083,0.9728384
59.059506893,-27.50466,-18.11172,-22.34565,0.480954,0.1524087,-0.08286473,-51.02557,19.62083,0.9728384
59.069365501,-31.72855,-24.41966,-29.70201,0.5087717,0.1391017,-0.06372634,-51.02557,19.62083,0.9728384
59.079225063,-35.20704,-29.71596,-36.81316,0.5364558,0.1233154,-0.05658694,-50.65585,20.35281,0.9633656
59.089083672,-36.6357,-34.77422,-44.04691,0.560804,0.09238903,-0.05623656,-50.65585,20.35281,0.9633656
59.098942757,-36.6357,-39.23739,-51.34196,0.5915838,0.07569808,-0.03812733,-50.65585,20.35281,0.9633656
59.108801842,-37.0084,-42.92694,-57.9626899999999,0.6276417,0.06927819,-0.01856905,-50.65585,20.35281,0.9633656
59.11866045,-38.49918,-46.19993,-64.9512300000002,0.6544908,0.0535241,-0.0008750921,-50.65585,20.35281,0.9633656
59.128520012,-41.41862,-49.77047,-71.32674,0.6857733,0.03293554,0.01479808,-51.02557,19.62083,0.9728384
59.13837862,-45.33193,-52.03181,-77.2118299999998,0.7185009,0.02358276,0.03869187,-51.02557,19.62083,0.9728384
59.148237705,-51.23294,-53.81708,-82.6065000000002,0.7731614,0.007078581,0.05023272,-51.02557,19.62083,0.9728384
59.158096314,-57.13395,-55.06676,-88.0011599999998,0.8057962,-0.0208533,0.05096948,-51.02557,19.62083,0.9728384
59.167955875,-63.0349599999997,-56.73301,-93.2732200000003,0.8428202,-0.05704984,0.04342752,-51.02557,19.62083,0.9728384
59.177814961,-66.5755699999999,-58.6968099999998,-98.72919,0.8617454,-0.07778314,0.04969161,-52.50768,17.80271,1.383501
59.187673569,-71.04792,-60.9581499999999,-103.6334,0.9006808,-0.07442893,0.07360415,-52.50768,17.80271,1.383501
59.197532654,-77.5700900000001,-62.4458699999999,-108.2311,0.9542933,-0.06801497,0.1002085,-52.50768,17.80271,1.383501
59.207391262,-86.2042000000002,-63.2789999999999,-112.5837,1.007368,-0.08114829,0.10605,-52.50768,17.80271,1.383501
59.217250824,-94.2792699999997,-63.9335899999999,-117.3653,1.051924,-0.09587764,0.09570672,-52.50768,17.80271,1.383501
59.22957468,-102.7891,-63.3385000000001,-122.3308,1.116238,-0.1629729,0.08895265,-54.35023,13.03837,1.442178
59.239433289,-105.4601,-61.1961900000001,-125.7025,1.162106,-0.2365386,0.08719887,-54.35023,13.03837,1.442178
59.249292374,-104.2178,-57.8041800000002,-128.4611,1.191035,-0.2829987,0.08687367,-54.35023,13.03837,1.442178
59.259151936,-101.9195,-55.36431,-132.078,1.211746,-0.3047399,0.07968622,-54.35023,13.03837,1.442178
59.269010544,-99.4970099999998,-52.26984,-135.2045,1.235238,-0.3888567,0.04222234,-54.35023,13.03837,1.442178
59.278869629,-89.4342300000001,-49.65145,-136.9823,1.232623,-0.47019,0.03007241,-55.41834,3.91522,1.989706
59.288728237,-79.3714499999998,-48.34225,-137.1049,1.262418,-0.4396686,0.05338612,-55.41834,3.91522,1.989706
59.298587322,-75.8929600000002,-46.37846,-138.5761,1.311216,-0.4002116,0.07890038,-55.41834,3.91522,1.989706
59.308446884,-76.3898800000002,-44.53368,-140.7217,1.342672,-0.3502284,0.09756268,-55.41834,3.91522,1.989706
59.318305492,-83.40898,-43.284,-140.9056,1.374737,-0.3104591,0.1161301,-55.41834,3.91522,1.989706
59.328164578,-94.2792699999997,-41.55824,-139.557,1.406056,-0.2688146,0.1174728,-55.73422,-5.579361,2.921226
59.338023186,-107.1994,-39.83248,-139.1279,1.422192,-0.2337918,0.075848,-55.73422,-5.579361,2.921226
59.347882748,-118.8151,-39.47542,-141.0896,1.406305,-0.2828195,0.01576072,-55.73422,-5.579361,2.921226
59.357741833,-122.542,-35.78587,-144.7064,1.362712,-0.5227525,-0.01966602,-55.73422,-5.579361,2.921226
59.367600441,-110.2431,-32.57239,-143.3578,1.354316,-0.6707292,-0.01216959,-55.73422,-5.579361,2.921226
59.377459526,-92.9748399999997,-29.2994,-139.2505,1.412921,-0.6569197,0.02832283,-53.06395,-14.43354,3.830378
59.387319088,-83.5332200000001,-26.62149,-137.8405,1.38372,-0.5797793,0.03561964,-53.06395,-14.43354,3.830378
59.397177696,-86.0178499999998,-24.12212,-137.2888,1.332823,-0.5753538,0.0382992,-53.06395,-14.43354,3.830378
59.409501553,-95.2110100000002,-21.56323,-130.2389,1.340914,-0.5717916,0.06073632,-53.06395,-14.43354,3.830378
59.419360161,-104.5905,-18.52828,-122.8213,1.386003,-0.5402576,0.058443,-53.06395,-14.43354,3.830378
59.429219246,-115.2123,-13.70805,-117.304,1.401012,-0.4905038,0.05481539,-48.53135,-23.25952,3.897065
59.439077854,-128.0082,-8.05470500000001,-113.871,1.378603,-0.4624945,0.05057916,-48.53135,-23.25952,3.897065
59.448937416,-138.8164,-3.055955,-111.235,1.341827,-0.5378959,0.0140478,-48.53135,-23.25952,3.897065
59.458796501,-139.686,1.466724,-107.189,1.300347,-0.636722,-0.02932298,-48.53135,-23.25952,3.897065
59.46865511,-130.6171,4.561189,-103.4495,1.263818,-0.7345114,-0.06748439,-48.53135,-23.25952,3.897065
59.478514671,-115.1502,7.17958200000003,-99.5261200000001,1.212451,-0.8036718,-0.09225433,-44.09395,-28.86221,1.818312
59.488372803,-98.5031499999999,8.54828699999997,-95.17361,1.155381,-0.8275665,-0.1007474,-44.09395,-28.86221,1.818312
59.498232365,-83.7816799999998,8.48877900000002,-90.0241600000001,1.12214,-0.8298074,-0.1007717,-44.09395,-28.86221,1.818312
59.50809145,-71.1721499999999,7.655654,-84.1390700000003,1.102352,-0.8144202,-0.103235,-44.09395,-28.86221,1.818312
59.517950058,-61.2957200000001,6.34645700000001,-79.05093,1.094526,-0.7853309,-0.1134204,-44.09395,-28.86221,1.818312
59.52780962,-53.65546,5.334805,-73.6562600000001,1.080434,-0.7548062,-0.1153579,-40.72224,-33.72172,-0.646594
59.537668228,-46.69848,3.787573,-67.4646600000001,1.167475,-0.716181,-0.01276544,-40.72224,-33.72172,-0.646594
59.547527313,-46.94694,8.54828699999997,-62.43781,1.182561,-0.5905123,-0.01575347,-40.72224,-33.72172,-0.646594
59.557386398,-58.8732000000003,2.597394,-53.24236,1.119851,-1.009399,-0.1036923,-40.72224,-33.72172,-0.646594
59.567245006,-63.7803500000003,3.668555,-33.6254,1.289755,-1.268895,0.1087735,-40.72224,-33.72172,-0.646594
59.577104568,-66.5134600000001,8.84583300000003,-13.51802,1.448019,-1.708405,0.09849583,-37.35332,-38.15261,-3.179912
59.589428425,-49.74216,3.311501,11.67752,1.416419,-2.642773,-0.4935626,-37.35332,-38.15261,-3.179912
59.599287033,27.21946,-2.460865,25.22548,1.122547,-2.035536,-0.5935069,-37.35332,-38.15261,-3.179912
59.609146118,104.9886,1.288198,12.10664,1.067069,-0.5785528,-0.1869975,-37.35332,-38.15261,-3.179912
59.619004726,104.8022,0.931143899999998,-9.41071600000002,0.9468854,0.2701665,-0.1455364,-34.73993,-39.3042,-4.398383
59.628864288,34.7976,-4.662696,-17.74792,1.092229,0.857236,0.08688319,-34.73993,-39.3042,-4.398383
59.638723373,-67.4451899999998,-4.781713,-14.31496,1.338889,0.866421,0.1371155,-34.73993,-39.3042,-4.398383
59.648581982,-130.3065,-2.341848,-4.077355,1.151862,0.4088223,0.01132741,-34.73993,-39.3042,-4.398383
59.658441543,-130.555,-1.151669,1.256006,0.9512002,0.09674698,0.05420237,-34.73993,-39.3042,-4.398383
59.668300152,-90.1796200000001,-1.032651,3.646823,0.9202952,-0.06705403,0.04751007,-34.73993,-39.3042,-4.398383
59.678159237,-36.38724,-0.02099909,8.85757700000001,0.894875,-0.05959785,0.01966253,-35.48538,-39.66372,-4.39075
59.688017845,9.51642200000001,2.24034,7.81542599999998,0.8869342,0.09110995,0.0004420094,-35.48538,-39.66372,-4.39075
59.69787693,36.90954,4.680207,0.704278799999998,0.8939444,0.1894329,-0.008891307,-35.48538,-39.66372,-4.39075
59.707736492,46.59963,5.75136799999999,-5.364718,0.889107,0.1425354,-0.04611651,-35.48538,-39.66372,-4.39075
59.7175951,50.82351,5.334805,-7.387717,0.9097455,0.03462779,-0.06265571,-35.48538,-39.66372,-4.39075
59.727454185,54.36412,4.561189,-7.387717,0.9158837,-0.04943666,-0.04524307,-35.4986,-38.94524,-5.678567
59.737312794,52.81122,3.9661,-5.058203,0.9295639,-0.07994332,-0.03754912,-35.4986,-38.94524,-5.678567
59.747171879,44.67403,3.549537,-3.586931,0.9827225,-0.05950029,-0.03190463,-35.4986,-38.94524,-5.678567
59.759496212,22.49865,3.430519,-1.31872,1.057321,-0.01461447,-0.04696503,-35.4986,-38.94524,-5.678567
59.76935482,1.689817,4.323153,0.581672800000002,1.076358,-0.0002986925,-0.03753154,-35.11165,-39.66803,-4.392681
59.779213905,-15.70264,5.453823,1.072097,1.074928,0.003116723,-0.03173195,-35.11165,-39.66803,-4.392681
59.78907299,-25.45484,6.52498400000002,-0.0926601400000001,1.060621,-0.01839029,-0.02356315,-35.11165,-39.66803,-4.392681
59.798931599,-27.06985,7.29859999999999,-1.012205,1.052102,-0.02815107,-0.01106492,-35.11165,-39.66803,-4.392681
59.808791161,-24.77156,7.29859999999999,-0.3991751,1.031296,-0.01753117,0.01519801,-35.11165,-39.66803,-4.392681
59.818649769,-20.73403,6.46547499999998,1.072097,1.017828,0.003406718,0.05054823,-34.74114,-39.67858,-4.84271
59.828508854,-16.26168,5.037261,2.236854,0.9990816,0.03493201,0.06689505,-34.74114,-39.67858,-4.84271
59.838368416,-11.6651,3.311501,3.033792,1.003039,0.03888507,0.07358079,-34.74114,-39.67858,-4.84271
59.848227024,-6.57159900000001,1.764269,3.156399,0.9987818,0.02228781,0.06966782,-34.74114,-39.67858,-4.84271
59.858086109,-0.4842399,0.2765456,2.911187,0.988075,-0.003179517,0.0513959,-34.74114,-39.67858,-4.84271
59.867944717,5.78946700000003,-0.4970706,2.236854,0.9875767,-0.03540939,0.02237903,-34.74436,-39.68482,-5.290805
59.877803802,8.89526400000001,-0.973142000000002,1.807733,0.9996865,-0.04851738,0.001969434,-34.74436,-39.68482,-5.290805
59.887663364,8.89526400000001,-1.09216,1.562521,0.9905524,-0.04331863,-0.01750368,-34.74436,-39.68482,-5.290805
59.897521973,4.919845,-0.735106300000001,1.562521,1.002867,-0.04123313,-0.009515211,-34.74436,-39.68482,-5.290805
59.907381058,-1.912906,-0.794615199999997,1.1334,1.005163,-0.05004244,-0.02831105,-34.74436,-39.68482,-5.290805
59.917239666,-10.23644,-0.616088399999998,1.378612,1.012372,-0.0733138,-0.02238061,-34.74436,-39.68482,-5.290805
59.927098751,-17.37977,0.1575277,1.991642,1.022715,-0.1116377,-0.01518425,-35.11885,-40.054,-5.669187
59.939423084,-22.41116,1.228689,3.830732,1.036153,-0.1425665,0.01023998,-35.11885,-40.054,-5.669187
59.949281692,-26.82139,1.883287,6.71197299999998,1.045294,-0.283926,0.05396145,-35.11885,-40.054,-5.669187
59.959140778,-31.1695,2.418867,14.06833,1.064622,-0.6098515,0.03655938,-35.11885,-40.054,-5.669187
59.968999863,-19.55383,2.656903,23.38639,1.039016,-0.822804,0.01643836,-35.4966,-39.31339,-5.674796
59.978858471,4.733497,2.002305,29.94581,1.026481,-0.8617871,0.03162241,-35.4966,-39.31339,-5.674796
59.988718033,25.91502,0.633599200000002,35.46308,1.066661,-0.8605718,0.001349643,-35.4966,-39.31339,-5.674796
59.998576641,40.69862,0.03850985,39.69299,1.078506,-0.7778449,-0.02591459,-35.4966,-39.31339,-5.674796
60.008435726,45.85424,-0.675597399999998,44.29071,1.102209,-0.7264448,-0.000421064,-35.4966,-39.31339,-5.674796
60.018294334,44.67403,-1.568231,48.58192,1.114465,-0.6701003,-0.05666576,-35.49986,-38.2036,-5.302024
60.028153896,42.49998,-1.865776,53.73137,1.144896,-0.6805438,-0.05862521,-35.49986,-38.2036,-5.302024
60.038012981,38.02763,-1.270687,60.3521,1.188905,-0.7029704,-0.04410734,-35.49986,-38.2036,-5.302024
60.04787159,32.4372,1.050162,67.1567200000002,1.204275,-0.7631826,-0.04627215,-35.49986,-38.2036,-5.302024
60.057730675,30.5116,2.83543,74.3291800000001,1.206622,-0.7982064,-0.04851797,-35.49986,-38.2036,-5.302024
60.067590237,30.07679,3.490028,80.9499000000001,1.195006,-0.7564226,-0.03841579,-36.99402,-37.13078,-4.40879
60.077448845,28.33754,4.085118,86.8349800000002,1.204912,-0.6784548,-0.0326278,-36.99402,-37.13078,-4.40879
60.08730793,23.18192,4.442171,92.2296500000001,1.217685,-0.6073162,-0.03795987,-36.99402,-37.13078,-4.40879
60.097166538,16.10071,4.263645,96.4595599999999,1.199332,-0.5919254,-0.04283959,-36.99402,-37.13078,-4.40879
60.109490395,11.13144,2.537885,101.1799,1.189046,-0.6791424,-0.04870024,-36.99402,-37.13078,-4.40879
60.119349957,15.79013,1.526233,106.4519,1.221177,-0.7256353,-0.06536414,-39.24171,-34.51092,-3.207331
60.129208565,25.48021,0.574090199999997,111.3562,1.249089,-0.728798,-0.06626785,-39.24171,-34.51092,-3.207331
60.13906765,37.34436,-0.02099909,115.3409,1.258726,-0.7126418,-0.06291445,-39.24171,-34.51092,-3.207331
60.148926258,47.96618,-0.3780527,119.2643,1.283503,-0.6588998,-0.06425164,-39.24171,-34.51092,-3.207331
60.158785343,54.86104,-0.2590348,122.8198,1.310284,-0.6337975,-0.0514831,-39.24171,-34.51092,-3.207331
60.168644905,62.31495,0.2765456,124.9655,1.330238,-0.6506017,-0.03801254,-43.36761,-30.02785,-1.951056
60.178503513,71.8808100000003,1.883287,127.7854,1.369113,-0.6619117,-0.03147405,-43.36761,-30.02785,-1.951056
60.188362598,82.99955,4.323153,130.7279,1.383518,-0.6359828,-0.02858534,-43.36761,-30.02785,-1.951056
60.198221207,92.3169399999998,6.70351100000002,132.4444,1.391757,-0.6129848,-0.01413269,-43.36761,-30.02785,-1.951056
60.208080769,99.2118100000003,9.08386799999999,133.7931,1.389579,-0.5871891,-0.007654352,-43.36761,-30.02785,-1.951056
60.217939854,103.7463,11.76177,134.8965,1.397683,-0.5875289,0.01235365,-45.57259,-24.84237,-1.544479
60.227798462,106.9763,15.03476,136.5517,1.413039,-0.5795285,0.03328708,-45.57259,-24.84237,-1.544479
60.237657547,109.3988,17.9507,138.0843,1.397671,-0.5523801,0.04236082,-45.57259,-24.84237,-1.544479
60.247516155,109.7715,21.46173,138.2069,1.380525,-0.544727,0.04746178,-45.57259,-24.84237,-1.544479
60.257375717,111.1381,24.49668,138.5747,1.350172,-0.5298672,0.05904137,-45.57259,-24.84237,-1.544479
60.267234802,109.523,25.62735,138.0843,1.32622,-0.4828516,0.06600913,-49.71544,-17.84986,-0.7620659
60.279558182,106.293,28.24574,137.6552,1.302722,-0.5009934,0.0848797,-49.71544,-17.84986,-0.7620659
60.289417267,104.9886,28.42427,136.4904,1.272467,-0.4904999,0.09977546,-49.71544,-17.84986,-0.7620659
60.299276829,106.6657,29.9715,135.387,1.259171,-0.4642778,0.116479,-49.71544,-17.84986,-0.7620659
60.309135437,107.6596,32.64941,133.9157,1.258865,-0.4808294,0.1153853,-49.71544,-17.84986,-0.7620659
60.318994522,111.0138,37.46963,132.1992,1.236308,-0.5023911,0.1284632,-53.11519,-10.06833,0.00831604
60.32885313,115.7968,41.51624,130.8505,1.212893,-0.5094154,0.1273001,-53.11519,-10.06833,0.00831604
60.338712216,121.263,45.97941,129.1341,1.185214,-0.4770278,0.1351559,-53.11519,-10.06833,0.00831604
60.348571777,125.3626,49.96651,126.8659,1.131954,-0.4400243,0.1367065,-53.11519,-10.06833,0.00831604
60.358430386,126.4186,52.22784,124.5363,1.085516,-0.3936914,0.1444681,-53.11519,-10.06833,0.00831604
60.368289471,123.9339,54.90575,122.6359,1.069142,-0.376324,0.1429313,-54.28745,-1.287432,-0.5238523
60.378148079,119.0889,56.09592,120.4903,1.020759,-0.3485578,0.1352296,-54.28745,-1.287432,-0.5238523
60.388007641,113.4363,56.572,117.3639,0.9804911,-0.3144281,0.1183612,-54.28745,-1.287432,-0.5238523
60.397866726,106.1067,56.33396,113.747,0.9383403,-0.2705301,0.1154988,-54.28745,-1.287432,-0.5238523
60.407725334,95.0500399999999,55.32231,110.1914,0.906109,-0.2222481,0.09048887,-54.28745,-1.287432,-0.5238523
60.417584419,83.74494,53.77508,106.5133,0.8658324,-0.2065384,0.09263308,-53.59295,7.902281,-1.006064
60.427443028,74.8623700000001,51.87079,102.8964,0.8200248,-0.1875015,0.08673783,-53.59295,7.902281,-1.006064
60.43730259,68.0296199999997,50.50209,98.7277699999999,0.7947408,-0.1629186,0.08395125,-53.59295,7.902281,-1.006064
60.447161675,63.2466899999999,49.60945,94.3139500000002,0.7645262,-0.1344842,0.08174666,-53.59295,7.902281,-1.006064
60.459485054,60.9483999999999,48.12173,87.87714,0.7099273,-0.1116155,0.08032183,-53.59295,7.902281,-1.006064
60.469344139,59.8924300000001,46.45548,82.4824799999999,0.666799,-0.0716318,0.07408597,-51.75407,13.34155,-1.071653
60.479203701,58.77435,43.71807,76.6586899999999,0.6259987,-0.05300695,0.07626225,-51.75407,13.34155,-1.071653
60.489062309,58.5258800000001,40.68311,71.0188099999998,0.5924672,-0.04458952,0.06435201,-51.75407,13.34155,-1.071653
60.498921394,57.7804900000001,37.9457,65.1950300000001,0.5668857,-0.0355795,0.06191745,-51.75407,13.34155,-1.071653
60.508780003,56.22759,35.32731,59.3099400000003,0.5353518,-0.03445652,0.04656278,-51.75407,13.34155,-1.071653
60.518639088,54.73681,32.5899,53.60876,0.502217,-0.01824953,0.03471262,-49.52902,17.00248,-0.736867
60.52849865,52.7491,29.43592,47.84628,0.467636,0.003321045,0.02915794,-49.52902,17.00248,-0.736867
60.538357258,48.77369,26.46048,42.14511,0.4480065,0.04547064,0.02595983,-49.52902,17.00248,-0.736867
60.548216343,42.68633,23.78257,36.62783,0.4337381,0.07936232,0.01399003,-49.52902,17.00248,-0.736867
60.558074951,36.28838,20.68811,30.55884,0.4186518,0.09425028,-0.002920491,-49.52902,17.00248,-0.736867
60.567934513,30.1389,17.17708,24.18333,0.4093458,0.1194173,-0.01743064,-47.67836,18.06218,-2.422195
60.577793598,24.23789,13.42802,17.62391,0.3917361,0.1386555,-0.03618528,-47.67836,18.06218,-2.422195
60.587652206,19.02016,8.96485000000002,11.00318,0.3797953,0.1336122,-0.05522564,-47.67836,18.06218,-2.422195
60.597511291,13.80242,3.668555,4.750277,0.3776031,0.1325512,-0.07341293,-47.67836,18.06218,-2.422195
60.6073699,8.46045199999998,-2.22283,-1.563932,0.3613769,0.1270141,-0.08424997,-47.67836,18.06218,-2.422195
60.617229462,3.242715,-8.35224999999998,-8.30726199999999,0.3623812,0.1270302,-0.08234735,-46.93893,19.52614,-2.441142
60.629553318,-4.832354,-17.51663,-16.58317,0.3823027,0.1185163,-0.06401437,-46.93893,19.52614,-2.441142
60.639411926,-10.60913,-24.6577,-23.14259,0.3957758,0.1191971,-0.04407427,-46.93893,19.52614,-2.441142
60.649271011,-16.63438,-31.14417,-29.33419,0.417674,0.1111945,-0.02384833,-46.93893,19.52614,-2.441142
60.659130573,-21.79,-36.79752,-35.6484,0.4523079,0.0945213,-0.01010668,-46.93893,19.52614,-2.441142
60.668989181,-26.32446,-41.20118,-42.14651,0.494729,0.08278829,0.005003278,-47.68117,19.17285,-1.985411
60.678848267,-30.79681,-44.59319,-48.46072,0.5283095,0.07243196,0.01881326,-47.68117,19.17285,-1.985411
60.688706875,-35.4555,-47.86618,-54.83624,0.5517355,0.043954,0.02542703,-47.68117,19.17285,-1.985411
60.69856596,-40.36266,-50.66311,-60.66002,0.5795618,0.02772008,0.04262381,-47.68117,19.17285,-1.985411
60.708425522,-46.26367,-53.57904,-66.1772900000001,0.6081627,0.02754815,0.05898671,-47.68117,19.17285,-1.985411
60.71828413,-53.46911,-56.43547,-71.32674,0.6450014,0.01961586,0.06270753,-48.41666,19.20465,-0.3171883
60.728143215,-61.6684199999999,-58.9943500000002,-76.9666200000001,0.6819989,0.000499696,0.06824848,-48.41666,19.20465,-0.3171883
60.738001823,-68.4390500000003,-61.6127500000002,-82.5451999999998,0.7304168,-0.03018606,0.07592503,-48.41666,19.20465,-0.3171883
60.747861385,-73.09774,-64.4096700000002,-88.3076800000002,0.7747819,-0.05020524,0.08279096,-48.41666,19.20465,-0.3171883
60.75772047,-77.8806699999999,-66.8495299999997,-94.0701600000001,0.8175302,-0.04830975,0.09801127,-48.41666,19.20465,-0.3171883
60.767579079,-82.5393600000002,-68.81333,-100.1392,0.8652984,-0.03475215,0.09696566,-50.6518,18.50049,0.1500387
60.777438164,-88.7509499999999,-70.5985899999998,-106.4534,0.9210231,-0.05903483,0.1079465,-50.6518,18.50049,0.1500387
60.787296772,-94.6519599999999,-71.9077899999998,-111.848,0.973236,-0.1198546,0.116273,-50.6518,18.50049,0.1500387
60.797156334,-96.3290899999998,-71.7292600000001,-116.5684,1.032705,-0.1820974,0.1172962,-50.6518,18.50049,0.1500387
60.80948019,-92.1673300000003,-71.3127100000003,-122.8826,1.092569,-0.2539919,0.1388378,-50.6518,18.50049,0.1500387
60.819338798,-86.7632399999997,-69.9439999999998,-127.7868,1.122056,-0.250764,0.1513832,-52.88133,15.57497,-0.2563028
60.829197884,-81.1728100000001,-68.33726,-132.691,1.166592,-0.2401115,0.1618599,-52.88133,15.57497,-0.2563028
60.839057445,-79.1850999999999,-66.3734600000003,-137.1049,1.227093,-0.2108139,0.1756209,-52.88133,15.57497,-0.2563028
60.848916054,-80.8622299999998,-64.52869,-141.58,1.271516,-0.2093346,0.205669,-52.88133,15.57497,-0.2563028
60.858775139,-81.8560899999997,-62.20784,-145.2581,1.309267,-0.204583,0.2157134,-52.88133,15.57497,-0.2563028
60.868633747,-82.0424299999999,-60.1250199999999,-148.7524,1.350886,-0.2081098,0.2150905,-55.45364,8.683321,0.6604118
60.878492832,-80.1789599999998,-57.2686,-153.1049,1.386018,-0.25407,0.2036595,-55.45364,8.683321,0.6604118
60.888352394,-77.2595099999998,-54.41217,-157.6414,1.38882,-0.2851932,0.2023985,-55.45364,8.683321,0.6604118
60.898211002,-76.0171900000001,-52.32935,-159.8483,1.396783,-0.2885025,0.209445,-55.45364,8.683321,0.6604118
60.908070087,-78.25336,-49.77047,-160.5226,1.434106,-0.2734852,0.2329998,-55.45364,8.683321,0.6604118
60.917928696,-87.26017,-47.62815,-161.1356,1.467911,-0.2912361,0.2208674,-55.39542,-1.99296,0.7697592
60.927788258,-95.7079300000002,-43.40301,-162.3617,1.481003,-0.3787628,0.2070038,-55.39542,-1.99296,0.7697592
60.937647343,-99.9939299999998,-39.47542,-161.5034,1.48205,-0.4366984,0.1969159,-55.39542,-1.99296,0.7697592
60.947505951,-99.9939299999998,-35.42882,-158.4383,1.510179,-0.4389578,0.1768488,-55.39542,-1.99296,0.7697592
60.957365036,-98.8758500000003,-32.57239,-157.8866,1.538209,-0.3906049,0.1581686,-55.39542,-1.99296,0.7697592
60.967223644,-100.2424,-28.88283,-158.377,1.555541,-0.344282,0.1424989,-53.0719,-15.193,2.17356
60.979547501,-109.4356,-22.99145,-159.0513,1.537127,-0.3264676,0.1352445,-53.0719,-15.193,2.17356
60.989407063,-117.697,-20.25404,-157.764,1.512823,-0.3355632,0.1029286,-53.0719,-15.193,2.17356
60.999265671,-126.269,-17.51663,-156.2927,1.489546,-0.3811181,0.07795748,-53.0719,-15.193,2.17356
61.009124756,-138.071,-14.30314,-153.2888,1.467912,-0.4305157,0.06251455,-53.0719,-15.193,2.17356
61.018984318,-152.2334,-12.99395,-149.6107,1.428746,-0.5342399,0.005172653,-48.17159,-22.91885,2.227004
61.028842926,-161.7993,-11.38721,-145.0129,1.389608,-0.7226374,-0.05288422,-48.17159,-22.91885,2.227004
61.038702011,-158.5692,-8.768812,-137.7792,1.358651,-0.8568066,-0.07322249,-48.17159,-22.91885,2.227004
61.048560619,-150.1215,-5.85287400000002,-129.7485,1.339355,-0.9168192,-0.07009955,-48.17159,-22.91885,2.227004
61.058419704,-140.4314,-2.044303,-123.0052,1.319236,-0.9559374,-0.07301813,-48.17159,-22.91885,2.227004
61.068279266,-129.6232,1.70476,-116.9975,1.279207,-1.022532,-0.08930241,-42.98669,-29.6462,-0.6764812
61.078137875,-112.1687,3.728064,-110.5607,1.235304,-1.135885,-0.1078429,-42.98669,-29.6462,-0.6764812
61.08799696,-86.4526700000002,4.680207,-102.8978,1.203102,-1.209246,-0.1300462,-42.98669,-29.6462,-0.6764812
61.097855568,-55.82952,4.739716,-94.6218900000001,1.190477,-1.243372,-0.1172159,-42.98669,-29.6462,-0.6764812
61.10771513,-26.076,4.858734,-87.20422,1.174071,-1.178303,-0.1149954,-42.98669,-29.6462,-0.6764812
61.117574215,-0.422124,4.144627,-80.1543799999999,1.163342,-1.073473,-0.1637945,-38.86593,-35.9994,-4.026361
61.127432823,31.13276,8.84583300000003,-76.9053200000003,1.143346,-0.5189471,-0.1736848,-38.86593,-35.9994,-4.026361
61.137291908,-19.11901,1.347706,-61.8860799999999,1.532071,-1.944918,0.6727372,-38.86593,-35.9994,-4.026361
61.147150517,-131.7973,11.16668,47.60107,2.352614,-5.425714,0.02116655,-38.86593,-35.9994,-4.026361
61.159474373,77.5954699999998,0.812126000000002,25.89981,0.6365379,-2.403014,-0.8954107,-38.86593,-35.9994,-4.026361
61.169333935,218.5986,-14.06511,11.73882,0.6881548,-0.7473301,-0.568777,-35.49062,-39.30181,-4.842618
61.179192543,168.5953,-21.86078,-11.92414,0.5993208,0.6490933,-0.4014237,-35.49062,-39.30181,-4.842618
61.189051628,4.857729,-30.19203,-13.1502,1.354766,1.382251,0.1048234,-35.49062,-39.30181,-4.842618
61.19891119,-180.3098,-12.6964,-15.2958,1.856276,1.570374,0.165872,-35.49062,-39.30181,-4.842618
61.208769798,-297.5847,2.061814,-3.096507,1.465831,0.8083493,-0.07651076,-35.49062,-39.30181,-4.842618
61.218628883,-297.6468,2.894938,1.74643,1.148436,0.01747385,-0.01013608,-34.35345,-40.02788,-3.176511
61.228487492,-198.5098,3.013956,8.42845599999999,1.042633,-0.5118233,0.0170945,-34.35345,-40.02788,-3.176511
61.238346577,-72.2281200000002,2.716412,15.66221,0.8290804,-0.5805401,-0.02548652,-34.35345,-40.02788,-3.176511
61.248206139,30.82218,-3.88908,16.21394,0.7452682,-0.3138836,-0.08912949,-34.35345,-40.02788,-3.176511
61.258064747,93.9319500000001,-3.413008,11.86142,0.8966985,-0.1875339,-0.1026806,-34.35345,-40.02788,-3.176511
61.267923832,120.0828,3.073465,8.85757700000001,0.9206795,-0.1544722,-0.03709307,-34.01883,-40.10793,-8.619617
61.27778244,128.779,8.19123500000002,1.562521,0.888046,0.1282619,0.04290925,-34.01883,-40.10793,-8.619617
61.287642002,122.0083,6.10842100000003,-12.23065,0.8468777,0.3948837,0.1286476,-34.01883,-40.10793,-8.619617
61.297501087,94.55312,3.9661,-18.60616,0.8914974,0.3842134,0.162424,-34.01883,-40.10793,-8.619617
61.307359696,46.84809,5.572841,-11.80153,1.01687,0.2752936,0.1477379,-34.01883,-40.10793,-8.619617
61.317218781,0.1990352,6.16793099999998,-5.303415,1.013975,0.2178863,0.02845324,-34.75114,-38.95387,-5.682429
61.329542637,-41.04593,2.121322,-0.3378721,0.9617028,0.09308032,-0.03990135,-34.75114,-38.95387,-5.682429
61.339401245,-59.6185900000002,0.2170367,3.401611,0.9988638,-0.0155526,-0.0293678,-34.75114,-38.95387,-5.682429
61.349260807,-62.3516899999998,0.5145813,3.401611,1.062135,-0.09425693,-0.01512021,-34.75114,-38.95387,-5.682429
61.359119415,-51.91621,0.3360545,1.010794,1.084913,-0.1280198,0.01110537,-34.75114,-38.95387,-5.682429
61.3689785,-37.19474,-0.794615199999997,-3.035204,1.056298,-0.1288284,-0.007182389,-34.36742,-39.6829,-4.844642
61.378838062,-26.20023,-2.817919,-2.973901,1.068003,-0.1367642,0.05487974,-34.36742,-39.6829,-4.844642
61.388696671,-19.36748,-3.829571,-0.03135715,1.063024,-0.1726908,0.08867067,-34.36742,-39.6829,-4.844642
61.398555756,-11.41664,-5.198276,2.665975,1.040843,-0.1612159,0.08668764,-34.36742,-39.6829,-4.844642
61.408414841,-2.099254,-5.019749,4.566368,1.050492,-0.2185082,0.0980466,-34.36742,-39.6829,-4.844642
61.418273449,6.90755399999998,-2.877428,7.50891199999997,1.088557,-0.3242242,0.1057167,-34.37737,-40.07421,-6.505229
61.428133011,14.67204,2.83543,11.86142,1.114301,-0.4489804,0.1258609,-34.37737,-40.07421,-6.505229
61.437991619,23.24404,9.26239499999999,16.70436,1.096854,-0.6355399,0.1173471,-34.37737,-40.07421,-6.505229
61.447850704,40.07746,12.6544,21.42469,1.064618,-0.7445507,0.06129942,-34.37737,-40.07421,-6.505229
61.457710266,58.8985799999999,15.15378,24.67375,1.051306,-0.6950334,0.06142786,-34.37737,-40.07421,-6.505229
61.467568874,67.47057,17.89119,28.78105,1.089053,-0.6409723,0.1145373,-34.00887,-39.71661,-6.959029
61.47742796,64.3026699999999,19.20039,34.35962,1.101649,-0.6125776,0.1304109,-34.00887,-39.71661,-6.959029
61.487286568,53.80507,18.54579,40.61253,1.103516,-0.6495557,0.1271971,-34.00887,-39.71661,-6.959029
61.497145653,43.68018,17.11757,47.29456,1.100782,-0.689559,0.1067721,-34.00887,-39.71661,-6.959029
61.509469509,35.35665,13.90409,55.38655,1.105923,-0.7358263,0.08426514,-34.00887,-39.71661,-6.959029
61.519328117,33.86586,12.29735,61.4555499999999,1.136585,-0.714116,0.09167854,-34.74516,-38.94229,-4.850251
61.529187679,30.63583,11.76177,66.6663000000002,1.160503,-0.6549783,0.1038167,-34.74516,-38.94229,-4.850251
61.539046764,24.73482,13.60655,71.5705399999999,1.184762,-0.6460307,0.09683768,-34.74516,-38.94229,-4.850251
61.548905373,20.07613,15.62985,75.4939299999998,1.175231,-0.7046324,0.06389341,-34.74516,-38.94229,-4.850251
61.558764934,23.80308,17.05807,80.8272900000001,1.173001,-0.7656211,0.02603292,-34.74516,-38.94229,-4.850251
61.568623543,34.85972,17.2961,86.2219499999997,1.167864,-0.7862397,-0.01000783,-37.7355,-37.11056,-3.572747
61.578482628,47.84195,18.84333,92.0457400000003,1.18829,-0.7598629,-0.03164032,-37.7355,-37.11056,-3.572747
61.588341713,57.8426100000002,21.10467,98.3599500000002,1.217584,-0.6992145,-0.01860761,-37.7355,-37.11056,-3.572747
61.598200321,62.0664900000003,22.47338,104.0611,1.237212,-0.6474068,-0.004553359,-37.7355,-37.11056,-3.572747
61.608059883,62.9361100000001,23.00896,108.5362,1.242199,-0.6362425,-0.02369819,-37.7355,-37.11056,-3.572747
61.617918491,65.2344000000001,22.65191,113.5631,1.260203,-0.6409917,-0.03501646,-39.24572,-33.77462,-3.214872
61.627777576,69.0234800000003,21.10467,118.2834,1.275206,-0.6340684,-0.04092225,-39.24572,-33.77462,-3.214872
61.637637138,73.1852399999997,19.91449,122.2681,1.28704,-0.6140557,-0.05242281,-39.24572,-33.77462,-3.214872
61.647495747,76.9743100000002,19.20039,124.9655,1.300392,-0.6037802,-0.06881917,-39.24572,-33.77462,-3.214872
61.657354832,80.5770300000002,18.12922,127.0498,1.312791,-0.5978998,-0.08715583,-39.24572,-33.77462,-3.214872
61.66721344,84.9872600000002,16.70101,129.0115,1.323931,-0.5665855,-0.06788236,-42.99188,-30.40031,-1.949216
61.679537296,86.10535,14.38016,130.8505,1.321846,-0.5436928,-0.05711706,-42.99188,-30.40031,-1.949216
61.689396381,85.7947700000003,14.26115,132.8736,1.347305,-0.5175856,-0.0328204,-42.99188,-30.40031,-1.949216
61.69925499,83.0616700000001,14.02311,135.0805,1.353447,-0.4702331,-0.007110752,-42.99188,-30.40031,-1.949216
61.709114551,78.0302799999999,15.15378,135.9387,1.355974,-0.4462653,0.01989068,-42.99188,-30.40031,-1.949216
61.718973637,72.93678,16.04641,136.1226,1.35658,-0.446716,0.02802463,-45.94436,-24.09017,-0.7179098
61.728832245,70.3279,17.71266,136.3678,1.348705,-0.4316638,0.03784788,-45.94436,-24.09017,-0.7179098
61.738691807,67.71904,18.96235,136.4904,1.336865,-0.4384962,0.06048135,-45.94436,-24.09017,-0.7179098
61.748550415,68.0917399999998,20.98565,135.9387,1.315937,-0.4863628,0.06229245,-45.94436,-24.09017,-0.7179098
61.7584095,72.8125500000002,22.53289,135.8774,1.291206,-0.4840808,0.08039457,-45.94436,-24.09017,-0.7179098
61.768268585,76.4773799999999,23.00896,135.7548,1.255247,-0.4371096,0.1038259,-49.34373,-17.48603,-0.7677679
61.778127193,77.4712399999999,23.48503,134.7126,1.24042,-0.4192187,0.108501,-49.34373,-17.48603,-0.7677679
61.787986755,79.9558700000001,24.6157,133.6092,1.222736,-0.4179306,0.1044511,-49.34373,-17.48603,-0.7677679
61.797845364,84.8009099999997,25.74637,132.3831,1.204075,-0.4166512,0.1004151,-49.34373,-17.48603,-0.7677679
61.807704449,90.70193,27.11507,130.7279,1.167144,-0.4053277,0.09289059,-49.34373,-17.48603,-0.7677679
61.817564011,97.90737,28.95985,127.9693,1.132067,-0.3754636,0.09412175,-52.75267,-9.722317,-1.277662
61.827422619,103.4978,30.50708,124.6589,1.102683,-0.3455979,0.08233342,-52.75267,-9.722317,-1.277662
61.837281704,107.0384,31.2807,121.4099,1.075506,-0.3088083,0.09501122,-52.75267,-9.722317,-1.277662
61.847140789,108.7155,32.94695,118.7125,1.051039,-0.2661985,0.09619873,-52.75267,-9.722317,-1.277662
61.859464169,106.5415,35.38682,115.3409,1.011238,-0.1988713,0.1069182,-53.54597,-1.307647,-1.359895
61.869323254,102.5661,36.39847,111.111,0.9626108,-0.1560397,0.09455512,-53.54597,-1.307647,-1.359895
61.879181862,96.9756300000001,37.41012,106.7585,0.9157753,-0.1179847,0.1017734,-53.54597,-1.307647,-1.359895
61.889041424,88.9005700000003,37.58865,103.0803,0.8708721,-0.0828488,0.1046267,-53.54597,-1.307647,-1.359895
61.898900509,79.0862500000003,37.35061,99.2795,0.8314797,-0.0735043,0.09424543,-53.54597,-1.307647,-1.359895
61.908759117,72.3156100000002,37.11258,95.11089,0.7995601,-0.07723841,0.08220966,-53.21716,6.413791,-1.825092
61.918618679,67.9053899999999,35.86289,90.2679500000003,0.7655923,-0.06392793,0.07849333,-53.21716,6.413791,-1.825092
61.928477764,64.0541999999999,34.37516,84.9959000000001,0.7269021,-0.03024219,0.06926585,-53.21716,6.413791,-1.825092
61.938336372,60.1409000000001,32.76842,79.4173199999998,0.6814982,-0.002925511,0.06439311,-53.21716,6.413791,-1.825092
61.948195457,57.4699099999997,30.6261,73.2257199999999,0.6556687,0.01870769,0.05488063,-53.21716,6.413791,-1.825092
61.958054066,55.42009,28.12673,66.7889100000002,0.6401361,0.04043872,0.04713901,-53.21716,6.413791,-1.825092
61.967913628,54.42623,25.74637,59.9842799999998,0.6085367,0.06741905,0.04973388,-51.75123,11.11485,-2.329306
61.977772713,53.18391,22.94945,52.81183,0.5888215,0.08331509,0.05302422,-51.75123,11.11485,-2.329306
61.987631321,52.50064,20.6286,45.88459,0.5605262,0.1000387,0.03775505,-51.75123,11.11485,-2.329306
61.997490883,52.56276,17.59365,38.46693,0.5388753,0.1037178,0.03186508,-51.75123,11.11485,-2.329306
62.007349491,53.43238,14.14213,30.80405,0.513131,0.1170755,0.02132315,-51.75123,11.11485,-2.329306
62.017208576,53.37026,10.6311,23.20248,0.4913828,0.1295148,0.0159877,-49.91065,15.13131,-3.21262
62.029532433,51.38255,6.22743899999999,14.00703,0.4745867,0.1351795,0.009086903,-49.91065,15.13131,-3.21262
62.039391041,48.71157,2.597394,6.89588200000002,0.4525109,0.1208083,-0.007970928,-49.91065,15.13131,-3.21262
62.049250603,46.53751,-2.044303,-0.2765691,0.4422702,0.1104737,-0.01462098,-49.91065,15.13131,-3.21262
62.059109688,42.62421,-7.28108899999998,-7.14250500000002,0.4312919,0.1210578,-0.02108398,-49.16801,16.60151,-2.783469
62.068968296,35.1703,-12.63689,-13.45671,0.43219,0.132761,-0.01668522,-49.16801,16.60151,-2.783469
62.078827381,24.73482,-18.82582,-19.3418,0.4503046,0.1451311,-0.004859016,-49.16801,16.60151,-2.783469
62.088685989,11.56625,-24.83623,-25.04298,0.473967,0.161014,0.02225215,-49.16801,16.60151,-2.783469
62.098545551,-4.273311,-29.89449,-30.68286,0.4988261,0.1699975,0.02341126,-49.16801,16.60151,-2.783469
62.108404636,-19.98864,-34.53618,-36.50664,0.5229793,0.1521976,0.02099999,-49.54697,16.96773,-3.233405
62.118263245,-33.84048,-38.28524,-41.96261,0.551322,0.114982,0.02171956,-49.54697,16.96773,-3.233405
62.12812233,-44.15173,-41.73676,-47.29597,0.5818733,0.05930294,0.02464783,-49.54697,16.96773,-3.233405
62.137981892,-48.99677,-45.12877,-52.81324,0.6078298,0.0181769,0.0263268,-49.54697,16.96773,-3.233405
62.1478405,-50.54966,-48.93734,-58.2079000000002,0.6347107,0.00194366,0.04593306,-49.54697,16.96773,-3.233405
62.157699585,-50.42543,-51.02016,-63.3573599999997,0.6762013,-0.01271371,0.06199001,-50.65292,15.89406,-1.936022
62.167558193,-48.99677,-52.68641,-69.1198299999999,0.7075507,-0.01095992,0.06634998,-50.65292,15.89406,-1.936022
62.177417755,-46.57425,-54.82873,-75.5566600000001,0.746262,-0.005228519,0.07590982,-50.65292,15.89406,-1.936022
62.18727684,-44.64865,-56.6735,-81.8095599999999,0.7877749,0.01611407,0.08939506,-50.65292,15.89406,-1.936022
62.197135449,-43.96538,-58.8158300000002,-88.3689800000001,0.8335847,0.03258321,0.09079795,-50.65292,15.89406,-1.936022
62.209459305,-45.02135,-61.4937299999999,-96.2770700000002,0.8759794,-0.001127524,0.08463802,-52.1358,13.70244,-1.905672
62.219318867,-43.96538,-63.7550699999999,-101.1813,0.9072372,-0.0251407,0.09549065,-52.1358,13.70244,-1.905672
62.229177475,-42.84729,-65.9569000000001,-106.5147,0.949468,-0.04229848,0.09186876,-52.1358,13.70244,-1.905672
62.23903656,-41.10804,-67.2065900000002,-111.6028,0.997596,-0.06232593,0.0876594,-52.1358,13.70244,-1.905672
62.248895168,-39.12033,-68.2182400000002,-116.8136,1.037421,-0.07070597,0.09468827,-52.1358,13.70244,-1.905672
62.258754253,-37.19474,-68.9323400000001,-121.9017,1.077451,-0.06842155,0.09030342,-53.59617,7.896044,-1.454161
62.268613815,-36.13877,-69.7654700000001,-127.1125,1.118696,-0.07289605,0.097345,-53.59617,7.896044,-1.454161
62.278472424,-38.06437,-70.6581000000003,-132.0167,1.152334,-0.1105769,0.09127639,-53.59617,7.896044,-1.454161
62.288331509,-40.36266,-73.1574799999999,-134.7753,1.166166,-0.1395755,0.1114401,-53.59617,7.896044,-1.454161
62.298190117,-43.84114,-75.59734,-136.124,1.19682,-0.1528846,0.1233501,-53.59617,7.896044,-1.454161
62.308049202,-48.31349,-77.1445800000002,-137.2275,1.251292,-0.1391726,0.1476078,-55.0377,-0.1681204,-0.08320427
62.317908764,-54.5872,-78.6323000000002,-139.6183,1.302862,-0.1300062,0.134491,-55.0377,-0.1681204,-0.08320427
62.327767372,-59.4322399999997,-78.21574,-142.4995,1.347826,-0.1680542,0.133529,-55.0377,-0.1681204,-0.08320427
62.337626457,-60.3018600000001,-78.03722,-144.9516,1.387621,-0.1827895,0.1328375,-55.0377,-0.1681204,-0.08320427
62.347486019,-59.0595399999999,-76.5494899999998,-146.3003,1.444913,-0.1842192,0.1353632,-55.0377,-0.1681204,-0.08320427
62.357344627,-60.4882100000001,-74.2881500000003,-148.875,1.45912,-0.2161757,0.1444751,-54.21521,-10.0144,2.958746
62.367203713,-64.2151599999999,-73.6930599999999,-152.0015,1.41712,-0.3217148,0.1288486,-54.21521,-10.0144,2.958746
62.379527569,-59.7428200000001,-74.1096300000003,-152.4306,1.379632,-0.5309059,0.1017407,-54.21521,-10.0144,2.958746
62.389386177,-48.31349,-76.0139099999998,-150.0398,1.387625,-0.6174231,0.1095222,-54.21521,-10.0144,2.958746
62.399245739,-37.56744,-78.0967299999999,-147.0972,1.385502,-0.619929,0.09515533,-54.21521,-10.0144,2.958746
62.409104347,-33.71625,-80.2985499999998,-143.6643,1.392109,-0.5759968,0.1160375,-49.6639,-17.75007,6.407482
62.418963432,-37.07051,-80.7151200000003,-138.76,1.435017,-0.5128098,0.125064,-49.6639,-17.75007,6.407482
62.428822517,-45.45616,-80.1795300000001,-133.0589,1.469902,-0.4540065,0.1518982,-49.6639,-17.75007,6.407482
62.438681126,-59.9912799999998,-77.8586899999998,-127.7868,1.483889,-0.3989033,0.1497679,-49.6639,-17.75007,6.407482
62.448540688,-76.14142,-73.09797,-122.6987,1.488019,-0.4111478,0.118937,-49.6639,-17.75007,6.407482
62.458399296,-88.5646100000003,-68.5157900000003,-118.2235,1.472508,-0.4994794,0.08774381,-45.49111,-25.8007,8.965097
62.468258381,-95.3352400000001,-62.5053799999998,-113.6871,1.442148,-0.5922493,0.07589281,-45.49111,-25.8007,8.965097
62.478117466,-97.07449,-57.5066300000002,-108.4764,1.402704,-0.655395,0.06969248,-45.49111,-25.8007,8.965097
62.487976074,-97.3229500000003,-52.15083,-102.4074,1.35632,-0.6976336,0.07526828,-45.49111,-25.8007,8.965097
62.497835636,-99.6833599999997,-46.97355,-95.051,1.312912,-0.7126288,0.07192681,-45.49111,-25.8007,8.965097
62.507694245,-105.5844,-43.284,-87.6333499999998,1.268977,-0.7315453,0.06233017,-40.65234,-32.47027,9.904373
62.51755333,-112.914,-39.53493,-80.3382900000003,1.230145,-0.7518227,0.06702527,-40.65234,-32.47027,9.904373
62.527412892,-120.8649,-36.44047,-72.9206200000001,1.189674,-0.752633,0.07622085,-40.65234,-32.47027,9.904373
62.5372715,-129.0021,-33.04846,-65.38036,1.161229,-0.757299,0.0670029,-40.65234,-32.47027,9.904373
62.547130585,-135.7106,-29.95399,-58.88223,1.139164,-0.7764142,0.08249043,-40.65234,-32.47027,9.904373
62.559454441,-139.2512,-22.75341,-50.36112,1.21567,-0.7095025,0.226683,-36.91257,-36.97308,6.921655
62.569313049,-165.7747,-8.82832099999998,-41.34958,1.468413,-1.542142,0.9152058,-36.91257,-36.97308,6.921655
62.579172611,-230.4995,40.32606,41.34817,2.530134,-4.401548,1.634515,-36.91257,-36.97308,6.921655
62.589031696,-129.0642,49.37141,45.88459,1.058273,-2.763549,-0.06346912,-36.91257,-36.97308,6.921655
62.598890304,51.38255,10.80963,21.79251,0.7394518,-1.61177,-0.6170561,-36.91257,-36.97308,6.921655
62.60874939,143.0656,-6.44796400000002,0.949490699999999,0.5899747,-0.2877836,-0.5476858,-34.30463,-41.04947,2.788084
62.618607998,98.5906399999999,-22.93194,-25.65601,0.7530884,0.7560398,-0.4041503,-34.30463,-41.04947,2.788084
62.62846756,-11.54087,-32.45337,-24.36865,1.401352,1.152357,0.1975799,-34.30463,-41.04947,2.788084
62.638326645,-121.3618,-18.23073,-8.920292,1.52083,0.9575855,0.1415214,-34.30463,-41.04947,2.788084
62.648185253,-162.1098,-7.876178,-8.858989,1.19809,0.6316079,0.009673521,-34.30463,-41.04947,2.788084
62.658044338,-135.1515,-4.42466,-4.935597,1.009085,0.1220159,-0.0916068,-34.6776,-40.67166,3.170329
62.667902946,-71.9175399999998,-2.75841,7.93803199999997,0.8670185,-0.1779052,-0.1898698,-34.6776,-40.67166,3.170329
62.677762508,-6.32313599999999,-3.770062,16.39785,0.7935905,-0.09681753,-0.1934102,-34.6776,-40.67166,3.170329
62.687621593,41.63035,-1.568231,12.65836,0.8845155,-0.009748979,-0.1580313,-34.6776,-40.67166,3.170329
62.697480202,70.0794400000003,6.40596599999999,6.58936699999999,0.9829358,-0.07169755,-0.1704993,-34.6776,-40.67166,3.170329
62.707339764,85.2357300000002,14.43967,-0.2765691,0.9961913,-0.1120899,-0.2026562,-34.68877,-41.43736,1.065413
62.717198372,90.0186499999998,17.11757,-5.85514200000001,0.9824334,-0.09367585,-0.1908039,-34.68877,-41.43736,1.065413
62.729522228,76.7879599999997,16.58199,-6.713384,0.9620548,-0.1052572,-0.1168145,-34.68877,-41.43736,1.065413
62.739381313,55.66855,15.86789,-3.893446,0.9737964,-0.06303024,-0.04378719,-34.68877,-41.43736,1.065413
62.749239922,28.08908,14.79673,-2.728689,1.010655,0.04106494,-0.01180686,-34.68877,-41.43736,1.065413
62.759099483,-3.030993,14.20164,-1.686538,1.045041,0.1611072,-0.003616666,-33.9309,-41.05378,2.786153
62.768958569,-35.70396,13.9636,0.765581799999999,1.045572,0.1850466,0.02053777,-33.9309,-41.05378,2.786153
62.778817177,-58.8110800000002,13.48753,2.35946,1.024534,0.1459365,0.02194514,-33.9309,-41.05378,2.786153
62.788676262,-64.8984400000001,12.89244,1.807733,1.041238,0.0536114,0.01757351,-33.9309,-41.05378,2.786153
62.798535824,-54.5872,12.77342,1.010794,1.049055,-0.03344443,0.01193541,-33.9309,-41.05378,2.786153
62.808394432,-33.65414,11.99981,1.685127,1.032147,-0.06234035,0.00234853,-33.93735,-41.06626,1.88996
62.818253517,-12.47261,10.92865,3.217702,1.003068,-0.03336433,0.01211232,-33.93735,-41.06626,1.88996
62.828112125,0.5096148,9.26239499999999,4.627671,0.9901052,0.04052882,0.02346306,-33.93735,-41.06626,1.88996
62.83797121,4.609265,7.53663599999998,5.056792,0.9655542,0.07153258,0.04420101,-33.93735,-41.06626,1.88996
62.847830772,4.112338,5.215787,4.19855,0.9440095,0.06352452,0.0358149,-33.93735,-41.06626,1.88996
62.857689381,4.23657,3.013956,2.604672,0.9493344,0.009986387,0.02043199,-34.31906,-40.70538,1.055941
62.867548466,5.29254,1.70476,1.991642,0.9789975,-0.02530527,0.01204419,-34.31906,-40.70538,1.055941
62.877407074,2.994251,0.574090199999997,1.317309,0.994767,-0.03294536,0.01367176,-34.31906,-40.70538,1.055941
62.887266636,-1.167515,0.0980187800000002,1.256006,1.000909,-0.02953348,0.0006746268,-34.31906,-40.70538,1.055941
62.897125721,-8.06238199999997,-0.616088399999998,1.072097,1.008524,-0.000719355,0.01039326,-34.31906,-40.70538,1.055941
62.9094491,-20.2371,-1.865776,0.5203698,1.005492,0.02057387,-0.013823,-34.32107,-40.33723,1.05217
62.919308186,-30.42411,-3.651044,0.02994585,1.016921,0.01925956,-0.002016998,-34.32107,-40.33723,1.05217
62.929167747,-37.8159,-3.115464,1.501218,1.022421,0.02506475,-0.02408957,-34.32107,-40.33723,1.05217
62.939026356,-43.09576,-4.067606,2.236854,1.024199,-0.01096256,-0.03304455,-34.32107,-40.33723,1.05217
62.948885441,-48.18926,-4.365151,3.340307,1.042567,-0.1257595,0.06491913,-34.32107,-40.33723,1.05217
62.958744526,-52.16468,-3.3535,9.777122,1.042198,-0.3528379,-0.01845591,-34.32504,-40.71696,0.2237616
62.968603134,-34.21318,-3.115464,10.94188,0.9877893,-0.3163798,-0.02983196,-34.32504,-40.71696,0.2237616
62.978462696,-24.83368,-3.055955,13.82312,1.040344,-0.4810418,0.05572286,-34.32504,-40.71696,0.2237616
62.988321304,-21.79,-0.02099909,21.5473,1.076542,-0.6699663,0.06846774,-34.32504,-40.71696,0.2237616
62.998180389,-11.97568,3.192483,27.18717,1.064062,-0.7113748,0.08554731,-34.32504,-40.71696,0.2237616
63.008039474,1.503469,6.28694799999997,30.98796,1.071406,-0.6927553,0.1023718,-34.70676,-40.35608,-0.6102571
63.017898083,11.0072,8.19123500000002,33.8079,1.075545,-0.6299455,0.1023636,-34.70676,-40.35608,-0.6102571
63.027757645,12.06318,9.73846599999999,37.42477,1.108648,-0.6280971,0.1277842,-34.70676,-40.35608,-0.6102571
63.037616253,9.51642200000001,11.88079,43.80029,1.152682,-0.6565106,0.1029569,-34.70676,-40.35608,-0.6102571
63.047475338,9.640655,13.07097,50.1758,1.153837,-0.7033213,0.07475177,-34.70676,-40.35608,-0.6102571
63.0573349,14.67204,14.20164,55.14134,1.153943,-0.7666253,0.06271522,-35.0825,-39.98361,-0.6120958
63.067193508,22.43653,14.85623,61.0264299999998,1.16381,-0.7792088,0.0576764,-35.0825,-39.98361,-0.6120958
63.079517365,31.75392,16.16543,68.8732099999998,1.184504,-0.7434794,0.06391259,-35.0825,-39.98361,-0.6120958
63.08937645,34.36279,17.23659,74.0226600000002,1.204748,-0.7072546,0.07351377,-35.0825,-39.98361,-0.6120958
63.099235058,32.37508,19.2599,79.0495099999998,1.215308,-0.6886645,0.07495776,-35.0825,-39.98361,-0.6120958
63.10909462,29.08294,20.68811,84.8732900000001,1.233163,-0.7011327,0.08178604,-37.33859,-37.44204,-0.6262722
63.118953705,27.71638,21.69976,90.3292500000001,1.249037,-0.7307133,0.07172617,-37.33859,-37.44204,-0.6262722
63.128812313,30.01467,22.23534,95.72392,1.25294,-0.7541163,0.05038826,-37.33859,-37.44204,-0.6262722
63.138671398,36.22627,22.88994,100.8734,1.262031,-0.7881327,0.04134602,-37.33859,-37.44204,-0.6262722
63.148530006,45.48154,23.00896,105.5324,1.269298,-0.8085936,0.0180682,-37.33859,-37.44204,-0.6262722
63.158389568,57.6562600000002,23.90159,110.3753,1.305151,-0.8302069,0.00922841,-40.70901,-34.4402,0.641223
63.168248653,71.5702200000002,24.43717,114.7279,1.325061,-0.8120067,0.01436943,-40.70901,-34.4402,0.641223
63.178107262,82.2541699999998,24.97275,119.1417,1.339316,-0.7739152,0.01688373,-40.70901,-34.4402,0.641223
63.187966347,91.0125,25.62735,123.0038,1.341187,-0.7524402,0.02949749,-40.70901,-34.4402,0.641223
63.197824955,98.71488,26.40097,126.1915,1.358664,-0.7308405,0.03853548,-40.70901,-34.4402,0.641223
63.207684517,103.9326,27.71016,129.7471,1.393717,-0.690542,0.06137756,-43.34921,-29.99221,0.6094971
63.217543602,104.7401,31.04266,133.3027,1.428347,-0.6322996,0.0690427,-43.34921,-29.99221,0.6094971
63.22740221,102.8766,35.14878,136,1.442558,-0.6487666,0.056242,-43.34921,-29.99221,0.6094971
63.237261772,102.8145,40.6236,139.0652,1.456231,-0.6929458,0.0513615,-43.34921,-29.99221,0.6094971
63.247120857,104.4917,44.25365,141.5786,1.438851,-0.6721773,0.05082607,-43.34921,-29.99221,0.6094971
63.259444237,105.2371,47.82418,143.8468,1.41577,-0.6144428,0.05930948,-46.67664,-24.05214,1.39841
63.269303322,102.0691,50.32356,146.2376,1.404917,-0.5551353,0.06906946,-46.67664,-24.05214,1.39841
63.279162884,94.36677,51.15668,148.2606,1.408659,-0.5089032,0.06125991,-46.67664,-24.05214,1.39841
63.289021492,88.0309400000002,51.33521,148.751,1.378961,-0.4970565,0.04644877,-46.67664,-24.05214,1.39841
63.298880577,84.7387999999999,50.44258,148.2606,1.343016,-0.4803516,0.04422687,-46.67664,-24.05214,1.39841
63.308739185,81.5708799999999,49.19289,147.525,1.326499,-0.4498429,0.04376136,-51.20643,-16.33684,0.8949375
63.31859827,78.4029799999998,47.82418,146.6667,1.309295,-0.3949836,0.05021992,-51.20643,-16.33684,0.8949375
63.328457832,75.9804500000003,46.69352,144.9502,1.280854,-0.3752371,0.06277192,-51.20643,-16.33684,0.8949375
63.338316441,75.4835300000003,45.97941,143.479,1.249787,-0.3409167,0.07500513,-51.20643,-16.33684,0.8949375
63.348175526,75.1108299999999,45.62235,141.0268,1.225605,-0.3070133,0.08953267,-51.20643,-16.33684,0.8949375
63.358034134,73.6200499999999,46.51499,137.5939,1.199536,-0.2970307,0.08807168,-53.12724,-7.859444,-0.01430798
63.367893696,74.4896699999997,48.12173,134.2222,1.160543,-0.2992898,0.09675476,-53.12724,-7.859444,-0.01430798
63.377752781,77.2227699999999,50.20454,130.9731,1.115615,-0.2845313,0.1157292,-53.12724,-7.859444,-0.01430798
63.387611389,79.39683,53.17999,127.7241,1.080319,-0.2352004,0.1180862,-53.12724,-7.859444,-0.01430798
63.397470474,78.1545099999998,55.38182,123.3716,1.042289,-0.1752326,0.1085919,-53.12724,-7.859444,-0.01430798
63.407330036,74.0548600000001,57.4051200000002,119.0191,0.9873493,-0.1275615,0.1040269,-53.94179,2.746293,-1.399441
63.417188645,67.9053899999999,58.4167700000001,114.9731,0.9409303,-0.1075873,0.09000185,-53.94179,2.746293,-1.399441
63.429512501,61.1347499999998,58.6548100000003,109.7623,0.8822058,-0.09213717,0.06653003,-53.94179,2.746293,-1.399441
63.439371586,58.4016500000002,57.82169,104.4289,0.8273364,-0.06299867,0.05078599,-53.94179,2.746293,-1.399441
63.449230194,56.28971,56.09592,98.1760399999998,0.7804446,-0.01533044,0.02645903,-53.94179,2.746293,-1.399441
63.459089756,53.61872,54.42968,92.2296500000001,0.7437142,0.01202659,0.01187902,-52.48778,9.718487,-1.862891
63.468948364,52.68699,52.16833,85.9154400000002,0.6896923,0.01539559,-0.0002609836,-52.48778,9.718487,-1.862891
63.478807449,52.81122,48.35976,79.8464399999999,0.6471599,0.03539672,-0.01625798,-52.48778,9.718487,-1.862891
63.488666535,54.23988,44.72972,73.04181,0.6099557,0.06861251,-0.02455219,-52.48778,9.718487,-1.862891
63.498525143,54.61258,41.09967,66.1145700000002,0.5820484,0.1004466,-0.03394897,-52.48778,9.718487,-1.862891
63.508384705,54.42623,37.2911,58.8808299999998,0.5429377,0.1278007,-0.04370308,-50.65012,14.78338,-2.372808
63.518243313,53.1218,33.66106,52.01489,0.5116817,0.1444911,-0.06084713,-50.65012,14.78338,-2.372808
63.528102398,51.75525,30.09052,44.78114,0.4785419,0.157279,-0.07608047,-50.65012,14.78338,-2.372808
63.53796196,49.95389,25.86539,37.17956,0.4493365,0.1759663,-0.0846113,-50.65012,14.78338,-2.372808
63.547820568,45.91635,21.34271,29.94581,0.4278807,0.2093477,-0.08594057,-50.65012,14.78338,-2.372808
63.557679653,39.0836,15.51083,22.83466,0.4092972,0.235902,-0.0979108,-49.17001,16.96965,-2.78724
63.567538738,31.00853,9.55993899999999,15.78482,0.3959618,0.2489308,-0.09569398,-49.17001,16.96965,-2.78724
63.577397346,22.37442,2.894938,8.42845599999999,0.3896079,0.2474114,-0.09657464,-49.17001,16.96965,-2.78724
63.587256908,14.113,-3.591535,0.888187699999998,0.3883781,0.2531897,-0.1099259,-49.17001,16.96965,-2.78724
63.597115517,5.727352,-8.947339,-6.34556599999997,0.3898751,0.2600463,-0.101743,-49.17001,16.96965,-2.78724
63.609439373,-5.018702,-17.10006,-15.90883,0.4062913,0.253432,-0.08765683,-47.68636,18.41874,-3.258145
63.619298458,-14.14974,-22.57489,-23.20389,0.4191485,0.2389373,-0.0903584,-47.68636,18.41874,-3.258145
63.629157066,-22.34904,-28.58529,-30.25373,0.4366989,0.2191939,-0.07639917,-47.68636,18.41874,-3.258145
63.639016628,-29.30602,-34.35765,-37.42619,0.4585854,0.2033763,-0.06390622,-47.68636,18.41874,-3.258145
63.648875713,-35.02069,-40.07051,-44.47603,0.4884007,0.1827749,-0.04821224,-47.68636,18.41874,-3.258145
63.658734322,-40.549,-45.36681,-51.58718,0.5225708,0.1612223,-0.03690115,-48.42783,18.43896,-2.422103
63.668593407,-44.71077,-50.06801,-58.39181,0.5592628,0.1299485,-0.02858325,-48.42783,18.43896,-2.422103
63.678452969,-47.1954,-54.53119,-65.1351499999997,0.5974647,0.09235281,-0.02273621,-48.42783,18.43896,-2.422103
63.688311577,-47.25752,-58.5182800000002,-71.8171700000002,0.6342031,0.06158046,-0.01058114,-48.42783,18.43896,-2.422103
63.698170662,-46.51213,-61.7912799999999,-78.4991999999998,0.6844596,0.0479663,0.003442867,-48.42783,18.43896,-2.422103
63.70802927,-45.45616,-64.9452399999999,-85.1812199999998,0.7313882,0.03288455,0.02325231,-48.79758,18.823,-1.591763
63.717888832,-45.39404,-67.2661000000001,-91.5567300000001,0.7859485,0.03636908,0.04502648,-48.79758,18.823,-1.591763
63.727747917,-47.1954,-70.0630200000001,-97.5031300000001,0.8320061,0.03582096,0.04963661,-48.79758,18.823,-1.591763
63.737606525,-49.74216,-72.9789500000002,-104.3078,0.8794099,0.02464543,0.07186825,-48.79758,18.823,-1.591763
63.74746561,-51.66775,-75.4783299999999,-110.3768,0.9312279,0.01302392,0.09451241,-48.79758,18.823,-1.591763
63.757325172,-53.65546,-77.3231000000001,-116.5684,0.9901418,-0.01067208,0.1246207,-52.14709,16.28481,-1.547983
63.767183781,-54.46297,-78.6918100000001,-122.2695,1.048387,-0.06322905,0.1161591,-52.14709,16.28481,-1.547983
63.779507637,-47.50599,-78.6918100000001,-129.1968,1.106884,-0.1858836,0.1003934,-52.14709,16.28481,-1.547983
63.789366722,-35.02069,-78.2752499999999,-133.3654,1.138944,-0.2400733,0.1076255,-52.14709,16.28481,-1.547983
63.79922533,-23.40501,-78.0967299999999,-137.6566,1.180601,-0.2138074,0.1360055,-52.14709,16.28481,-1.547983
63.809084892,-18.6842,-77.9777100000001,-141.58,1.225852,-0.1656277,0.1602063,-53.6139,11.14801,-1.487468
63.8189435,-21.04461,-77.8586899999998,-144.9516,1.267286,-0.1443074,0.1679421,-53.6139,11.14801,-1.487468
63.828802586,-28.00159,-77.73967,-147.0359,1.318879,-0.1545286,0.1752669,-53.6139,11.14801,-1.487468
63.838661671,-36.94628,-77.73967,-148.875,1.35783,-0.1706988,0.1832009,-53.6139,11.14801,-1.487468
63.848520279,-48.31349,-77.5611399999997,-151.0819,1.383173,-0.195265,0.1902995,-53.6139,11.14801,-1.487468
63.858379841,-58.7489699999998,-76.6090000000002,-152.1241,1.408841,-0.2368263,0.2063549,-56.16697,2.433444,0.7283754
63.868238926,-67.0724899999999,-75.6568499999999,-152.6758,1.437366,-0.2832665,0.2122652,-56.16697,2.433444,0.7283754
63.878097534,-72.7871600000002,-74.4071700000001,-154.2697,1.456459,-0.3648449,0.2132214,-56.16697,2.433444,0.7283754
63.887957096,-75.39603,-71.6102399999998,-155.741,1.447927,-0.4563614,0.2245507,-56.16697,2.433444,0.7283754
63.897815704,-78.1291300000002,-69.3489099999999,-154.3923,1.462236,-0.489265,0.2403618,-56.16697,2.433444,0.7283754
63.907674789,-83.71957,-66.6114999999998,-151.1432,1.485663,-0.4739373,0.2497413,-54.58974,-9.26755,3.401233
63.917533874,-94.7140799999999,-62.8029299999999,-148.2007,1.518742,-0.4541666,0.2532703,-54.58974,-9.26755,3.401233
63.927392483,-110.1809,-58.3397600000002,-144.9516,1.544299,-0.3892434,0.2472244,-54.58974,-9.26755,3.401233
63.937252045,-129.9338,-53.75757,-142.4382,1.572772,-0.3671287,0.2379004,-54.58974,-9.26755,3.401233
63.947110653,-149.9351,-48.04471,-140.5991,1.584449,-0.3603427,0.2032889,-54.58974,-9.26755,3.401233
63.959434509,-171.5515,-41.14167,-136.9209,1.582437,-0.3678344,0.156772,-50.03082,-19.59273,5.98017
63.969293594,-186.7699,-36.85703,-135.4497,1.533791,-0.484388,0.07453855,-50.03082,-19.59273,5.98017
63.979152203,-187.7637,-31.73926,-133.9171,1.476088,-0.6548788,0.03414857,-50.03082,-19.59273,5.98017
63.989011765,-177.2661,-28.10922,-129.9324,1.461724,-0.7091128,0.009456405,-50.03082,-19.59273,5.98017
63.99887085,-164.346,-24.53868,-125.0282,1.455975,-0.6907129,-0.001327954,-50.03082,-19.59273,5.98017
64.008729458,-155.4013,-20.31355,-122.4534,1.4089,-0.7033667,-0.02041098,-45.20878,-26.60474,4.362035
64.018588543,-149.7488,-17.51663,-118.2235,1.357732,-0.7359884,-0.034333,-45.20878,-26.60474,4.362035
64.028448105,-144.7795,-15.31479,-112.3998,1.320408,-0.7811409,-0.04855809,-45.20878,-26.60474,4.362035
64.038306713,-138.5679,-13.47002,-106.0855,1.283654,-0.8467716,-0.0749441,-45.20878,-26.60474,4.362035
64.048165798,-128.7536,-11.20868,-99.4035199999998,1.233276,-0.9085969,-0.09247823,-45.20878,-26.60474,4.362035
64.058024406,-115.7714,-9.72095499999998,-92.5988800000002,1.185729,-0.9824963,-0.09242424,-40.70906,-33.32417,1.462091
64.067883968,-97.9441099999998,-8.59028499999999,-85.3038299999997,1.156344,-1.060124,-0.09122296,-40.70906,-33.32417,1.462091
64.077743053,-72.0417700000003,-3.770062,-77.3957400000002,1.26749,-0.9110435,0.08240047,-40.70906,-33.32417,1.462091
64.087601662,-61.1093700000002,-2.936937,-79.7865600000002,0.9846691,-0.9291608,-0.1878236,-40.70906,-33.32417,1.462091
64.097460747,-74.9612199999998,-11.44671,-53.85539,1.24437,-2.111684,0.0932029,-40.70906,-33.32417,1.462091
64.107320309,-122.1072,21.75927,16.88827,2.08874,-4.658827,0.8982712,-36.60234,-37.10034,-1.914183
64.117178917,-45.39404,36.21994,54.09919,1.16435,-3.271904,-0.6606033,-36.60234,-37.10034,-1.914183
64.129502773,199.7154,-13.88658,12.41315,0.5968418,-1.247331,-1.067667,-36.60234,-37.10034,-1.914183
64.139361858,235.6805,-15.85038,-19.77092,0.5794554,0.2733585,-0.5025474,-36.60234,-37.10034,-1.914183
64.149220467,75.3592999999998,-24.41966,-22.34565,1.1539,1.430106,0.2341195,-33.60076,-40.39843,-2.728507
64.159080029,-139.127,-12.27984,-16.27665,1.825487,1.71156,0.2566334,-33.60076,-40.39843,-2.728507
64.168938637,-274.2291,-0.1400169,-4.506476,1.398492,1.070714,-0.1557591,-33.60076,-40.39843,-2.728507
64.178797722,-269.9431,4.263645,3.279005,1.018936,0.2750193,-0.0597872,-33.60076,-40.39843,-2.728507
64.188656807,-191.118,1.883287,7.75412299999998,0.9938059,-0.3177507,-0.02034529,-33.60076,-40.39843,-2.728507
64.198515415,-83.71957,4.739716,17.99172,0.8813282,-0.5038577,-0.07302476,-33.60076,-40.39843,-2.728507
64.208374977,13.36761,3.609046,17.86912,0.7689532,-0.2500652,-0.1258268,-34.7319,-40.77679,-4.383301
64.218234062,80.8254899999999,6.94154599999998,8.244547,0.8774993,-0.06350987,-0.07404593,-34.7319,-40.77679,-4.383301
64.22809267,109.523,12.47588,-0.889599100000001,0.8847181,0.04867812,-0.02001088,-34.7319,-40.77679,-4.383301
64.237952232,110.02,11.82128,-5.119506,0.9324784,0.1178913,0.02733328,-34.7319,-40.77679,-4.383301
64.247810841,97.41045,10.57159,-7.20380800000002,0.9379253,0.1321163,0.04462688,-34.7319,-40.77679,-4.383301
64.257669926,76.5395,8.60779699999998,-7.44902,0.9103771,0.04923684,0.06828003,-35.49384,-39.30804,-5.290713
64.267529011,47.2829,6.46547499999998,-6.46817200000002,0.9429724,-0.0006764793,0.04678865,-35.49384,-39.30804,-5.290713
64.277387619,11.0072,3.847081,-2.851295,1.032097,0.01597952,-0.004177775,-35.49384,-39.30804,-5.290713
64.287247181,-24.8958,2.954448,2.543369,1.063441,0.04347242,-0.01349726,-35.49384,-39.30804,-5.290713
64.297106266,-50.86024,2.83543,3.953338,1.053251,-0.01016446,-0.0185967,-35.49384,-39.30804,-5.290713
64.309429646,-56.94761,3.490028,-0.4604781,1.075301,-0.09024623,-0.01479481,-34.36143,-39.67131,-4.012462
64.319288731,-43.21999,4.50168,-3.893446,1.084652,-0.107724,-0.02609717,-34.36143,-39.67131,-4.012462
64.329148293,-23.65348,4.442171,-4.322567,1.053503,-0.08891521,0.002299089,-34.36143,-39.67131,-4.012462
64.339006901,-9.118352,2.83543,-2.606083,1.014294,-0.02630157,0.05226468,-34.36143,-39.67131,-4.012462
64.348865986,-2.596181,0.3360545,-0.583084100000002,0.9934492,0.08802939,0.095217,-34.36742,-39.6829,-4.844642
64.358724594,-3.714267,-3.413008,1.256006,0.9694747,0.1594501,0.1220382,-34.36742,-39.6829,-4.844642
64.368583679,-8.00026600000002,-5.85287400000002,2.665975,0.9671041,0.1745849,0.1408885,-34.36742,-39.6829,-4.844642
64.378443241,-17.75246,-8.35224999999998,1.439915,0.9437705,0.1436607,0.1246673,-34.36742,-39.6829,-4.844642
64.388301849,-22.65962,-9.66144700000002,-0.4604781,0.9487708,0.05585413,0.05532949,-34.36742,-39.6829,-4.844642
64.398160935,-21.10672,-9.95899100000002,-1.441326,0.9933426,-0.07458049,-0.05566404,-33.99168,-40.05536,-4.842803
64.408020496,-15.64052,-7.63814299999999,-0.950902100000002,1.017315,-0.1562546,-0.09167653,-33.99168,-40.05536,-4.842803
64.417879105,-10.73337,-5.317294,-0.8282961,1.03093,-0.1660563,-0.1422693,-33.99168,-40.05536,-4.842803
64.42773819,-9.36681599999999,-4.127115,-0.5217811,1.026736,-0.1785944,-0.1020625,-33.99168,-40.05536,-4.842803
64.437596798,-13.03165,-0.913633000000003,1.869036,1.066271,-0.2822088,-0.05653892,-33.99168,-40.05536,-4.842803
64.447455883,-6.69583099999998,2.002305,3.095096,1.025144,-0.2728184,-0.0506023,-33.99168,-40.05536,-4.842803
64.457315445,-0.1115444,2.954448,4.443762,1.034385,-0.3017746,-0.008329627,-34.74114,-39.67858,-4.84271
64.467174053,3.366947,3.37101,8.61236499999998,1.043672,-0.3473173,0.02278082,-34.74114,-39.67858,-4.84271
64.47949791,9.51642200000001,3.549537,12.71967,1.024492,-0.3390802,0.05858446,-34.74114,-39.67858,-4.84271
64.489356995,14.36146,3.37101,15.90742,1.034447,-0.3622447,0.08651986,-34.74114,-39.67858,-4.84271
64.499215603,15.79013,1.288198,21.486,1.014284,-0.555873,0.0161684,-35.11609,-40.04865,-5.285104
64.509075165,24.6727,-0.3780527,28.71975,1.013819,-0.73695,0.002187654,-35.11609,-40.04865,-5.285104
64.51893425,40.13957,-1.330196,35.03396,1.027618,-0.7670698,-0.01695199,-35.11609,-40.04865,-5.285104
64.528792858,54.73681,-1.925285,38.83474,1.069656,-0.6581022,0.004453272,-35.11609,-40.04865,-5.285104
64.538651943,58.3395300000002,-1.389704,41.40947,1.112306,-0.5573949,0.02769687,-35.11609,-40.04865,-5.285104
64.548510552,52.31429,0.5145813,45.39417,1.148766,-0.5400474,0.02588603,-35.1109,-39.29454,-4.012369
64.558370113,45.04673,3.013956,49.31755,1.149371,-0.5585628,0.01805397,-35.1109,-39.29454,-4.012369
64.568229198,41.50612,5.394314,54.22179,1.157689,-0.6032702,0.01468291,-35.1109,-39.29454,-4.012369
64.578087807,41.25766,7.71516299999998,59.7390700000001,1.16124,-0.6398208,-0.008198535,-35.1109,-39.29454,-4.012369
64.587947369,43.92864,9.797976,65.2563299999999,1.170363,-0.6617576,-0.04014086,-35.1109,-39.29454,-4.012369
64.597806454,46.91021,11.34521,70.2831800000001,1.168899,-0.6510286,-0.03044546,-36.98126,-37.85014,-3.184985
64.607665062,47.53136,12.05931,75.92305,1.171101,-0.6222711,-0.02304615,-36.98126,-37.85014,-3.184985
64.617524147,44.05288,12.71391,81.3790200000002,1.184849,-0.6084651,-0.007311994,-36.98126,-37.85014,-3.184985
64.627382755,39.64264,12.47588,86.4671700000003,1.192322,-0.6171497,-0.005095799,-36.98126,-37.85014,-3.184985
64.637242317,36.53685,11.70226,91.3714099999999,1.194163,-0.6541353,-0.01022617,-36.98126,-37.85014,-3.184985
64.647101402,36.78531,10.92865,96.88868,1.209352,-0.6914523,-0.005486399,-39.21121,-37.80019,-1.445023
64.659424782,40.76073,9.38141300000001,103.9385,1.244697,-0.7218636,-0.02349797,-39.22527,-35.22316,-1.471417
64.669283867,45.91635,9.14337700000003,108.9041,1.264245,-0.7319486,-0.03392489,-39.22527,-35.22316,-1.471417
64.679143429,52.25217,9.38141300000001,113.3179,1.273071,-0.7255177,-0.02680841,-39.22527,-35.22316,-1.471417
64.689002037,56.91087,9.50043099999998,117.793,1.29509,-0.6712631,-0.01468438,-39.22527,-35.22316,-1.471417
64.698861122,58.5880000000001,10.45257,121.839,1.32123,-0.643279,-0.01050798,-42.60017,-31.48591,-0.2754774
64.708720207,60.9483999999999,12.47588,125.3333,1.345658,-0.6435596,-0.0132545,-42.60017,-31.48591,-0.2754774
64.718578815,65.1722900000003,14.08262,128.2145,1.363132,-0.6366074,-0.01727847,-42.60017,-31.48591,-0.2754774
64.728438377,70.1415599999998,15.62985,130.6666,1.376762,-0.6321114,-0.01839318,-42.60017,-31.48591,-0.2754774
64.738296986,75.73199,17.41512,132.4444,1.36851,-0.6248432,-0.007192656,-42.60017,-31.48591,-0.2754774
64.748156071,82.3162800000001,19.08137,133.4866,1.360596,-0.6404257,0.008602224,-45.5534,-25.54926,0.5755177
64.758015633,88.9626800000001,20.15253,134.7126,1.367872,-0.6105962,0.03031424,-45.5534,-25.54926,0.5755177
64.767874241,92.00636,21.22369,136.1839,1.364159,-0.5779978,0.03783026,-45.5534,-25.54926,0.5755177
64.777733326,92.81387,22.35436,137.0421,1.340042,-0.5709286,0.03344166,-45.5534,-25.54926,0.5755177
64.787592411,94.6152299999997,23.72306,137.41,1.323452,-0.5969397,0.0138114,-45.5534,-25.54926,0.5755177
64.797451019,100.1435,26.04391,138.2682,1.331206,-0.6012853,0.004559427,-49.3177,-20.0399,0.922986
64.807310581,104.8644,27.23409,138.3908,1.310766,-0.564467,0.008995065,-49.3177,-20.0399,0.922986
64.817169189,105.9203,27.9482,138.3908,1.288719,-0.4818081,0.04355084,-49.3177,-20.0399,0.922986
64.829493046,99.2118100000003,28.95985,138.1456,1.282394,-0.4253553,0.05993099,-49.3177,-20.0399,0.922986
64.839352131,93.8077200000003,30.26905,138.2069,1.253994,-0.4173146,0.06519562,-49.3177,-20.0399,0.922986
64.849210739,91.7579000000003,30.15003,136.613,1.227349,-0.4384724,0.06587601,-51.98396,-11.92202,0.0213747
64.859070301,94.55312,31.34021,134.1609,1.198668,-0.4474643,0.0714801,-51.98396,-11.92202,0.0213747
64.868929386,98.5906399999999,32.5899,132.0153,1.159532,-0.4194943,0.09623392,-51.98396,-11.92202,0.0213747
64.878787994,100.5162,33.72057,129.318,1.124847,-0.3759831,0.1023667,-51.98396,-11.92202,0.0213747
64.888647079,100.5162,36.10093,127.1111,1.091801,-0.3309455,0.1223857,-51.98396,-11.92202,0.0213747
64.898506641,95.8575400000003,38.24324,125.0268,1.056045,-0.2752636,0.13247,-54.64993,-2.74947,-0.05874157
64.90836525,89.3353700000002,40.38557,122.5746,1.019586,-0.2492939,0.1365632,-54.64993,-2.74947,-0.05874157
64.918224335,82.0056999999998,42.05182,119.9386,0.9667172,-0.212314,0.1309201,-54.64993,-2.74947,-0.05874157
64.928083897,74.3654399999999,42.76592,116.8121,0.9351318,-0.1678886,0.1140147,-54.64993,-2.74947,-0.05874157
64.937942505,66.2903699999998,43.59905,113.1953,0.9057855,-0.1389887,0.1041345,-54.64993,-2.74947,-0.05874157
64.94780159,59.7060899999999,44.13463,109.1493,0.8753421,-0.1198959,0.07693598,-53.57095,6.084707,0.6771479
64.957660198,56.53817,44.13463,104.3063,0.8426458,-0.1071166,0.05834185,-53.57095,6.084707,0.6771479
64.967519283,56.16548,43.65856,98.54386,0.8127646,-0.08702213,0.03737334,-53.57095,6.084707,0.6771479
64.977378845,56.6624,42.76592,92.5361600000002,0.7684556,-0.04759306,0.01581524,-53.57095,6.084707,0.6771479
64.987237453,57.96684,41.09967,85.5476199999999,0.7227422,-0.01841177,-0.01012213,-53.57095,6.084707,0.6771479
64.997096539,60.2030099999999,38.71932,78.4364799999999,0.6691846,0.01557757,-0.03303193,-51.74287,12.99123,0.2123938
65.009420395,62.37707,34.67271,69.4862399999997,0.6127273,0.06419786,-0.04044253,-51.74287,12.99123,0.2123938
65.019279003,62.2528400000002,30.98315,62.3751000000003,0.5808445,0.09305024,-0.05699581,-51.74287,12.99123,0.2123938
65.029138565,61.56956,26.40097,54.71222,0.5418906,0.1165432,-0.05863835,-51.74287,12.99123,0.2123938
65.03899765,60.1409000000001,21.64025,47.17195,0.5108503,0.1337833,-0.05948805,-51.74287,12.99123,0.2123938
65.048856258,57.09722,16.82003,39.81559,0.4845859,0.1481043,-0.07145204,-49.89555,17.39276,0.5415707
65.058715343,53.74296,11.58324,32.70444,0.4552666,0.1478534,-0.06911948,-49.89555,17.39276,0.5415707
65.068573952,50.88562,6.46547499999998,25.5933,0.4415873,0.153596,-0.06264647,-49.89555,17.39276,0.5415707
65.078433514,47.15867,1.823778,18.48215,0.439288,0.155569,-0.05013786,-49.89555,17.39276,0.5415707
65.088292599,43.05902,-2.579883,11.24839,0.4326878,0.1720437,-0.05325915,-49.89555,17.39276,0.5415707
65.098151207,37.77917,-6.92403500000002,4.075944,0.4288374,0.1832563,-0.03873366,-49.16014,19.59302,0.5150833
65.108010769,30.69795,-11.14917,-2.851295,0.4376499,0.1979831,-0.02531739,-49.16014,19.59302,0.5150833
65.117869854,21.44268,-14.71971,-9.83983699999998,0.45093,0.2088616,-0.01055968,-49.16014,19.59302,0.5150833
65.127728462,11.0072,-17.51663,-16.09274,0.4709857,0.2153859,-0.005040065,-49.16014,19.59302,0.5150833
65.137587547,0.758078499999998,-20.90864,-23.14259,0.4823936,0.1911189,-0.01499144,-49.16014,19.59302,0.5150833
65.147446156,-9.18046800000001,-24.06261,-29.45679,0.5027239,0.1811218,-0.003864783,-49.54065,20.32828,0.125391
65.157305718,-20.2371,-28.04971,-35.6484,0.521966,0.1715729,-0.0003860225,-49.54065,20.32828,0.125391
65.167164803,-32.3497,-32.39386,-42.02391,0.5440749,0.1688657,0.004068018,-49.54065,20.32828,0.125391
65.179488182,-47.00906,-37.74966,-49.80939,0.5736963,0.1491854,0.006354947,-49.54065,20.32828,0.125391
65.189347267,-57.3203000000003,-41.85578,-56.1236,0.6119561,0.1155121,0.01990145,-49.54065,20.32828,0.125391
65.199206829,-65.3332500000003,-45.36681,-62.7443200000001,0.6495451,0.07348275,0.01278142,-49.53187,19.22918,0.5207853
65.209065437,-70.1161800000001,-48.58029,-69.18114,0.6829213,0.0358626,0.02348902,-49.53187,19.22918,0.5207853
65.218924522,-73.84313,-51.49623,-75.6179599999999,0.7198445,0.02795445,0.03343842,-49.53187,19.22918,0.5207853
65.228783608,-78.9366400000002,-53.9956,-81.6869499999999,0.7579939,0.05465455,0.05612161,-49.53187,19.22918,0.5207853
65.238642216,-86.8253599999998,-55.84038,-87.7559500000001,0.8036598,0.07498845,0.05037116,-49.53187,19.22918,0.5207853
65.248501778,-96.82602,-57.9827000000002,-94.3153699999998,0.8507302,0.06713542,0.05107163,-51.76701,18.52502,0.9880142
65.258360386,-106.3298,-59.9465,-100.6909,0.9000202,0.05693356,0.0689718,-51.76701,18.52502,0.9880142
65.268219471,-113.6594,-61.1366800000002,-106.8825,0.9463778,0.03498899,0.07675149,-51.76701,18.52502,0.9880142
65.278079033,-118.1939,-61.1366800000002,-113.3806,1.00597,0.001939635,0.07658163,-51.76701,18.52502,0.9880142
65.287937641,-119.312,-60.4820799999999,-120.6757,1.064973,-0.05785971,0.08146561,-51.76701,18.52502,0.9880142
65.297796726,-116.641,-58.57779,-126.5607,1.10743,-0.1018053,0.07090563,-53.23908,14.86616,1.417529
65.307655811,-110.8642,-55.72136,-132.3845,1.138217,-0.148276,0.06336585,-53.23908,14.86616,1.417529
65.31751442,-103.2861,-52.21033,-138.3922,1.178691,-0.21457,0.06702153,-53.23908,14.86616,1.417529
65.327373982,-93.4096499999999,-48.6398,-143.0512,1.214099,-0.232269,0.0649299,-53.23908,14.86616,1.417529
65.337233067,-84.2164900000001,-45.3073,-147.2812,1.258486,-0.2299588,0.05712878,-53.23908,14.86616,1.417529
65.347091675,-77.44585,-43.34351,-151.4498,1.298203,-0.2276286,0.06568717,-55.05745,6.862321,2.405705
65.359415531,-74.9612199999998,-42.33185,-156.4766,1.329971,-0.2117319,0.07734854,-55.05745,6.862321,2.405705
65.369275093,-75.8308400000002,-42.27234,-158.7448,1.352888,-0.2154556,0.06836491,-55.05745,6.862321,2.405705
65.379133701,-76.6383500000002,-43.22449,-160.8904,1.373856,-0.2561641,0.0634097,-55.05745,6.862321,2.405705
65.388992786,-74.1537099999997,-43.46252,-163.1586,1.395557,-0.3256043,0.05101359,-55.05745,6.862321,2.405705
65.398851395,-66.63769,-42.51038,-164.446,1.425457,-0.3549697,0.06519479,-55.37497,-3.441495,2.513215
65.40871048,-58.1278100000003,-40.78462,-165.6107,1.465603,-0.3964575,0.06666848,-55.37497,-3.441495,2.513215
65.418570042,-48.12714,-37.45212,-166.2851,1.488379,-0.4064331,0.07776047,-55.37497,-3.441495,2.513215
65.42842865,-43.15787,-34.77422,-166.5303,1.503641,-0.39553,0.09440694,-55.37497,-3.441495,2.513215
65.438287735,-46.76059,-31.67975,-165.1816,1.504701,-0.3803632,0.1136878,-55.37497,-3.441495,2.513215
65.448147297,-61.4199499999999,-31.14417,-164.2621,1.468997,-0.5009989,0.08011382,-52.31725,-14.81566,3.446203
65.458005905,-70.0540600000001,-29.12087,-161.4421,1.409211,-0.6601789,0.07626815,-52.31725,-14.81566,3.446203
65.46786499,-73.84313,-29.18038,-154.7601,1.428213,-0.6945605,0.07618636,-52.31725,-14.81566,3.446203
65.477724075,-82.2287799999998,-27.75216,-146.1777,1.473846,-0.6362896,0.06548537,-52.31725,-14.81566,3.446203
65.487582684,-98.3167999999999,-25.43131,-139.4344,1.483759,-0.5758963,0.05626978,-52.31725,-14.81566,3.446203
65.497442246,-120.3058,-22.33685,-132.691,1.488872,-0.567137,0.04429084,-47.0304,-24.38122,3.900651
65.507300854,-139.686,-18.52828,-126.3768,1.471582,-0.6379943,0.005603312,-47.0304,-24.38122,3.900651
65.517159939,-149.8109,-13.82707,-120.3691,1.445426,-0.7454287,-0.03374574,-47.0304,-24.38122,3.900651
65.529483795,-149.7488,-8.29274099999999,-112.645,1.382441,-0.8390696,-0.07101586,-47.0304,-24.38122,3.900651
65.539342404,-145.4007,-4.841222,-105.9629,1.325844,-0.8907933,-0.1051481,-47.0304,-24.38122,3.900651
65.549201965,-138.4437,-1.62774,-99.1583100000001,1.281916,-0.9696243,-0.1310641,-42.58699,-31.08836,1.833209
65.55906105,-127.1386,0.4550724,-91.8019500000001,1.239988,-1.049891,-0.1551039,-42.58699,-31.08836,1.833209
65.568919659,-109.3113,1.16918,-84.8747100000002,1.195731,-1.125751,-0.1666141,-42.58699,-31.08836,1.833209
65.578778744,-85.0861099999998,1.526233,-77.7635599999999,1.157722,-1.18401,-0.1708768,-42.58699,-31.08836,1.833209
65.588638306,-58.7489699999998,0.931143899999998,-70.5298099999999,1.104785,-1.200485,-0.1568438,-42.58699,-31.08836,1.833209
65.598496914,-33.28144,0.2765456,-62.98954,1.072705,-1.201688,-0.1425,-38.48225,-35.61241,-2.367703
65.608355999,-10.17432,-0.794615199999997,-54.77493,1.065335,-1.176374,-0.1225341,-38.48225,-35.61241,-2.367703
65.618214607,8.64680000000002,-2.22283,-45.64079,1.134878,-1.19109,-0.05847833,-38.48225,-35.61241,-2.367703
65.628074169,-24.39887,13.18998,-13.64062,1.560845,-2.602442,0.4463463,-38.48225,-35.61241,-2.367703
65.637933254,-32.3497,22.17583,29.7619,1.304843,-2.216116,0.130754,-38.48225,-35.61241,-2.367703
65.647791862,48.96003,7.41761800000002,24.67375,1.083701,-1.82714,-0.2092726,-35.85238,-39.27432,-3.176326
65.657650947,126.2943,3.013956,10.75797,0.9367028,-0.6921189,-0.4472616,-35.85238,-39.27432,-3.176326
65.667510509,125.1763,-8.88783000000002,-5.426021,0.8792747,0.4394724,-0.2547974,-35.85238,-39.27432,-3.176326
65.677369118,19.39285,-16.26694,-6.039051,1.275088,1.197989,-0.05229431,-35.85238,-39.27432,-3.176326
65.687228203,-113.1004,-10.07801,-10.02375,1.453977,1.287194,0.08535596,-35.85238,-39.27432,-3.176326
65.699552059,-204.5971,-1.62774,-4.38387,1.243917,0.4023384,0.01139828,-35.0917,-40.00143,-1.892372
65.709410667,-181.5521,0.2170367,3.769429,1.141931,-0.2854899,-0.07202093,-35.0917,-40.00143,-1.892372
65.719270229,-96.5154400000002,-0.854124200000003,13.4553,0.9911609,-0.6262007,-0.126897,-35.0917,-40.00143,-1.892372
65.729129314,-5.515629,-2.817919,21.24078,0.8179037,-0.5435657,-0.1309183,-35.0917,-40.00143,-1.892372
65.738987923,55.29586,-4.662696,22.58945,0.8448655,-0.2498568,-0.119719,-35.0917,-40.00143,-1.892372
65.748847008,82.3784000000002,-1.09216,17.25609,0.9311221,0.03038227,-0.07737219,-35.1181,-39.6805,-5.288875
65.758705616,81.7572299999998,3.490028,7.75412299999998,0.9214202,0.1823753,-0.009342466,-35.1181,-39.6805,-5.288875
65.768565178,67.0978799999998,4.620698,-2.054356,0.9292841,0.2902181,0.05231392,-35.1181,-39.6805,-5.288875
65.778424263,46.1027,4.918243,-8.79768600000001,0.9271643,0.3425297,0.1222695,-35.1181,-39.6805,-5.288875
65.788282871,17.15668,4.858734,-9.10420099999999,0.9114625,0.282949,0.1023433,-35.1181,-39.6805,-5.288875
65.798142433,-11.97568,4.085118,-4.567779,0.9381723,0.1530453,0.04527918,-35.85514,-39.27967,-3.56041
65.808001518,-32.03912,2.061814,-1.134811,0.9332092,0.1128119,-0.03118234,-35.85514,-39.27967,-3.56041
65.817860126,-42.72306,-0.08050801,2.665975,0.9579454,0.04098511,-0.03837066,-35.85514,-39.27967,-3.56041
65.827719212,-46.88483,-2.520375,4.443762,0.9900181,-0.02198902,-0.03792164,-35.85514,-39.27967,-3.56041
65.83757782,-40.30054,-1.568231,2.849884,1.042002,-0.1003151,-0.02590598,-35.85514,-39.27967,-3.56041
65.847437382,-25.57907,1.288198,0.0912488500000001,1.065278,-0.1798292,-0.003427997,-35.48463,-39.29022,-4.010438
65.857296467,-8.80777299999997,1.347706,-2.667386,1.042905,-0.2097735,-0.02013381,-35.48463,-39.29022,-4.010438
65.867155075,4.795613,0.03850985,-2.728689,1.024829,-0.1742863,0.01300886,-35.48463,-39.29022,-4.010438
65.879478931,7.09390200000001,-1.151669,0.1525518,1.025081,-0.1108801,0.05139713,-35.48463,-39.29022,-4.010438
65.889338493,2.24886,-2.163321,2.788581,1.038263,-0.08294166,0.07396742,-35.48463,-39.29022,-4.010438
65.899197102,-4.832354,-1.568231,5.731125,1.063467,-0.09520666,0.117591,-35.86434,-39.29749,-4.840686
65.909056187,-11.6651,0.1575277,8.48975899999999,1.060552,-0.2281073,0.1098022,-35.86434,-39.29749,-4.840686
65.918915749,-13.71493,0.812126000000002,12.53576,1.018988,-0.4813198,0.03206492,-35.86434,-39.29749,-4.840686
65.928774357,-3.155224,0.574090199999997,18.42085,1.014865,-0.7015519,-0.03346847,-35.86434,-39.29749,-4.840686
65.938633442,18.21265,1.883287,22.46684,1.023046,-0.6429296,0.008120816,-35.86434,-39.29749,-4.840686
65.948492527,29.3314,2.299849,25.6546,1.050333,-0.6972638,-0.01189461,-35.4894,-38.92742,-4.398291
65.958351135,33.18259,3.728064,33.25617,1.098587,-0.7669191,-0.01460781,-35.4894,-38.92742,-4.398291
65.968210697,34.48702,5.75136799999999,39.38647,1.121413,-0.7184286,0.01566567,-35.4894,-38.92742,-4.398291
65.978069305,33.43105,6.28694799999997,43.12595,1.129534,-0.6570292,0.0194225,-35.4894,-38.92742,-4.398291
65.987928391,29.3314,6.40596599999999,47.23325,1.138266,-0.6097494,0.01969706,-35.4894,-38.92742,-4.398291
65.997787476,23.67885,6.16793099999998,52.13749,1.143953,-0.5965675,0.01781045,-36.60983,-38.54097,-4.012184
66.007646084,18.83381,5.63235,57.4708600000001,1.156448,-0.5960304,0.00182331,-36.60983,-38.54097,-4.012184
66.017505646,15.6659,5.572841,62.98812,1.169306,-0.6100366,-0.0003949478,-36.60983,-38.54097,-4.012184
66.027364731,15.72801,5.87038600000001,67.9536699999997,1.163899,-0.623762,-0.0143305,-36.60983,-38.54097,-4.012184
66.037223339,21.1321,5.87038600000001,71.7544500000003,1.148983,-0.6555601,-0.02397026,-36.60983,-38.54097,-4.012184
66.047082901,31.19488,5.572841,74.5743899999998,1.151096,-0.663798,-0.0197571,-37.72876,-36.72548,-2.360254
66.059406757,41.19554,6.82252899999999,79.0495099999998,1.186586,-0.610328,0.01085709,-37.72876,-36.72548,-2.360254
66.069265366,43.92864,8.25074299999997,83.3407099999998,1.203833,-0.602329,0.02697157,-37.72876,-36.72548,-2.360254
66.079124451,45.35731,10.15503,87.3254099999999,1.203912,-0.6281825,0.009980284,-37.72876,-36.72548,-2.360254
66.088984013,49.08426,11.52373,91.6166200000002,1.194967,-0.6652703,0.003085975,-37.72876,-36.72548,-2.360254
66.098842621,55.4822,12.11882,95.4174000000001,1.203995,-0.6895403,-0.002039509,-39.98598,-33.38002,-1.934505
66.108701706,63.7436200000001,13.60655,99.2181899999999,1.234961,-0.6999664,-0.0006520431,-39.98598,-33.38002,-1.934505
66.118560314,70.3900200000001,14.97525,103.3868,1.264686,-0.6728826,0.01448726,-39.98598,-33.38002,-1.934505
66.128419399,74.1169699999999,16.22494,107.2489,1.264399,-0.6514824,0.01227596,-39.98598,-33.38002,-1.934505
66.138278961,78.3408599999997,17.35561,110.1301,1.28412,-0.684953,-0.006017976,-39.98598,-33.38002,-1.934505
66.148137569,86.4159299999998,19.14088,113.2566,1.302736,-0.6950334,-0.01307716,-42.98991,-29.65244,-1.124578
66.157996655,94.9879199999999,20.15253,115.3409,1.314504,-0.6749043,0.006572168,-42.98991,-29.65244,-1.124578
66.16785574,102.9388,22.11632,117.2413,1.341495,-0.6702475,0.01676917,-42.98991,-29.65244,-1.124578
66.177714348,108.8398,24.79423,120.1838,1.353382,-0.6282496,0.02845498,-42.98991,-29.65244,-1.124578
66.18757391,109.3988,26.87704,122.452,1.355553,-0.5936421,0.03877928,-42.98991,-29.65244,-1.124578
66.197432995,108.964,29.2574,123.6781,1.350939,-0.6219233,0.03429357,-45.61368,-25.91669,0.5796099
66.207291603,109.2746,31.45923,125.8237,1.343624,-0.6078233,0.04841362,-45.61368,-25.91669,0.5796099
66.217151165,106.9763,33.00646,128.2758,1.3496,-0.5805357,0.04424594,-45.61368,-25.91669,0.5796099
66.229475021,101.6343,34.49418,130.6666,1.320626,-0.5681292,0.04715959,-45.61368,-25.91669,0.5796099
66.23933363,96.3544800000002,35.74387,132.567,1.306935,-0.5570195,0.05751166,-45.61368,-25.91669,0.5796099
66.249192715,91.94424,36.99356,134.2835,1.294123,-0.5513,0.05582573,-48.95075,-19.31326,0.5294304
66.259051323,89.2111399999998,38.18373,134.6513,1.28235,-0.5577603,0.04779263,-48.95075,-19.31326,0.5294304
66.268910885,88.8384500000002,39.2549,134.8352,1.250774,-0.5366319,0.04698337,-48.95075,-19.31326,0.5294304
66.27876997,88.4657499999998,39.01686,134.1609,1.227086,-0.5129758,0.05279182,-48.95075,-19.31326,0.5294304
66.288628578,88.5278699999999,39.07637,133.0574,1.217219,-0.4920926,0.06508869,-48.95075,-19.31326,0.5294304
66.298487663,88.0930600000002,39.84999,132.5057,1.211383,-0.4439352,0.07420386,-52.35769,-11.9177,0.02330589
66.308347225,85.6705399999998,41.2782,131.7701,1.190329,-0.4037393,0.07244717,-52.35769,-11.9177,0.02330589
66.318205834,83.3722499999999,42.70642,130.1762,1.152318,-0.3826892,0.06597859,-52.35769,-11.9177,0.02330589
66.328064919,82.1920500000003,44.31316,127.908,1.105242,-0.3442145,0.05595265,-52.35769,-11.9177,0.02330589
66.337924004,79.39683,44.67021,125.5172,1.065866,-0.2895954,0.05074521,-52.35769,-11.9177,0.02330589
66.347782612,75.1729499999999,44.67021,122.452,1.016453,-0.2574584,0.04309509,-53.52995,-3.136803,-0.5088625
66.357642174,70.8869499999997,43.71807,119.5708,0.9635084,-0.2273351,0.02589432,-53.52995,-3.136803,-0.5088625
66.367500782,66.6630700000002,41.81378,116.0765,0.9137499,-0.1865086,0.0005920855,-53.52995,-3.136803,-0.5088625
66.377359867,62.7497600000002,39.43342,112.1531,0.8681083,-0.1529128,-0.01620426,-53.52995,-3.136803,-0.5088625
66.387219429,58.5258800000001,36.81503,107.678,0.8283963,-0.1177833,-0.02732178,-53.52995,-3.136803,-0.5088625
66.397078037,53.80507,33.66106,103.1416,0.7799017,-0.08174892,-0.03591049,-53.5789,5.325247,-0.9796705
66.409401894,47.96618,29.13838,96.7660799999997,0.7356457,-0.03302844,-0.04541095,-53.5789,5.325247,-0.9796705
66.419260979,43.12114,26.46048,91.3714099999999,0.712725,0.01059345,-0.03752814,-53.5789,5.325247,-0.9796705
66.429119587,37.96552,23.9611,85.1184999999998,0.678126,0.03752939,-0.03968289,-53.5789,5.325247,-0.9796705
66.438979149,35.1703,21.34271,78.9882000000003,0.6441054,0.04154846,-0.05545688,-53.5789,5.325247,-0.9796705
66.448838234,35.48088,18.48628,72.2448700000002,0.6044132,0.03824877,-0.0630654,-52.11581,12.25301,-0.2262297
66.458696842,37.5307,15.51083,65.3176299999998,0.5739965,0.04967277,-0.05918108,-52.11581,12.25301,-0.2262297
66.468555927,40.45015,12.05931,57.7773700000002,0.5399776,0.06785088,-0.06237641,-52.11581,12.25301,-0.2262297
66.478415489,42.37574,7.953198,50.42101,0.5171195,0.09244982,-0.06663502,-52.11581,12.25301,-0.2262297
66.488274098,42.43786,4.442171,43.49377,0.5006915,0.1303073,-0.0541014,-52.11581,12.25301,-0.2262297
66.498133183,38.40033,1.16918,37.11826,0.5036117,0.1425347,-0.04445584,-50.63779,17.03948,0.9973021
66.507992268,32.87201,-2.103812,30.62014,0.4819008,0.1408262,-0.05949521,-50.63779,17.03948,0.9973021
66.517850876,27.71638,-6.20992799999998,23.6316,0.4682735,0.1334014,-0.06080125,-50.63779,17.03948,0.9973021
66.527710438,22.06384,-10.6731,17.19479,0.4551637,0.1450299,-0.04326508,-50.63779,17.03948,0.9973021
66.537569046,15.23109,-15.19578,10.63536,0.4553622,0.1595981,-0.05177055,-50.63779,17.03948,0.9973021
66.547428131,7.466597,-19.83747,3.830732,0.4521809,0.1562195,-0.03689854,-49.14814,18.50015,1.358576
66.557287693,-0.732703500000002,-24.6577,-2.789992,0.4713344,0.1656862,-0.02319485,-49.14814,18.50015,1.358576
66.567146301,-8.49719300000003,-29.00185,-9.34941300000002,0.4848645,0.1610128,-0.003779951,-49.14814,18.50015,1.358576
66.579470158,-18.18728,-33.76257,-18.17704,0.5079633,0.1705232,0.01226388,-49.14814,18.50015,1.358576
66.589329243,-25.82753,-36.85703,-25.65601,0.5376884,0.1679604,0.03721616,-49.51949,20.36926,3.070026
66.599187851,-33.09509,-39.53493,-32.70585,0.5663679,0.150723,0.04432913,-49.51949,20.36926,3.070026
66.609047413,-38.87187,-41.43922,-39.51049,0.5771354,0.1260554,0.05882267,-49.51949,20.36926,3.070026
66.618906498,-42.59883,-42.98645,-46.25381,0.5981614,0.09756893,0.06882497,-49.51949,20.36926,3.070026
66.628765106,-45.02135,-44.29565,-52.87454,0.6278219,0.07789975,0.07398663,-49.51949,20.36926,3.070026
66.638624191,-47.81656,-45.60484,-59.3113599999998,0.652028,0.0649972,0.07976234,-49.51949,20.36926,3.070026
66.648483753,-52.47526,-47.39011,-65.5642600000001,0.6815108,0.06578289,0.08989116,-50.62992,20.03099,4.295855
66.658342361,-58.37627,-48.99685,-71.5106600000001,0.7252843,0.05988875,0.1016767,-50.62992,20.03099,4.295855
66.668201446,-65.6438300000001,-50.72261,-77.6409499999999,0.7688937,0.06615348,0.1121296,-50.62992,20.03099,4.295855
66.678060055,-74.7748699999999,-52.26984,-83.89386,0.8070825,0.07577693,0.1226882,-50.62992,20.03099,4.295855
66.68791914,-84.5891899999999,-53.22199,-89.9015599999998,0.8533763,0.08883131,0.1207009,-50.62992,20.03099,4.295855
66.697778702,-95.27312,-53.40051,-96.46098,0.895071,0.07507343,0.1166362,-51.37814,19.66613,3.919405
66.70763731,-104.2799,-53.57904,-102.8365,0.9364578,0.04329855,0.1100277,-51.37814,19.66613,3.919405
66.717496395,-111.9202,-53.40051,-109.3959,0.9820271,0.0004057888,0.1133291,-51.37814,19.66613,3.919405
66.727355957,-116.7031,-52.6269,-115.4649,1.019866,-0.05326984,0.1142536,-51.37814,19.66613,3.919405
66.737214565,-116.3925,-51.07967,-121.1661,1.058149,-0.09767762,0.120042,-51.37814,19.66613,3.919405
66.749538422,-112.9762,-47.50913,-127.7255,1.105334,-0.1245388,0.112434,-54.34312,15.65639,4.360418
66.759397507,-109.3734,-43.93859,-132.875,1.142737,-0.1426979,0.1127061,-54.34312,15.65639,4.360418
66.769256115,-106.7646,-40.24904,-137.4727,1.195635,-0.1348879,0.123998,-54.34312,15.65639,4.360418
66.779115677,-107.8827,-37.15458,-141.0282,1.229345,-0.1243486,0.1298361,-54.34312,15.65639,4.360418
66.788974762,-112.8519,-34.11962,-144.0934,1.25582,-0.1037276,0.1162152,-56.16463,5.414262,3.258763
66.79883337,-121.2376,-31.91779,-146.852,1.297761,-0.09753332,0.1118361,-56.16463,5.414262,3.258763
66.808692455,-132.0457,-29.23989,-148.875,1.355421,-0.114128,0.0921855,-56.16463,5.414262,3.258763
66.818552017,-143.8478,-26.62149,-150.898,1.384684,-0.1640455,0.07745039,-56.16463,5.414262,3.258763
66.828410625,-151.7365,-23.11047,-152.4306,1.405259,-0.2281661,0.05888563,-56.16463,5.414262,3.258763
66.838269711,-154.159,-19.77797,-154.5762,1.422434,-0.3025627,0.03309461,-55.73673,-3.414015,4.179506
66.848128319,-149.5003,-16.86203,-157.9479,1.422891,-0.3927543,-0.01271782,-55.73673,-3.414015,4.179506
66.857987881,-135.7727,-13.52953,-161.6261,1.427239,-0.5270761,-0.02733097,-55.73673,-3.414015,4.179506
66.867846966,-117.0758,-10.79212,-163.3425,1.424511,-0.5917066,0.002831228,-55.73673,-3.414015,4.179506
66.877705574,-100.7393,-7.45961599999998,-162.423,1.442809,-0.578796,0.02855617,-55.73673,-3.414015,4.179506
66.887564659,-90.8007800000002,-4.127115,-158.6835,1.473943,-0.517187,0.03390357,-55.73673,-3.414015,4.179506
66.897424221,-90.0553900000002,-1.508722,-154.3923,1.496596,-0.4718103,0.01287889,-53.0719,-15.193,2.17356
66.907282829,-96.7017900000001,0.3955634,-151.6337,1.505658,-0.465094,-0.03415514,-53.0719,-15.193,2.17356
66.917141914,-103.5967,3.490028,-147.4651,1.4948,-0.5047631,-0.07602552,-53.0719,-15.193,2.17356
66.929465771,-104.9011,7.953198,-142.6221,1.48215,-0.6378718,-0.1162629,-53.0719,-15.193,2.17356
66.939324379,-95.0246599999997,11.52373,-139.0052,1.454122,-0.7409052,-0.145485,-47.4241,-24.04351,1.402273
66.949183941,-79.3714499999998,14.38016,-135.8788,1.414922,-0.8114399,-0.1761903,-47.4241,-24.04351,1.402273
66.959043026,-59.8049400000001,16.46297,-131.7715,1.373595,-0.8649524,-0.2043257,-47.4241,-24.04351,1.402273
66.968901634,-38.49918,17.11757,-126.806,1.336219,-0.9057255,-0.218513,-47.4241,-24.04351,1.402273
66.978760719,-18.99478,17.35561,-122.0243,1.272853,-0.9578408,-0.2113409,-47.4241,-24.04351,1.402273
66.988619328,-3.590036,16.10592,-115.5262,1.220751,-0.9650707,-0.1996378,-42.98791,-30.02058,-1.120807
66.998478889,7.777177,13.42802,-107.189,1.191453,-0.9594566,-0.1905473,-42.98791,-30.02058,-1.120807
67.008337975,15.04474,9.97650199999998,-99.2809099999998,1.162564,-0.9509318,-0.1847924,-42.98791,-30.02058,-1.120807
67.018196583,17.77784,6.22743899999999,-91.4954300000003,1.146341,-0.9242451,-0.1670848,-42.98791,-30.02058,-1.120807
67.028056145,17.59149,2.597394,-83.5260399999998,1.141484,-0.923302,-0.1636532,-42.98791,-30.02058,-1.120807
67.03791523,21.1321,2.359358,-75.00493,1.301518,-0.7703799,0.01074349,-38.09806,-36.34055,-1.4659
67.047773838,5.29254,2.83543,-73.34975,1.137961,-0.8978376,-0.1125929,-38.09806,-36.34055,-1.4659
67.057632923,-41.97767,-3.710553,-42.94345,1.466745,-2.267716,0.2621869,-38.09806,-36.34055,-1.4659
67.067492485,-107.9448,13.9636,38.77344,2.056618,-4.578959,0.08380565,-38.09806,-36.34055,-1.4659
67.077351093,2.55944,16.16543,38.95735,1.017159,-2.557497,-0.8163625,-38.09806,-36.34055,-1.4659
67.087210178,150.7059,-7.57863299999998,16.39785,0.8880525,-1.10885,-0.901491,-35.0917,-40.00143,-1.892372
67.097068787,179.155,-14.42216,-11.31111,0.6963226,0.378102,-0.4865571,-35.0917,-40.00143,-1.892372
67.109392643,-10.73337,-16.86203,-11.86284,1.389643,1.287719,0.2472883,-35.0917,-40.00143,-1.892372
67.119252205,-183.2293,-7.400107,-8.00074700000001,1.584386,1.212617,0.003800015,-35.0917,-40.00143,-1.892372
67.12911129,-252.1158,-1.746758,-0.644387100000003,1.209817,0.5545681,-0.0591901,-35.0917,-40.00143,-1.892372
67.138969898,-224.2879,-0.675597399999998,3.708126,1.011153,-0.003439648,0.05729438,-34.71475,-39.99951,-1.446207
67.148828983,-135.0273,-1.568231,12.16794,0.9760051,-0.4694766,0.04763267,-34.71475,-39.99951,-1.446207
67.158687592,-28.4364,-0.1400169,22.16033,0.7304065,-0.3650601,-0.07593199,-34.71475,-39.99951,-1.446207
67.168547154,52.19006,-6.09091000000001,18.97257,0.7073125,-0.08515561,-0.1240358,-34.71475,-39.99951,-1.446207
67.178406239,93.7456099999999,-2.639392,12.65836,0.8810444,0.1013879,-0.09953998,-34.71475,-39.99951,-1.446207
67.188264847,100.8889,5.92989400000002,3.892035,0.9055748,0.1952291,-0.04782331,-34.36863,-40.05729,-5.288966
67.198124409,96.6650499999997,12.17833,-7.20380800000002,0.9160789,0.3454894,0.0294878,-34.36863,-40.05729,-5.288966
67.207983494,77.4091199999998,9.85748499999999,-13.94714,0.9399872,0.2231917,0.06070049,-34.36863,-40.05729,-5.288966
67.217842102,56.22759,11.2857,-9.594625,0.958233,0.07356043,0.08313762,-34.36863,-40.05729,-5.288966
67.227701187,32.31297,10.92865,-5.91644500000001,0.9683723,0.02918466,0.03421946,-34.36863,-40.05729,-5.288966
67.237560749,5.478888,9.14337700000003,-1.870447,1.019938,-0.004126075,-0.01663334,-35.1017,-39.27672,-2.732093
67.247419357,-21.16884,6.52498400000002,3.033792,1.064297,-0.03746424,-0.05779967,-35.1017,-39.27672,-2.732093
67.257278442,-37.87802,4.561189,6.28285200000001,1.100747,-0.1681349,-0.08290273,-35.1017,-39.27672,-2.732093
67.267137051,-37.19474,4.323153,4.81158,1.113555,-0.2355898,-0.06400739,-35.1017,-39.27672,-2.732093
67.279460907,-24.64733,4.561189,-0.3991751,1.083305,-0.2001954,-0.02685837,-35.1017,-39.27672,-2.732093
67.289320469,-15.08148,2.656903,-2.422174,1.039563,-0.133752,0.01697454,-34.72918,-39.65541,-3.17835
67.299179554,-13.218,0.931143899999998,-0.583084100000002,1.031581,-0.05184361,0.07767951,-34.72918,-39.65541,-3.17835
67.309038162,-19.74018,-2.282339,2.420763,1.001749,-0.002929611,0.08570547,-34.72918,-39.65541,-3.17835
67.318897247,-23.83982,-5.91238399999998,4.075944,0.9841655,0.02071008,0.07273801,-34.72918,-39.65541,-3.17835
67.328755856,-21.29307,-6.98354400000001,4.321156,0.9827125,-0.03872725,0.05740192,-34.72918,-39.65541,-3.17835
67.338615418,-14.08763,-6.15041899999999,3.830732,0.9930348,-0.1203739,0.06087855,-35.10889,-39.66268,-4.008598
67.348474503,-0.9811672,-3.055955,3.830732,1.009615,-0.1957815,0.02646188,-35.10889,-39.66268,-4.008598
67.358333111,15.04474,0.3360545,2.482066,1.004878,-0.2066568,-0.007585546,-35.10889,-39.66268,-4.008598
67.368192673,25.60444,3.073465,2.97249,1.002109,-0.2266527,-0.01298603,-35.10889,-39.66268,-4.008598
67.378051758,30.26314,5.09677,5.547216,1.001853,-0.3132246,-0.0002954043,-35.10889,-39.66268,-4.008598
67.387910366,32.18874,6.52498400000002,9.96103099999998,1.002222,-0.4601582,0.005168092,-35.11291,-38.92639,-4.01614
67.397769451,31.6918,5.92989400000002,18.42085,0.9960703,-0.7280042,-0.03581984,-35.11291,-38.92639,-4.01614
67.407629013,38.71091,6.04891300000001,28.22932,1.020657,-0.7559332,-0.01532119,-35.11291,-38.92639,-4.01614
67.417487621,44.79826,5.037261,32.27532,1.00924,-0.6485875,-0.04060851,-35.11291,-38.92639,-4.01614
67.427346706,41.00919,3.311501,35.76959,1.055007,-0.6251602,-0.0003311392,-35.11291,-38.92639,-4.01614
67.437205792,30.1389,2.954448,40.30602,1.101353,-0.5993972,0.01264333,-35.48141,-39.28399,-3.562342
67.4470644,20.32459,2.597394,44.59723,1.115816,-0.6167687,0.01756179,-35.48141,-39.28399,-3.562342
67.459388733,10.07547,2.478376,52.13749,1.149822,-0.6432503,0.01254082,-35.48141,-39.28399,-3.562342
67.469247818,3.056367,2.656903,58.8195200000003,1.166551,-0.6899455,-0.02163563,-35.48141,-39.28399,-3.562342
67.479106426,2.55944,2.954448,65.6241500000002,1.16399,-0.7621222,-0.05766902,-35.48141,-39.28399,-3.562342
67.488965511,10.01335,3.728064,71.26402,1.167171,-0.770814,-0.04724533,-36.59632,-38.20478,-1.902871
67.498825073,17.96419,4.50168,76.4134800000002,1.195756,-0.7345086,-0.03584556,-36.59632,-38.20478,-1.902871
67.508683682,23.80308,5.87038600000001,81.5629300000001,1.216201,-0.7042208,-0.05265331,-36.59632,-38.20478,-1.902871
67.518542767,28.46177,6.584493,85.7315299999998,1.223786,-0.7125202,-0.07774983,-36.59632,-38.20478,-1.902871
67.528401375,36.16415,6.64400199999998,90.6970699999998,1.233448,-0.722721,-0.095704,-36.59632,-38.20478,-1.902871
67.538260937,45.54366,5.87038600000001,94.6817699999999,1.230356,-0.7496441,-0.1308687,-39.22326,-35.5913,-1.467647
67.548120022,57.96684,6.22743899999999,100.0764,1.247553,-0.7670474,-0.1408447,-39.22326,-35.5913,-1.467647
67.55797863,69.4582800000002,5.92989400000002,106.0228,1.274394,-0.7580393,-0.1377968,-39.22326,-35.5913,-1.467647
67.567837715,80.2043400000001,6.10842100000003,111.1723,1.278442,-0.7332017,-0.1419577,-39.22326,-35.5913,-1.467647
67.577697277,88.0930600000002,5.87038600000001,115.0344,1.28873,-0.7005305,-0.1480582,-39.22326,-35.5913,-1.467647
67.587555885,93.7456099999999,5.513332,118.8965,1.303632,-0.6872891,-0.155826,-41.84547,-32.2246,0.1762981
67.59741497,99.0875799999998,5.513332,122.8198,1.30712,-0.6921229,-0.1554373,-41.84547,-32.2246,0.1762981
67.607274532,104.119,5.156279,126.8659,1.316815,-0.6495857,-0.1245477,-41.84547,-32.2246,0.1762981
67.617132664,105.5476,5.394314,130.1149,1.337014,-0.5918921,-0.09943035,-41.84547,-32.2246,0.1762981
67.629456997,101.8207,6.64400199999998,132.5057,1.36142,-0.5589796,-0.07458207,-41.84547,-32.2246,0.1762981
67.639316082,97.5346799999998,7.23909100000001,134.4061,1.350276,-0.5492839,-0.05804864,-45.60569,-26.27325,1.415561
67.64917469,95.1742699999998,7.41761800000002,135.9387,1.336422,-0.5551734,-0.03873292,-45.60569,-26.27325,1.415561
67.659033775,95.3606199999997,7.655654,136.6743,1.339691,-0.5667698,-0.02450138,-45.60569,-26.27325,1.415561
67.668893337,97.7210200000001,9.20288600000001,137.3487,1.351143,-0.5447778,-0.0263958,-45.60569,-26.27325,1.415561
67.678751945,99.1496900000002,10.51208,137.7778,1.341156,-0.5039115,-0.005302994,-45.60569,-26.27325,1.415561
67.688611031,98.5285300000001,12.35686,138.0843,1.32384,-0.4748247,0.006210851,-48.93598,-20.40078,1.757005
67.698469639,97.2862200000001,13.9636,138.0843,1.297877,-0.4638356,0.01338243,-48.93598,-20.40078,1.757005
67.708329201,98.3421899999999,15.57034,137.4713,1.278656,-0.4829509,0.02212064,-48.93598,-20.40078,1.757005
67.718188286,102.3797,16.87954,136.7356,1.243382,-0.4534959,0.04443595,-48.93598,-20.40078,1.757005
67.728046894,105.3613,18.30775,135.2031,1.22499,-0.4073578,0.06377622,-48.93598,-20.40078,1.757005
67.737905979,107.1005,20.27155,133.3027,1.215047,-0.3977254,0.06064484,-52.71302,-11.87775,2.58579
67.747765541,110.3927,22.94945,131.8314,1.190175,-0.3896248,0.07352688,-52.71302,-11.87775,2.58579
67.757624149,113.6848,25.38931,129.5632,1.164975,-0.3694117,0.07309823,-52.71302,-11.87775,2.58579
67.767483234,117.4739,28.24574,126.498,1.128612,-0.3448795,0.08292832,-52.71302,-11.87775,2.58579
67.777342796,118.2193,29.79298,122.6972,1.084275,-0.2970232,0.1026529,-52.71302,-11.87775,2.58579
67.787201405,116.8527,31.69726,119.5708,1.063511,-0.2679741,0.1122988,-55.38099,-2.337053,2.501903
67.79706049,113.6227,33.54204,116.383,1.04529,-0.2422927,0.1261928,-55.38099,-2.337053,2.501903
67.809384346,109.7094,36.39847,111.1723,0.9990258,-0.227645,0.1188294,-55.38099,-2.337053,2.501903
67.819242954,107.7838,38.30275,106.6972,0.9578246,-0.2109521,0.1257871,-55.38099,-2.337053,2.501903
67.829102039,104.8022,39.96901,102.0381,0.9130147,-0.183113,0.1290567,-55.38099,-2.337053,2.501903
67.838961601,100.392,41.04016,97.3791,0.8711751,-0.1451203,0.1079305,-55.4352,7.602933,2.400096
67.848820209,95.0500399999999,41.81378,92.7813800000002,0.8317075,-0.1206621,0.105345,-55.4352,7.602933,2.400096
67.858679295,89.70807,41.57574,87.6319299999997,0.7892439,-0.09820028,0.09655577,-55.4352,7.602933,2.400096
67.868537903,84.1176399999998,41.04016,82.8502899999998,0.7433575,-0.06649199,0.09603976,-55.4352,7.602933,2.400096
67.878397465,78.9620199999998,39.43342,76.7812999999999,0.7025462,-0.05958772,0.0870957,-55.4352,7.602933,2.400096
67.88825655,75.4214100000002,37.23159,70.5896900000002,0.6637801,-0.0584996,0.07951102,-53.97734,14.89261,2.701669
67.898115158,73.4337,34.43467,64.3367800000001,0.6308876,-0.04124703,0.086355,-53.97734,14.89261,2.701669
67.907974243,71.13541,32.64941,57.9612800000001,0.6141416,-0.02385057,0.09344929,-53.97734,14.89261,2.701669
67.917833805,68.6507799999998,30.68561,51.58577,0.5861534,-0.02803311,0.0823121,-53.97734,14.89261,2.701669
67.927692413,67.1599999999999,28.48378,45.27156,0.5572631,-0.02927323,0.07935899,-53.97734,14.89261,2.701669
67.937551498,63.3709199999997,25.62735,38.95735,0.5283829,0.0103654,0.07722994,-51.38537,20.39619,3.463768
67.94741106,54.92316,22.23534,33.01096,0.5104341,0.04721825,0.08498476,-51.38537,20.39619,3.463768
67.957269669,41.94093,18.78382,27.98411,0.4990781,0.05392392,0.08328641,-51.38537,20.39619,3.463768
67.967128754,28.33754,15.45132,23.14118,0.4902064,0.05187413,0.07668676,-51.38537,20.39619,3.463768
67.97945261,14.73416,11.10717,16.94957,0.471459,0.009323802,0.06365647,-51.38537,20.39619,3.463768
67.989311218,7.34236499999998,8.19123500000002,11.73882,0.4657893,-0.005317776,0.06553051,-49.90128,22.96219,3.877743
67.999170303,-0.04942847,5.453823,7.202397,0.4730302,-0.003815754,0.0596896,-49.90128,22.96219,3.877743
68.009029865,-7.19275900000001,2.656903,2.298157,0.4709966,0.001027241,0.05832185,-49.90128,22.96219,3.877743
68.018888474,-13.96339,-0.735106300000001,-2.54478,0.4707862,0.008290639,0.04928136,-49.90128,22.96219,3.877743
68.028747559,-21.23096,-4.484169,-7.32641400000001,0.4730791,0.01510383,0.04403498,-49.90128,22.96219,3.877743
68.038607121,-27.2562,-8.23323200000001,-12.53717,0.472131,0.0004570257,0.0333825,-49.15985,24.058,3.862568
68.048465729,-31.23162,-11.92279,-17.87053,0.4992138,-0.01194798,0.0352878,-49.15985,24.058,3.862568
68.058324814,-34.95857,-15.55283,-23.01998,0.5054477,-0.00362762,0.03335238,-49.15985,24.058,3.862568
68.068183899,-38.31283,-19.12337,-28.16943,0.5180365,-0.01478127,0.01391085,-49.15985,24.058,3.862568
68.078042507,-40.549,-22.75341,-33.50279,0.538352,-0.04772926,0.003759254,-49.15985,24.058,3.862568
68.087902069,-40.549,-25.84788,-38.71355,0.5680855,-0.07518925,0.007416528,-49.91057,25.17643,4.239202
68.097760677,-39.12033,-28.76381,-43.67909,0.5867113,-0.07843173,0.007123698,-49.91057,25.17643,4.239202
68.107619762,-37.13263,-32.21533,-48.88985,0.5926352,-0.08959366,0.001194675,-49.91057,25.17643,4.239202
68.117479324,-35.51761,-35.72636,-54.28451,0.6068364,-0.07335232,0.01646372,-49.91057,25.17643,4.239202
68.127337933,-37.0084,-39.35641,-59.3113599999998,0.6373486,-0.03899095,0.02398602,-49.91057,25.17643,4.239202
68.137197018,-40.73535,-42.51038,-64.3995099999998,0.6746619,-0.0006766914,0.03144476,-51.39344,22.98481,4.269553
68.147056103,-46.82271,-45.48582,-70.2845899999999,0.7066714,0.01027128,0.02053855,-51.39344,22.98481,4.269553
68.159379482,-53.65546,-49.11587,-77.3957400000002,0.7552675,-0.006340253,0.01778895,-51.39344,22.98481,4.269553
68.169238567,-58.0656900000002,-52.38886,-83.0356199999998,0.7789828,-0.03780022,0.007122253,-51.39344,22.98481,4.269553
68.179098129,-59.8670499999999,-54.88824,-88.6754900000002,0.8063707,-0.06378858,0.01945097,-51.39344,22.98481,4.269553
68.188956738,-59.92917,-57.14958,-93.7023399999998,0.8473008,-0.0652885,0.04185653,-52.88431,21.14975,3.463953
68.198815823,-60.3018600000001,-57.9827000000002,-99.0357000000001,0.9019944,-0.0472543,0.050334,-52.88431,21.14975,3.463953
68.208675385,-61.3578299999999,-58.7563199999997,-104.9208,0.9538307,-0.05607644,0.04089516,-52.88431,21.14975,3.463953
68.218533993,-61.1093700000002,-58.8753400000001,-110.2542,0.9929236,-0.06550635,0.02923681,-52.88431,21.14975,3.463953
68.228393078,-61.5441799999998,-59.41092,-115.0971,1.036187,-0.08996349,0.02314261,-52.88431,21.14975,3.463953
68.238252163,-60.3639800000002,-59.4704200000002,-120.3078,1.057363,-0.1146366,0.01161099,-55.09727,14.16392,2.330921
68.248110771,-59.18378,-59.7679700000003,-124.5378,1.095684,-0.121087,0.01771917,-55.09727,14.16392,2.330921
68.257970333,-59.18378,-60.60109,-128.2772,1.136376,-0.1246075,0.02094308,-55.09727,14.16392,2.330921
68.267829418,-58.0656900000002,-62.38636,-132.875,1.176646,-0.1364134,0.02170711,-55.09727,14.16392,2.330921
68.277688026,-56.26433,-65.1237700000001,-137.9018,1.215463,-0.1511573,0.02102944,-55.09727,14.16392,2.330921
68.287547588,-53.34488,-68.0397099999999,-142.6834,1.24783,-0.1922125,0.02645124,-56.55161,7.25308,2.793745
68.297406197,-48.62407,-71.0151600000002,-146.852,1.284062,-0.2215294,0.03862581,-56.55161,7.25308,2.793745
68.307265282,-43.96538,-72.9194399999998,-149.6107,1.338844,-0.209817,0.04800708,-56.55161,7.25308,2.793745
68.317124367,-43.53057,-72.7409199999998,-152.1241,1.404961,-0.1926106,0.06829473,-56.55161,7.25308,2.793745
68.329448223,-49.55581,-70.9556499999997,-154.4536,1.454835,-0.2174278,0.08031283,-56.55161,7.25308,2.793745
68.339306831,-56.51279,-68.0397099999999,-156.0475,1.464594,-0.3093526,0.06933477,-56.09076,-5.913792,5.039383
68.349166393,-61.0472500000001,-63.5170299999998,-155.1892,1.457157,-0.4359794,0.05830893,-56.09076,-5.913792,5.039383
68.359025002,-61.3578299999999,-59.0538600000001,-151.2659,1.438533,-0.5130236,0.05984097,-56.09076,-5.913792,5.039383
68.368884087,-65.3953699999998,-55.3048,-146.852,1.462081,-0.5127965,0.06477846,-56.09076,-5.913792,5.039383
68.378743649,-76.0171900000001,-50.90114,-143.1739,1.454231,-0.5070135,0.06829353,-56.09076,-5.913792,5.039383
68.388602257,-90.7386600000001,-47.62815,-138.2696,1.447485,-0.4617749,0.07979305,-53.02751,-16.5952,7.245733
68.398461342,-108.1932,-45.18828,-132.7523,1.46003,-0.4159538,0.07137537,-53.02751,-16.5952,7.245733
68.408320427,-126.7038,-42.51038,-128.8903,1.47048,-0.3798189,0.08015698,-53.02751,-16.5952,7.245733
68.418179035,-146.2082,-39.17788,-126.1316,1.459978,-0.381928,0.06160008,-53.02751,-16.5952,7.245733
68.428038597,-162.0477,-35.84538,-122.576,1.435621,-0.4343556,0.02316881,-53.02751,-16.5952,7.245733
68.437897682,-169.3153,-32.09632,-119.5109,1.408156,-0.5583578,-0.01917659,-47.3718,-23.57023,8.952131
68.447756291,-166.7064,-27.87118,-116.3844,1.376258,-0.6638547,-0.04740586,-47.3718,-23.57023,8.952131
68.457615852,-158.6314,-23.94359,-112.3998,1.356755,-0.7097676,-0.04703617,-47.3718,-23.57023,8.952131
68.467474938,-150.5563,-19.95649,-107.6794,1.342257,-0.7279114,-0.04985786,-47.3718,-23.57023,8.952131
68.477333546,-144.9659,-16.26694,-103.4495,1.320837,-0.7353957,-0.04865734,-47.3718,-23.57023,8.952131
68.487192631,-141.7979,-13.58904,-98.3000600000002,1.278242,-0.7392004,-0.05431195,-43.29608,-31.37749,6.897933
68.497052193,-139.9345,-11.26819,-92.5375799999997,1.258047,-0.7724815,-0.0576594,-43.29608,-31.37749,6.897933
68.509375095,-134.5304,-7.99519600000002,-84.4455900000001,1.220944,-0.8268473,-0.063819,-43.29608,-31.37749,6.897933
68.519234657,-125.2751,-5.198276,-78.0700799999997,1.18757,-0.88709,-0.0887701,-43.29608,-31.37749,6.897933
68.529093742,-110.6158,-2.877428,-71.6945600000002,1.156321,-0.9511728,-0.1046791,-43.29608,-31.37749,6.897933
68.538952351,-90.1175,-1.032651,-65.5642600000001,1.136425,-1.007316,-0.106307,-38.06769,-36.28175,2.75901
68.548811912,-65.08479,2.002305,-59.3726600000002,1.19742,-0.9399307,-0.05868768,-38.06769,-36.28175,2.75901
68.558670998,-45.58039,6.76302000000001,-58.9435400000001,1.103578,-0.8698635,-0.09797002,-38.06769,-36.28175,2.75901
68.568529606,-47.9408,2.656903,-41.47218,1.218908,-1.615599,-0.04600738,-38.06769,-36.28175,2.75901
68.578388691,-42.97152,15.09427,-14.98929,1.502136,-2.308615,0.5613161,-38.06769,-36.28175,2.75901
68.588247299,-46.51213,19.14088,37.8539,1.611207,-3.499664,-0.1657349,-35.45426,-39.23142,0.2144737
68.598106861,81.8193499999999,6.94154599999998,22.89596,0.9076622,-1.725386,-0.6875004,-35.45426,-39.23142,0.2144737
68.607965946,169.8997,-2.401357,1.010794,0.9509297,-0.2091477,-0.4141572,-35.45426,-39.23142,0.2144737
68.617824554,117.4118,-5.614839,-13.88583,1.026447,1.002735,-0.01685441,-35.45426,-39.23142,0.2144737
68.627684116,-45.45616,-8.471268,-13.51802,1.344289,1.52697,0.1814283,-35.45426,-39.23142,0.2144737
68.637543201,-190.4347,-6.09091000000001,-8.42986799999998,1.303618,0.8903188,-0.02462872,-33.94408,-41.45133,0.6774673
68.64740181,-216.0886,-1.270687,-0.0926601400000001,1.048416,0.2303991,-0.08981509,-33.94408,-41.45133,0.6774673
68.657260895,-168.1972,-1.151669,3.340307,1.00484,-0.2326788,-0.06914215,-33.94408,-41.45133,0.6774673
68.667120457,-81.1728100000001,0.03850985,10.57406,0.9495934,-0.442421,-0.07156244,-33.94408,-41.45133,0.6774673
68.679443359,23.30615,-0.616088399999998,14.55876,0.8507223,-0.2102623,-0.08592437,-33.94408,-41.45133,0.6774673
68.689302921,75.9183300000002,1.942796,7.50891199999997,0.9272111,0.04890095,-0.06086739,-33.97173,-40.38876,-2.342493
68.699162006,94.4288799999998,7.23909100000001,-0.1539631,0.929984,0.2130076,-0.03604117,-33.97173,-40.38876,-2.342493
68.709020615,87.7824799999999,8.78632399999999,-6.22295999999998,0.9259788,0.2591931,-0.03799031,-33.97173,-40.38876,-2.342493
68.718880176,70.7005999999998,7.12007299999999,-6.652081,0.9031187,0.2010632,-0.04342627,-33.97173,-40.38876,-2.342493
68.728739262,47.77983,3.906591,-3.954749,0.8834255,0.1119142,-0.02329238,-33.97173,-40.38876,-2.342493
68.73859787,23.74097,2.775921,-1.134811,0.9125805,0.05952482,-0.04811002,-34.70998,-40.36231,-1.058353
68.748456955,-2.099254,2.775921,1.501218,0.9950658,0.050439,-0.07044709,-34.70998,-40.36231,-1.058353
68.758316517,-25.88965,3.132974,3.462914,1.024858,0.02676639,-0.09503146,-34.70998,-40.36231,-1.058353
68.768175125,-39.55515,2.597394,3.769429,1.042227,-0.06111025,-0.08260304,-34.70998,-40.36231,-1.058353
68.77803421,-41.29439,2.894938,1.439915,1.051175,-0.1197967,-0.05207789,-34.70998,-40.36231,-1.058353
68.787892818,-33.03298,2.716412,-1.441326,1.065604,-0.1078844,-0.02391024,-34.70475,-40.72422,-0.6064863
68.79775238,-22.65962,1.526233,-1.747841,1.043965,-0.05244977,0.01663955,-34.70475,-40.72422,-0.6064863
68.807611465,-16.51015,-1.09216,-0.583084100000002,1.017586,0.01554333,0.04346611,-34.70475,-40.72422,-0.6064863
68.817470074,-15.01936,-3.770062,0.949490699999999,0.9956158,0.07137171,0.06006398,-34.70475,-40.72422,-0.6064863
68.827329159,-16.26168,-6.26943700000002,2.482066,0.9836907,0.0985558,0.07052656,-34.70475,-40.72422,-0.6064863
68.837188721,-18.06305,-8.35224999999998,2.788581,0.9837309,0.07317944,0.05114384,-34.34023,-40.74636,-1.888695
68.849512577,-14.64667,-11.08966,1.685127,0.9847438,0.0305871,-0.01967238,-34.34023,-40.74636,-1.888695
68.859371185,-9.05623599999999,-11.03015,0.642975800000003,0.9905545,-0.008436057,-0.05842048,-34.34023,-40.74636,-1.888695
68.86923027,-6.32313599999999,-10.37555,-0.4604781,1.016944,-0.04433853,-0.09216435,-34.34023,-40.74636,-1.888695
68.879088879,-5.82620899999998,-8.11421399999999,0.3977638,1.029307,-0.07543877,-0.1098542,-34.71597,-40.37389,-1.890533
68.888948441,-8.49719300000003,-6.68599899999998,1.256006,1.039217,-0.1536503,-0.09771711,-34.71597,-40.37389,-1.890533
68.898807526,-15.20571,-2.579883,4.075944,1.080894,-0.2793824,0.01371885,-34.71597,-40.37389,-1.890533
68.908666134,-17.00707,1.942796,7.75412299999998,1.090195,-0.4792836,0.01764964,-34.71597,-40.37389,-1.890533
68.918525219,-7.68968600000002,6.04891300000001,13.08748,1.079742,-0.666582,0.05503309,-34.71597,-40.37389,-1.890533
68.928384781,4.795613,8.78632399999999,20.87296,1.081584,-0.8446128,0.06931796,-34.71597,-40.37389,-1.890533
68.938243389,19.45497,10.33356,30.19102,1.091832,-0.9497155,0.04672092,-34.71597,-40.37389,-1.890533
68.948102474,37.34436,11.70226,37.17956,1.083132,-0.8904701,0.03488572,-34.71597,-40.37389,-1.890533
68.957962036,48.52522,12.41637,41.89989,1.12517,-0.8029845,0.0374209,-34.71597,-40.37389,-1.890533
68.967820644,49.27061,12.89244,46.98804,1.158356,-0.7642775,0.02960738,-34.71597,-40.37389,-1.890533
68.977679729,46.35116,12.83293,52.81183,1.159636,-0.7545534,0.02440001,-34.71597,-40.37389,-1.890533
68.987538815,44.23922,12.6544,59.0034300000001,1.184125,-0.7704398,0.01241612,-34.71676,-39.63136,-1.449978
68.997397423,44.86038,12.5949,64.8885100000003,1.196373,-0.7957142,-0.008577314,-34.71676,-39.63136,-1.449978
69.007256985,49.45696,13.9636,71.6318399999997,1.226773,-0.8095841,-0.01583644,-34.71676,-39.63136,-1.449978
69.01711607,54.98528,15.51083,78.0073500000001,1.234923,-0.7978404,-0.01777028,-34.71676,-39.63136,-1.449978
69.029439449,60.0787800000001,18.48628,84.8732900000001,1.248896,-0.7821525,-0.01975382,-36.58114,-38.17538,0.2095852
69.039298534,65.0480500000001,21.87829,89.9001400000003,1.261106,-0.7888848,-0.02717267,-36.58114,-38.17538,0.2095852
69.049158096,70.9490699999998,24.49668,94.9882899999998,1.277069,-0.7853757,-0.03743374,-36.58114,-38.17538,0.2095852
69.059016705,75.8562199999998,27.11507,101.0573,1.295358,-0.7525854,-0.03070889,-36.58114,-38.17538,0.2095852
69.06887579,77.7197000000002,28.42427,106.3906,1.299699,-0.7068059,-0.03086361,-36.58114,-38.17538,0.2095852
69.078734875,77.7197000000002,29.37641,111.8466,1.299911,-0.7005336,-0.04566889,-39.95156,-35.17354,1.477081
69.088593483,77.53336,29.3169,117.3639,1.313845,-0.6892509,-0.05439784,-39.95156,-35.17354,1.477081
69.098453045,78.5272100000002,28.66231,122.2068,1.320656,-0.652719,-0.06089541,-39.95156,-35.17354,1.477081
69.108311653,79.7074099999998,27.59115,125.8237,1.336462,-0.6277726,-0.06378535,-39.95156,-35.17354,1.477081
69.118170738,80.8254899999999,27.2936,128.7663,1.362583,-0.6129762,-0.07265835,-39.95156,-35.17354,1.477081
69.1280303,83.1858999999999,27.05556,130.9118,1.377077,-0.6143625,-0.08725261,-43.33725,-29.96905,2.273856
69.137888908,88.2172900000001,26.87704,132.4444,1.367365,-0.6158935,-0.08329352,-43.33725,-29.96905,2.273856
69.147747994,93.4971399999999,26.34146,133.5479,1.372186,-0.5753474,-0.05283048,-43.33725,-29.96905,2.273856
69.157607079,95.9196599999998,26.34146,134.2222,1.383008,-0.5732822,-0.04673769,-43.33725,-29.96905,2.273856
69.167465687,97.6589100000003,27.2936,135.6322,1.394116,-0.5882232,-0.03456292,-43.33725,-29.96905,2.273856
69.177325249,98.9012299999999,27.65066,138.1456,1.38643,-0.5692116,-0.007457759,-43.33725,-29.96905,2.273856
69.187184334,99.9572000000002,28.18624,138.9425,1.389532,-0.5749968,-0.0003627967,-46.73093,-24.40798,2.234682
69.19950819,102.1934,29.61445,139.7395,1.391362,-0.5462103,0.01566764,-46.73093,-24.40798,2.234682
69.209366798,101.448,30.98315,140.7203,1.375741,-0.5048403,0.05457538,-46.73093,-24.40798,2.234682
69.21922636,98.3421899999999,33.54204,141.9464,1.383285,-0.4618875,0.07160233,-46.73093,-24.40798,2.234682
69.229084969,94.2425299999999,38.00521,141.5786,1.395535,-0.4554265,0.07867026,-51.19045,-17.04997,2.566838
69.238944054,93.0623299999997,43.06347,140.4138,1.377318,-0.4745258,0.08931109,-51.19045,-17.04997,2.566838
69.248803139,94.2425299999999,47.9432,138.6973,1.347436,-0.4674786,0.09267166,-51.19045,-17.04997,2.566838
69.258661747,94.9258100000001,52.10883,137.2874,1.30474,-0.4429948,0.1045084,-51.19045,-17.04997,2.566838
69.268521309,93.0002100000003,55.08427,136.3678,1.255733,-0.3747484,0.1225548,-51.19045,-17.04997,2.566838
69.278380394,86.9128600000001,56.39347,134.8965,1.205774,-0.3203088,0.09449512,-54.6122,-7.450867,1.654007
69.288239002,78.4650900000001,55.9174,132.8122,1.148031,-0.2980138,0.07729667,-54.6122,-7.450867,1.654007
69.298098564,70.7005999999998,54.42968,130.544,1.094616,-0.2996245,0.03347883,-54.6122,-7.450867,1.654007
69.307957649,65.97979,51.03767,127.8467,1.043142,-0.2927871,0.03187416,-54.6122,-7.450867,1.654007
69.317816258,62.1286,48.83583,124.7815,1.030785,-0.2879144,0.06276017,-54.6122,-7.450867,1.654007
69.327675343,57.7804900000001,47.40762,121.2873,1.013992,-0.2791841,0.09470035,-54.28828,0.5711241,0.7375708
69.337534905,54.11565,47.11008,118.0382,0.988171,-0.2730365,0.1080586,-54.28828,0.5711241,0.7375708
69.347393513,53.1218,47.05057,114.5439,0.9538233,-0.2738579,0.09991565,-54.28828,0.5711241,0.7375708
69.357252598,54.05354,46.93155,110.6819,0.9055101,-0.2558362,0.08877635,-54.28828,0.5711241,0.7375708
69.36711216,55.97913,47.34811,106.3293,0.8765178,-0.2128119,0.08140627,-54.28828,0.5711241,0.7375708
69.379435062,58.0910699999999,47.9432,99.9538299999998,0.8338441,-0.1655104,0.07905927,-53.58705,10.14591,1.467851
69.389294624,59.2091600000002,48.30025,94.8656799999997,0.7897716,-0.1245492,0.0761995,-53.58705,10.14591,1.467851
69.39915371,60.01666,48.65731,89.8388399999998,0.7419013,-0.1026305,0.06508676,-53.58705,10.14591,1.467851
69.409012318,61.5074500000002,48.30025,84.5054699999998,0.7004569,-0.09186579,0.04899631,-53.58705,10.14591,1.467851
69.418871403,62.6255299999998,46.81253,79.23341,0.6573972,-0.06699761,0.03448551,-53.58705,10.14591,1.467851
69.428730965,62.8739999999997,44.72972,73.53223,0.6123354,-0.05094777,0.008907238,-51.37128,16.70313,2.669294
69.438589573,62.7497600000002,41.9328,68.0149700000001,0.5839023,-0.01326972,0.001963268,-51.37128,16.70313,2.669294
69.448448658,59.51974,38.18373,62.4364000000001,0.5461172,0.02821545,-0.005773681,-51.37128,16.70313,2.669294
69.45830822,54.42623,33.89909,56.98043,0.5217285,0.06694195,-0.002224057,-51.37128,16.70313,2.669294
69.468166828,46.72386,30.6261,51.70837,0.511076,0.09896573,-0.001801973,-51.37128,16.70313,2.669294
69.478025913,38.46244,27.53164,46.62022,0.487911,0.1060361,-0.008120937,-49.14571,19.24892,2.247227
69.487884522,31.81604,24.43717,40.73514,0.4721422,0.1053765,-0.01700655,-49.14571,19.24892,2.247227
69.497743607,26.97099,21.64025,34.17572,0.4587584,0.1252267,-0.01233548,-49.14571,19.24892,2.247227
69.507603169,22.56076,18.66481,27.8002,0.4418049,0.1474462,-0.01621912,-49.14571,19.24892,2.247227
69.517461777,17.59149,15.62985,20.93427,0.4209986,0.1618368,-0.02250993,-49.14571,19.24892,2.247227
69.527320862,11.87683,11.46423,13.88442,0.4147747,0.1856071,-0.02749181,-47.28631,20.32555,1.77816
69.537180424,5.29254,6.88203800000003,7.07979100000001,0.4047775,0.2025475,-0.02816476,-47.28631,20.32555,1.77816
69.547039032,-3.776383,2.121322,0.581672800000002,0.4035992,0.2166404,-0.03042502,-47.28631,20.32555,1.77816
69.559362888,-15.76476,-4.662696,-8.30726199999999,0.388703,0.2149828,-0.04795708,-47.28631,20.32555,1.77816
69.569221973,-23.52925,-11.3277,-15.84753,0.3957942,0.2252302,-0.05707646,-47.28631,20.32555,1.77816
69.579080582,-31.04527,-18.17122,-23.63301,0.402833,0.2141159,-0.05295778,-47.34584,20.33161,2.162565
69.588940143,-36.20089,-24.77672,-31.5411,0.4222545,0.1982713,-0.04186752,-47.34584,20.33161,2.162565
69.598799229,-39.61726,-30.90614,-39.51049,0.456327,0.1810849,-0.03387259,-47.34584,20.33161,2.162565
69.608657837,-40.98381,-35.54783,-47.66378,0.4864463,0.1716642,-0.02192218,-47.34584,20.33161,2.162565
69.618516922,-42.16402,-39.77297,-55.93969,0.5187818,0.1700112,-0.020001,-47.34584,20.33161,2.162565
69.628376484,-45.02135,-42.86743,-63.5412599999999,0.5567123,0.1684669,-0.002345054,-47.28435,21.07343,2.602799
69.638235092,-48.7483,-45.42632,-70.8976300000001,0.5965426,0.1596003,0.004679626,-47.28435,21.07343,2.602799
69.648094177,-53.0343,-48.46127,-78.3152799999997,0.6301491,0.1404633,0.01266474,-47.28435,21.07343,2.602799
69.657953262,-57.13395,-51.43672,-85.7942500000003,0.6638987,0.1169731,0.02731986,-47.28435,21.07343,2.602799
69.66781187,-61.5441799999998,-54.47168,-92.6601899999997,0.7086834,0.09400901,0.02648777,-47.28435,21.07343,2.602799
69.677671432,-66.2028700000001,-57.5661400000001,-99.1583100000001,0.7556354,0.06428721,0.03515173,-49.14977,21.10124,3.060554
69.687530518,-68.6254000000002,-60.0060000000001,-105.9016,0.8109985,0.04247769,0.0576594,-49.14977,21.10124,3.060554
69.697389126,-71.4206100000002,-61.43422,-112.4611,0.8728748,0.04553277,0.07740887,-49.14977,21.10124,3.060554
69.707248688,-75.6444900000003,-62.20784,-118.2235,0.9417132,0.02964,0.0887528,-49.14977,21.10124,3.060554
69.717107773,-80.3653000000001,-62.38636,-124.4151,0.9919018,0.01405353,0.09605235,-49.14977,21.10124,3.060554
69.729431152,-85.6451600000002,-63.1004700000002,-132.0167,1.045869,-7.218384e-05,0.09468476,-52.12354,18.19059,3.106172
69.739290237,-91.2355899999998,-63.7550699999999,-138.4535,1.093552,-0.02546187,0.08899891,-52.12354,18.19059,3.106172
69.749149799,-95.2110100000002,-64.3501599999998,-144.7064,1.144714,-0.09998129,0.07997362,-52.12354,18.19059,3.106172
69.759008408,-95.3352400000001,-65.3618100000003,-150.4076,1.184069,-0.2067114,0.07371998,-52.12354,18.19059,3.106172
69.768867493,-88.6888400000001,-66.2544399999999,-154.0245,1.218803,-0.2521614,0.06948697,-52.12354,18.19059,3.106172
69.778726578,-80.9864699999999,-66.6710099999997,-157.7027,1.275104,-0.2536034,0.07106836,-54.71024,10.52701,1.469875
69.788585186,-75.8308400000002,-67.02806,-161.013,1.338529,-0.2447887,0.065926,-54.71024,10.52701,1.469875
69.798444748,-74.8990999999997,-66.2544399999999,-163.5878,1.399499,-0.1988931,0.09275873,-54.71024,10.52701,1.469875
69.808303833,-80.3653000000001,-64.8262299999998,-165.2429,1.468644,-0.1461288,0.1152201,-54.71024,10.52701,1.469875
69.818162441,-91.9188599999997,-62.4458699999999,-166.7755,1.526842,-0.1563585,0.1047203,-54.71024,10.52701,1.469875
69.828021526,-103.4724,-59.1728799999999,-168.7372,1.551999,-0.2218536,0.09805864,-56.13849,-0.4876819,2.486913
69.837881088,-112.1065,-55.54284,-171.0054,1.549403,-0.3596807,0.0734517,-56.13849,-0.4876819,2.486913
69.847739696,-111.3611,-52.98395,-173.2736,1.503561,-0.5349153,0.03764462,-56.13849,-0.4876819,2.486913
69.857598782,-101.9195,-49.71096,-171.741,1.52773,-0.6325098,0.03791412,-56.13849,-0.4876819,2.486913
69.86745739,-91.6704,-46.25944,-168.0016,1.577042,-0.6451464,0.05531424,-56.13849,-0.4876819,2.486913
69.877316952,-86.8874700000001,-42.86743,-165.5494,1.591043,-0.6235917,0.06056778,-53.82747,-11.47972,3.804076
69.887176037,-87.50864,-39.2969,-162.1778,1.592018,-0.6084489,0.07362007,-53.82747,-11.47972,3.804076
69.897034645,-91.3598200000002,-36.26194,-157.0283,1.598219,-0.5781677,0.08864243,-53.82747,-11.47972,3.804076
69.909358501,-101.5468,-31.38221,-150.4076,1.617343,-0.5244161,0.1031995,-53.82747,-11.47972,3.804076
69.919218063,-113.3489,-26.80002,-145.626,1.595295,-0.5120621,0.07582441,-53.82747,-11.47972,3.804076
69.929076672,-122.6662,-21.44422,-141.5187,1.560971,-0.5577935,0.02992452,-48.15934,-21.84102,4.712859
69.938935757,-124.4055,-17.9927,-138.0244,1.522518,-0.6518203,-0.03836729,-48.15934,-21.84102,4.712859
69.948794842,-117.8212,-14.71971,-134.2849,1.503534,-0.7431256,-0.07576563,-48.15934,-21.84102,4.712859
69.958654404,-105.2738,-10.91113,-130.6067,1.460865,-0.8125917,-0.07286854,-48.15934,-21.84102,4.712859
69.968513012,-93.4717599999997,-6.98354400000001,-126.009,1.401659,-0.8691308,-0.08735705,-48.15934,-21.84102,4.712859
69.978372097,-82.2287799999998,-3.710553,-119.327,1.328199,-0.9116563,-0.09433614,-43.71102,-28.84871,3.096656
69.988230705,-72.6629299999998,-1.389704,-111.6641,1.271519,-0.9661979,-0.1011766,-43.71102,-28.84871,3.096656
69.99808979,-64.4636299999999,0.4550724,-103.143,1.239681,-0.9893029,-0.08845863,-43.71102,-28.84871,3.096656
70.007949352,-58.2520400000001,2.061814,-94.9897000000001,1.213675,-1.009925,-0.07628205,-43.71102,-28.84871,3.096656
70.017807961,-50.92236,3.549537,-87.3881299999999,1.175615,-1.050135,-0.06841175,-43.71102,-28.84871,3.096656
70.027667046,-40.42477,3.906591,-79.97047,1.146421,-1.114173,-0.07716168,-38.8356,-34.82458,1.019419
70.037526608,-26.076,3.073465,-73.10453,1.118876,-1.156799,-0.08958803,-38.8356,-34.82458,1.019419
70.047385216,-8.55930899999998,2.478376,-65.5029599999997,1.139132,-1.108988,-0.1048076,-38.8356,-34.82458,1.019419
70.057244301,0.820194400000001,7.655654,-60.7826299999999,1.187849,-1.001721,0.2255717,-38.8356,-34.82458,1.019419
70.067103386,-108.4417,26.04391,9.34800099999998,2.169477,-4.710992,0.4227521,-38.8356,-34.82458,1.019419
70.079426765,-15.9511,39.79048,28.10672,0.8811587,-2.210492,-0.2235179,-35.45426,-39.23142,0.2144737
70.089286327,100.6405,4.50168,20.56645,0.7253164,-1.187086,-1.136556,-35.45426,-39.23142,0.2144737
70.099145412,161.7625,-16.74301,-1.196114,0.6471543,-0.6193391,-0.9873704,-35.45426,-39.23142,0.2144737
70.109004021,72.2534999999998,-34.95274,0.1525518,1.149096,0.7175692,0.080102,-35.45426,-39.23142,0.2144737
70.118863106,-74.8990999999997,-7.99519600000002,1.991642,1.614475,1.454541,0.3422901,-35.45426,-39.23142,0.2144737
70.128722668,-202.7958,-3.174973,-11.80153,1.434307,1.018519,-0.01486704,-33.95654,-40.35936,-0.2300377
70.138581276,-240.1896,1.050162,-3.403022,1.291414,0.163458,-0.08809297,-33.95654,-40.35936,-0.2300377
70.148440361,-182.4839,-0.5565795,6.466761,1.066261,-0.3935274,-0.1552349,-33.95654,-40.35936,-0.2300377
70.158299446,-86.0178499999998,-4.781713,17.74651,0.8413076,-0.6376902,-0.1119198,-33.95654,-40.35936,-0.2300377
70.168158054,-12.72108,-10.37555,30.00711,0.7208533,-0.416833,-0.1045055,-33.95654,-40.35936,-0.2300377
70.178017616,32.80989,-11.20868,32.52053,0.9137034,-0.1630042,-0.08977758,-33.98047,-40.40569,-3.558756
70.187876701,55.17162,-3.591535,24.85766,0.9494609,0.03975184,-0.08761768,-33.98047,-40.40569,-3.558756
70.19773531,52.43852,2.061814,12.53576,0.913048,0.2047442,0.006300017,-33.98047,-40.40569,-3.558756
70.207594872,34.98395,4.680207,-0.5217811,0.9415656,0.3484402,0.107259,-33.98047,-40.40569,-3.558756
70.217453957,15.2932,8.54828699999997,-8.00074700000001,0.9703705,0.299421,0.203233,-33.98047,-40.40569,-3.558756
70.227312565,-4.89447,11.70226,-6.59077800000001,0.9955891,0.09156903,0.255269,-34.35424,-39.28535,-2.735956
70.23717165,-16.88284,13.309,-0.583084100000002,1.000835,-0.1651767,0.1629379,-34.35424,-39.28535,-2.735956
70.247031212,-11.60299,12.89244,5.179398,0.9643838,-0.3114135,0.05200745,-34.35424,-39.28535,-2.735956
70.259354591,10.82086,10.51208,9.96103099999998,0.962323,-0.2005504,0.03428365,-34.35424,-39.28535,-2.735956
70.269213677,22.06384,8.01270699999998,11.49361,1.007357,-0.1534088,0.04170684,-34.35424,-39.28535,-2.735956
70.279072762,25.4181,7.00105599999999,11.86142,1.047225,-0.2884452,0.01220543,-34.72717,-40.02356,-3.17458
70.28893137,32.93412,6.52498400000002,11.73882,1.03704,-0.4127387,-0.01888792,-34.72717,-40.02356,-3.17458
70.298790932,45.66789,6.04891300000001,11.55491,1.009523,-0.393352,0.02527502,-34.72717,-40.02356,-3.17458
70.308650017,49.76754,2.954448,13.08748,1.013815,-0.4137148,0.03510518,-34.72717,-40.02356,-3.17458
70.318508625,45.97847,-0.1400169,16.45915,1.023477,-0.3936456,0.04376245,-34.72717,-40.02356,-3.17458
70.328368187,39.82899,-2.044303,20.93427,1.040456,-0.4591749,0.04728022,-35.46944,-39.26082,-1.897983
70.338227272,34.98395,-2.579883,27.8002,1.089952,-0.5911043,0.04498218,-35.46944,-39.26082,-1.897983
70.34808588,32.74778,-1.865776,34.48223,1.114883,-0.6425054,0.03412987,-35.46944,-39.26082,-1.897983
70.357944965,34.67337,-0.1995259,39.20256,1.123732,-0.6726848,0.01074747,-35.46944,-39.26082,-1.897983
70.367804527,39.95322,2.478376,43.12595,1.139555,-0.6408985,0.01510301,-35.46944,-39.26082,-1.897983
70.377663136,42.31363,5.572841,46.49762,1.163515,-0.55392,0.05478992,-35.83765,-38.56375,-0.6226873
70.387522221,38.83514,9.14337700000003,50.11449,1.169007,-0.5144296,0.06175371,-35.83765,-38.56375,-0.6226873
70.397381306,32.99624,10.92865,53.42486,1.176762,-0.5134043,0.05733905,-35.83765,-38.56375,-0.6226873
70.407239914,27.28157,11.82128,58.5129999999999,1.184641,-0.5162493,0.05864032,-35.83765,-38.56375,-0.6226873
70.417099476,22.99557,11.10717,63.1107299999999,1.174842,-0.5329403,0.04282556,-35.83765,-38.56375,-0.6226873
70.429423332,24.85905,9.916993,68.3214800000003,1.166405,-0.5749006,0.03300769,-36.96089,-37.06663,0.2002058
70.439281941,29.95256,9.38141300000001,72.5513900000001,1.183937,-0.581114,0.02168378,-36.96089,-37.06663,0.2002058
70.449141026,36.53685,9.08386799999999,76.5360799999999,1.191588,-0.5806068,0.009119844,-36.96089,-37.06663,0.2002058
70.459000588,42.93479,10.09552,80.2142600000002,1.203977,-0.5853352,0.01657055,-36.96089,-37.06663,0.2002058
70.468859196,49.2085,12.17833,83.6472300000002,1.231394,-0.5836215,0.01954865,-36.96089,-37.06663,0.2002058
70.478718281,55.91702,14.55869,86.2832599999999,1.233316,-0.5933785,0.00841732,-39.96478,-34.45507,0.1892643
70.488577843,63.6815000000001,17.41512,88.36756,1.230527,-0.5967807,0.01609556,-39.96478,-34.45507,0.1892643
70.498436451,71.5702200000002,19.85498,91.1262000000002,1.230177,-0.6123685,0.0126146,-39.96478,-34.45507,0.1892643
70.508295536,80.88761,21.16418,93.8848300000001,1.220581,-0.6099604,0.02858527,-39.96478,-34.45507,0.1892643
70.518154144,88.3415199999999,23.00896,96.3369499999999,1.246713,-0.6082075,0.0449996,-39.96478,-34.45507,0.1892643
70.528013229,94.2425299999999,24.31816,98.7890699999997,1.246827,-0.6237985,0.03959522,-41.84154,-30.72884,1.825575
70.537872791,101.6343,25.15128,100.8734,1.234991,-0.6711525,0.02690507,-41.84154,-30.72884,1.825575
70.5477314,111.1381,25.56784,103.4481,1.239131,-0.6842353,0.03200684,-41.84154,-30.72884,1.825575
70.557590485,118.7162,27.59115,106.8198,1.279159,-0.644358,0.06052486,-41.84154,-30.72884,1.825575
70.56744957,120.8903,30.6261,109.5784,1.303797,-0.5871029,0.08797126,-41.84154,-30.72884,1.825575
70.577308178,117.8466,34.6132,111.4175,1.310523,-0.5812186,0.08409147,-44.84627,-26.25872,3.076056
70.58716774,115.3619,38.6003,112.7662,1.309504,-0.6426203,0.06298222,-44.84627,-26.25872,3.076056
70.599491596,117.6602,42.17083,116.0765,1.306834,-0.6703996,0.05799384,-44.84627,-26.25872,3.076056
70.609350681,116.7285,44.72972,119.4482,1.314168,-0.6070012,0.07759234,-44.84627,-26.25872,3.076056
70.619209289,109.7715,46.21744,121.7164,1.296066,-0.5555455,0.08691019,-44.84627,-26.25872,3.076056
70.629068851,100.3299,45.68186,123.5555,1.276772,-0.5504056,0.07572778,-49.30328,-20.38399,2.655129
70.638927936,92.8759799999998,43.9561,124.7815,1.263859,-0.5811967,0.07038076,-49.30328,-20.38399,2.655129
70.648786545,88.9005700000003,41.57574,126.0689,1.257141,-0.5992845,0.06409426,-49.30328,-20.38399,2.655129
70.658646107,87.7203599999998,40.6236,127.4176,1.268181,-0.5557927,0.08682632,-49.30328,-20.38399,2.655129
70.668504715,81.1981899999997,40.26655,128.3371,1.269832,-0.4905753,0.08591558,-49.30328,-20.38399,2.655129
70.6783638,73.68217,41.04016,128.4597,1.247654,-0.4869116,0.07715782,-51.59299,-13.3811,1.314801
70.688222885,67.7811499999997,41.15918,128.7049,1.215741,-0.5027142,0.09089687,-51.59299,-13.3811,1.314801
70.698081493,63.2466899999999,40.6236,129.6245,1.182515,-0.4771217,0.1165048,-51.59299,-13.3811,1.314801
70.707941055,58.0289499999998,41.45673,129.8697,1.175173,-0.4547294,0.1359664,-51.59299,-13.3811,1.314801
70.71780014,52.31429,42.28985,129.8697,1.157258,-0.4300726,0.1354714,-51.59299,-13.3811,1.314801
70.727658749,47.71771,43.53954,129.1954,1.125181,-0.3996757,0.1419355,-53.88398,-5.63658,0.3510141
70.737517834,43.99076,44.37267,128.0306,1.093572,-0.379045,0.1382473,-53.88398,-5.63658,0.3510141
70.747377396,40.76073,45.62235,126.3754,1.050911,-0.3579692,0.1495756,-53.88398,-5.63658,0.3510141
70.757236004,38.46244,46.27695,124.2911,1.014302,-0.3359478,0.1392616,-53.88398,-5.63658,0.3510141
70.767095089,37.84128,46.15793,122.2681,0.9770899,-0.3124989,0.1217803,-53.88398,-5.63658,0.3510141
70.779418945,38.15186,45.38432,118.9578,0.9224653,-0.2682907,0.101368,-54.29707,1.670222,0.3421755
70.789277554,38.64879,44.01561,115.7087,0.8710079,-0.242543,0.08171308,-54.29707,1.670222,0.3421755
70.799137115,39.76688,42.40887,111.4788,0.821897,-0.2045963,0.06548209,-54.29707,1.670222,0.3421755
70.808996201,40.82285,40.32606,106.7585,0.7874001,-0.1709312,0.0408603,-54.29707,1.670222,0.3421755
70.818854809,43.43171,37.9457,101.3638,0.7428752,-0.1533987,0.02007888,-54.29707,1.670222,0.3421755
70.828714371,46.91021,34.91074,95.6626200000001,0.7042593,-0.1177388,0.01805501,-52.47585,10.85768,0.6223345
70.838573456,48.77369,32.5899,90.2066499999998,0.6634617,-0.06751365,0.01235155,-52.47585,10.85768,0.6223345
70.848432064,47.2829,30.44757,84.8732900000001,0.6295596,-0.02844363,0.0002260804,-52.47585,10.85768,0.6223345
70.858291149,44.61192,27.76967,78.5590800000002,0.5944093,0.0004231726,-0.004779715,-52.47585,10.85768,0.6223345
70.868150711,40.51227,24.73472,72.8579000000002,0.5744245,0.03625965,-0.003713245,-52.47585,10.85768,0.6223345
70.878009319,35.48088,21.46173,66.9115099999999,0.5518969,0.05118828,0.007755404,-50.62779,16.31477,1.837022
70.887868404,31.38122,18.6053,61.0264299999998,0.520431,0.05428357,-0.0008747955,-50.62779,16.31477,1.837022
70.897727966,30.20102,15.68936,54.4057,0.4967688,0.05158279,-0.01637392,-50.62779,16.31477,1.837022
70.907586098,31.00853,12.53539,47.29456,0.4757647,0.05189356,-0.01367594,-50.62779,16.31477,1.837022
70.91744566,32.0645,9.08386799999999,40.30602,0.4627362,0.07366282,-0.01714013,-50.62779,16.31477,1.837022
70.927304745,32.4372,5.92989400000002,33.25617,0.4415066,0.08855609,-0.01814947,-48.76926,20.36598,3.450246
70.937163353,33.12047,1.645251,25.53199,0.4208608,0.09713371,-0.01778282,-48.76926,20.36598,3.450246
70.949487209,31.87815,-4.662696,16.45915,0.4216034,0.1180689,-0.01665833,-48.76926,20.36598,3.450246
70.959346771,28.27543,-9.78046400000002,9.59321300000001,0.4230492,0.1297931,-0.007954398,-48.76926,20.36598,3.450246
70.969205379,23.80308,-14.95774,2.97249,0.4199296,0.09811497,-0.01344847,-48.76926,20.36598,3.450246
70.979064465,22.3123,-19.48042,-3.832143,0.4262562,0.06900349,-0.005637936,-48.39358,21.10954,4.272953
70.988924026,21.75326,-23.16998,-10.20765,0.4441252,0.06142147,0.006502584,-48.39358,21.10954,4.272953
70.998782635,19.82766,-27.27609,-17.3188,0.4569421,0.06351497,0.01544237,-48.39358,21.10954,4.272953
71.00864172,14.73416,-31.85828,-23.87822,0.4647671,0.08067164,0.03033082,-48.39358,21.10954,4.272953
71.018500805,5.60312,-36.32145,-29.27289,0.4811242,0.08673432,0.05123363,-48.39358,21.10954,4.272953
71.028359413,-5.453513,-40.18953,-34.66755,0.5103,0.07877958,0.06704345,-47.28041,22.56918,4.252075
71.038218975,-16.51015,-43.40301,-40.12352,0.5391044,0.04497804,0.06874365,-47.28041,22.56918,4.252075
71.04807806,-25.57907,-46.67601,-45.27297,0.5601977,0.009187308,0.07724576,-47.28041,22.56918,4.252075
71.057936668,-32.22547,-49.05636,-50.29982,0.5898143,-0.03477051,0.09370385,-47.28041,22.56918,4.252075
71.06779623,-36.01454,-51.19868,-54.89754,0.6150184,-0.07730549,0.110716,-47.28041,22.56918,4.252075
71.077655315,-35.82819,-53.40051,-60.4761100000001,0.638934,-0.1052907,0.1178062,-48.77215,23.70871,5.528766
71.087513924,-33.15721,-54.6502,-65.87078,0.6771241,-0.1160373,0.1464024,-48.77215,23.70871,5.528766
71.097373009,-30.79681,-55.36431,-70.5911099999998,0.7268179,-0.1223534,0.1614544,-48.77215,23.70871,5.528766
71.107232571,-28.4364,-55.00726,-75.6179599999999,0.7697266,-0.135059,0.1755908,-48.77215,23.70871,5.528766
71.117091179,-25.51695,-55.42382,-80.5221899999998,0.805155,-0.1439644,0.1826779,-48.77215,23.70871,5.528766
71.129415035,-23.52925,-55.36431,-86.5911900000001,0.8466953,-0.1348196,0.1874342,-50.26983,23.72062,5.15241
71.13927412,-24.08829,-55.00726,-91.25022,0.8823353,-0.124759,0.1908447,-50.26983,23.72062,5.15241
71.149132729,-26.8835,-54.6502,-95.8479500000001,0.9193299,-0.1073942,0.1923808,-50.26983,23.72062,5.15241
71.158992291,-33.15721,-53.9956,-100.0165,0.9470373,-0.09938584,0.1863031,-50.26983,23.72062,5.15241
71.168851376,-42.41248,-53.9361,-103.9399,0.9687998,-0.09438019,0.1721384,-50.26983,23.72062,5.15241
71.178709984,-51.79198,-54.05511,-107.6181,0.9909726,-0.1195276,0.161547,-53.25803,21.15407,3.465884
71.188569069,-59.7428200000001,-54.53119,-111.5415,1.030311,-0.1523225,0.1472919,-53.25803,21.15407,3.465884
71.198428631,-64.5878599999997,-55.89989,-115.5875,1.054338,-0.1891993,0.1188447,-53.25803,21.15407,3.465884
71.208287239,-66.5755699999999,-57.9827000000002,-119.3883,1.070724,-0.2114454,0.1169858,-53.25803,21.15407,3.465884
71.218146324,-68.7496300000001,-61.1366800000002,-122.9439,1.074006,-0.253308,0.1055642,-53.25803,21.15407,3.465884
71.228005886,-68.8738599999999,-64.1716300000001,-126.7446,1.097149,-0.2871018,0.1226795,-56.21687,12.6918,1.455606
71.237864494,-69.7434799999997,-66.4329700000002,-129.1355,1.154525,-0.3059486,0.1518923,-56.21687,12.6918,1.455606
71.247723579,-73.0356300000002,-67.6231499999998,-130.4228,1.215253,-0.281957,0.1775852,-56.21687,12.6918,1.455606
71.257582665,-78.9366400000002,-67.4446299999998,-132.078,1.25929,-0.2693587,0.1890439,-56.21687,12.6918,1.455606
71.267441273,-86.2663199999997,-65.18328,-134.0397,1.284458,-0.3012979,0.1769148,-56.21687,12.6918,1.455606
71.277300835,-90.36597,-62.38636,-134.0397,1.309293,-0.3253856,0.1830664,-56.90527,3.57592,2.833383
71.28715992,-94.6519599999999,-59.9465,-135.2045,1.342343,-0.3718867,0.1620765,-56.90527,3.57592,2.833383
71.299483299,-94.96255,-53.2815,-137.9631,1.337455,-0.5160385,0.1431992,-56.90527,3.57592,2.833383
71.309342384,-93.0369500000001,-51.07967,-135.1432,1.33555,-0.5126238,0.149964,-56.90527,3.57592,2.833383
71.319201946,-96.6396700000001,-48.75882,-132.4458,1.365095,-0.522073,0.1556928,-55.32201,-9.229517,5.517552
71.329060555,-104.5905,-45.9619,-129.9937,1.390935,-0.4687867,0.160087,-55.32201,-9.229517,5.517552
71.33891964,-116.9516,-42.68891,-127.2351,1.423923,-0.4145129,0.1514493,-55.32201,-9.229517,5.517552
71.348778725,-129.8096,-39.17788,-125.0282,1.437502,-0.3789199,0.1381385,-55.32201,-9.229517,5.517552
71.358637333,-140.0587,-35.54783,-124.5378,1.443906,-0.3662921,0.1165898,-55.32201,-9.229517,5.517552
71.368496895,-146.7051,-32.39386,-125.5799,1.419573,-0.3641667,0.0920362,-52.28603,-16.61542,6.409691
71.37835598,-149.3761,-29.59694,-126.3155,1.409696,-0.3886913,0.06369723,-52.28603,-16.61542,6.409691
71.388214588,-146.3324,-26.80002,-126.622,1.390202,-0.4337605,0.02957156,-52.28603,-16.61542,6.409691
71.39807415,-138.071,-25.01475,-125.9477,1.355712,-0.476963,0.009572148,-52.28603,-16.61542,6.409691
71.407933235,-127.884,-22.6939,-125.2734,1.352566,-0.513531,-0.002192408,-52.28603,-16.61542,6.409691
71.417791844,-116.7031,-19.65895,-124.7217,1.319123,-0.5498701,-0.01112723,-52.28603,-16.61542,6.409691
71.427650929,-107.8827,-17.51663,-122.5147,1.293632,-0.5369285,-0.003466707,-47.01999,-23.98902,5.625253
71.437510491,-104.2178,-15.79087,-119.1431,1.280182,-0.5004975,0.01092923,-47.01999,-23.98902,5.625253
71.447369099,-106.3298,-13.41051,-115.4036,1.277123,-0.5005587,0.001867512,-47.01999,-23.98902,5.625253
71.457228184,-110.5536,-10.31604,-110.8672,1.261492,-0.5523076,-0.006013621,-47.01999,-23.98902,5.625253
71.467087269,-110.9263,-7.16207100000001,-106.1469,1.230407,-0.6378259,-0.02881467,-47.01999,-23.98902,5.625253
71.479410648,-101.3605,-4.781713,-99.2196099999999,1.204752,-0.7281645,-0.05221301,-42.56858,-31.05272,4.393761
71.48927021,-88.8130600000003,-3.651044,-94.3153699999998,1.175779,-0.7631159,-0.0909102,-42.56858,-31.05272,4.393761
71.499129295,-72.5387,-1.925285,-89.9015599999998,1.159026,-0.8066148,-0.1020601,-42.56858,-31.05272,4.393761
71.508987904,-55.89163,-1.151669,-84.5681899999998,1.148364,-0.8490219,-0.09603645,-42.56858,-31.05272,4.393761
71.518846989,-38.25071,-0.794615199999997,-78.4991999999998,1.13581,-0.8967987,-0.09003113,-38.82837,-35.55464,1.475058
71.528706551,-14.33609,4.204135,-73.4110499999998,1.191542,-0.6579776,0.009425936,-38.82837,-35.55464,1.475058
71.538565159,-15.39206,2.24034,-73.22714,1.086674,-0.9479342,-0.1146808,-38.82837,-35.55464,1.475058
71.548424244,-58.37627,3.37101,-38.46833,1.724959,-2.803598,0.7878124,-38.82837,-35.55464,1.475058
71.558283806,-104.6526,30.50708,57.6547600000002,2.001339,-4.657242,0.2305679,-38.82837,-35.55464,1.475058
71.568142414,50.88562,9.97650199999998,25.53199,0.722835,-2.285395,-1.136685,-35.08054,-39.23574,0.2125425
71.578001499,201.3304,-25.07426,5.669822,0.6730307,-1.008977,-1.011154,-35.08054,-39.23574,0.2125425
71.587860584,168.9059,-25.66935,-11.0659,0.7939789,0.6140766,-0.07767954,-35.08054,-39.23574,0.2125425
71.597719192,-12.90742,-18.52828,-7.26510999999999,1.465571,1.519704,0.4225926,-35.08054,-39.23574,0.2125425
71.607578754,-200.3111,-8.649795,-12.65977,1.658034,1.528633,0.01404292,-35.08054,-39.23574,0.2125425
71.617437839,-288.9506,-2.639392,-1.870447,1.223601,0.7100006,-0.1673323,-34.69083,-39.95318,1.882511
71.627296448,-268.7008,-3.710553,3.58552,0.9943194,-0.0780423,-0.2023422,-34.69083,-39.95318,1.882511
71.63715601,-173.6013,-7.876178,15.04918,0.9243788,-0.5709863,-0.168128,-34.69083,-39.95318,1.882511
71.649479866,-46.69848,-12.63689,35.9535,0.7889497,-0.7289682,-0.1929286,-34.69083,-39.95318,1.882511
71.659338474,35.97781,-15.31479,38.34432,0.8275867,-0.4475148,-0.2332735,-34.69083,-39.95318,1.882511
71.669197559,87.4719000000001,-7.63814299999999,26.20633,0.8637049,-0.07892911,-0.130525,-33.97846,-40.77384,-3.554985
71.679056644,102.6903,3.9661,6.77327599999998,0.941568,0.3536762,0.07615516,-33.97846,-40.77384,-3.554985
71.688915253,82.2541699999998,8.60779699999998,-11.86284,1.005526,0.6978669,0.2257418,-33.97846,-40.77384,-3.554985
71.698774815,36.7232,6.76302000000001,-18.72877,1.021965,0.5683613,0.1693066,-33.97846,-40.77384,-3.554985
71.7086339,-3.403688,7.29859999999999,-9.28811000000003,0.9787211,0.2484586,0.08911365,-33.97846,-40.77384,-3.554985
71.718492508,-27.06985,3.9661,-3.219113,0.8877852,0.05899451,-0.001278752,-35.46622,-39.25459,-1.449885
71.72835207,-40.17631,0.0980187800000002,2.849884,0.9287459,-0.02207763,-0.04663309,-35.46622,-39.25459,-1.449885
71.738211155,-44.08961,-2.401357,8.12194199999998,1.020316,-0.06078766,-0.07462085,-35.46622,-39.25459,-1.449885
71.748069763,-38.1886,-1.330196,9.777122,1.077805,-0.1215898,-0.07403654,-35.46622,-39.25459,-1.449885
71.757928848,-24.21252,-0.913633000000003,4.382459,1.066835,-0.1870314,-0.1108516,-35.46622,-39.25459,-1.449885
71.76778841,-9.55316400000002,-0.08050801,-2.728689,1.070757,-0.2492171,-0.09322277,-35.84439,-39.63089,-2.340376
71.777647018,-1.353863,1.228689,-3.832143,1.061967,-0.2349968,-0.04361995,-35.84439,-39.63089,-2.340376
71.787506103,-1.726558,0.752617099999999,-1.502629,1.050175,-0.2348451,0.02459572,-35.84439,-39.63089,-2.340376
71.797365665,-1.664442,0.574090199999997,3.156399,1.039153,-0.2655025,0.05037086,-35.84439,-39.63089,-2.340376
71.807224274,-0.919051300000002,-0.08050801,7.44760800000001,1.046595,-0.3417893,0.06255938,-35.84439,-39.63089,-2.340376
71.817083359,0.820194400000001,1.228689,12.04533,1.056327,-0.4467688,0.07399389,-35.1017,-39.27672,-2.732093
71.829407215,2.062513,2.894938,21.91512,1.058676,-0.7423174,0.02210862,-35.1017,-39.27672,-2.732093
71.839265823,12.06318,4.680207,31.8462,1.063024,-1.00526,-0.03384277,-35.1017,-39.27672,-2.732093
71.849124908,34.17645,7.12007299999999,41.04165,1.075616,-1.108418,-0.0622072,-35.1017,-39.27672,-2.732093
71.85898447,58.9606900000003,8.31025200000001,46.31371,1.090307,-1.033014,-0.1025122,-35.1017,-39.27672,-2.732093
71.868843079,75.4835300000003,10.69061,50.91143,1.148491,-0.8678913,-0.06744555,-35.47112,-38.95403,-1.901124
71.878702164,75.2971799999998,12.17833,55.20264,1.183785,-0.7550488,-0.03488988,-35.47112,-38.95403,-1.901124
71.888561726,64.9859399999998,12.35686,60.1681900000002,1.188839,-0.7292185,-0.03618152,-35.47112,-38.95403,-1.901124
71.898420334,53.55661,11.99981,65.80806,1.179102,-0.7776262,-0.07526643,-35.47112,-38.95403,-1.901124
71.908279419,50.07812,10.6311,72.7352999999999,1.163679,-0.8606976,-0.1313348,-35.47112,-38.95403,-1.901124
71.918138504,54.05354,7.83417999999998,80.8272900000001,1.180384,-0.874688,-0.1383998,-36.96809,-37.45259,-1.076301
71.927997112,57.28357,5.156279,88.3062600000001,1.213278,-0.8305587,-0.1269954,-36.96809,-37.45259,-1.076301
71.937856674,55.66855,4.323153,95.7852199999998,1.251012,-0.7815187,-0.1151393,-36.96809,-37.45259,-1.076301
71.947715759,50.69928,5.572841,102.8964,1.27395,-0.7666838,-0.1062362,-36.96809,-37.45259,-1.076301
71.957574368,47.53136,6.70351100000002,108.4136,1.281968,-0.7768126,-0.1011648,-36.96809,-37.45259,-1.076301
71.967433929,47.96618,7.655654,113.8083,1.288474,-0.7392561,-0.09327342,-40.33529,-34.44451,0.6392918
71.977293015,48.27676,8.96485000000002,118.8352,1.307134,-0.6728078,-0.06566421,-40.33529,-34.44451,0.6392918
71.987151623,46.4754,9.67895799999998,122.6359,1.330689,-0.6424438,-0.06957727,-40.33529,-34.44451,0.6392918
71.999475479,48.15252,10.6311,126.9885,1.357149,-0.6353622,-0.06031064,-40.33529,-34.44451,0.6392918
72.009334564,53.80507,10.39306,129.3793,1.358686,-0.6367941,-0.05651103,-40.33529,-34.44451,0.6392918
72.019193172,63.5572700000002,10.15503,130.9118,1.364026,-0.6284583,-0.052204,-43.71496,-30.34446,1.447379
72.029052734,74.42756,9.619449,131.2184,1.36829,-0.607465,-0.04394121,-43.71496,-30.34446,1.447379
72.038911819,84.05553,9.85748499999999,132.0153,1.387347,-0.5794731,-0.02097502,-43.71496,-30.34446,1.447379
72.048770428,91.3230799999998,11.52373,133.6705,1.398491,-0.5715926,-0.02202573,-43.71496,-30.34446,1.447379
72.05862999,98.5906399999999,13.72556,134.2222,1.392068,-0.5711786,-0.0262435,-43.71496,-30.34446,1.447379
72.068489075,105.9824,16.16543,134.6513,1.380539,-0.5404641,0.01634959,-47.0476,-24.04248,1.784425
72.078347683,108.0944,19.2599,135.5709,1.394079,-0.4998648,0.04045922,-47.0476,-24.04248,1.784425
72.088206768,107.9702,23.36601,135.6322,1.404069,-0.4997193,0.05565243,-47.0476,-24.04248,1.784425
72.09806633,109.4609,27.35311,135.8161,1.388179,-0.4900258,0.0827959,-47.0476,-24.04248,1.784425
72.107924938,110.579,30.68561,135.6935,1.36049,-0.4941229,0.09369835,-47.0476,-24.04248,1.784425
72.117784023,114.6166,34.43467,134.8352,1.330205,-0.5333018,0.09859133,-50.81472,-17.42243,2.568677
72.127643585,121.3872,38.18373,134.1609,1.305819,-0.5442384,0.09453379,-50.81472,-17.42243,2.568677
72.137502193,129.4001,42.46838,133.364,1.297144,-0.5151207,0.09394476,-50.81472,-17.42243,2.568677
72.147361279,135.7981,46.27695,131.5249,1.27254,-0.4642501,0.09232876,-50.81472,-17.42243,2.568677
72.157220364,138.7175,49.96651,129.4406,1.236892,-0.4148844,0.1047542,-50.81472,-17.42243,2.568677
72.167078972,136.4814,52.16833,127.908,1.204744,-0.3625377,0.1253014,-54.23123,-8.185242,2.107713
72.179402828,131.2015,54.78673,125.5785,1.160558,-0.3400261,0.1337883,-54.23123,-8.185242,2.107713
72.18926239,125.7974,55.9174,123.249,1.134627,-0.290593,0.1412839,-54.23123,-8.185242,2.107713
72.199121475,117.2254,57.5241399999999,120.429,1.091356,-0.237468,0.1361193,-54.23123,-8.185242,2.107713
72.208980084,105.9824,58.47628,117.7317,1.04125,-0.2228343,0.1340818,-54.23123,-8.185242,2.107713
72.218839645,94.7394600000002,58.8928499999999,115.2796,0.9962163,-0.2354467,0.1211996,-55.40952,1.700098,1.564234
72.228698254,85.6705399999998,59.3689199999999,113.2566,0.9627028,-0.2323947,0.1058894,-55.40952,1.700098,1.564234
72.238557339,78.8377800000003,59.0713699999999,110.1301,0.9227692,-0.2186752,0.09555276,-55.40952,1.700098,1.564234
72.248416424,72.7504300000001,58.5357899999999,107.0037,0.8900216,-0.1922402,0.08522101,-55.40952,1.700098,1.564234
72.258275032,66.8494200000001,57.5836499999998,103.2642,0.8621283,-0.1511258,0.08500715,-55.40952,1.700098,1.564234
72.268134594,60.0787800000001,56.81003,99.3407999999998,0.8263444,-0.1057048,0.08398367,-53.96676,10.13865,0.6376028
72.277993679,53.18391,55.73887,94.9882899999998,0.7810063,-0.08227519,0.08051479,-53.96676,10.13865,0.6376028
72.287852287,48.64945,53.83459,89.5936199999999,0.732735,-0.0710767,0.0664421,-53.96676,10.13865,0.6376028
72.297711849,45.60577,51.33521,84.32156,0.6981777,-0.05975212,0.05361262,-53.96676,10.13865,0.6376028
72.307570934,43.86653,48.95485,79.1108100000003,0.6513678,-0.04805414,0.03952331,-53.96676,10.13865,0.6376028
72.317429543,43.12114,45.74137,73.5935400000001,0.611843,-0.03142396,0.025851,-52.12672,17.06833,1.837207
72.327288628,43.80441,42.11132,68.19888,0.5711736,-0.01729098,-0.002202049,-52.12672,17.06833,1.837207
72.33714819,44.98461,38.00521,61.7620699999998,0.5305635,-0.00265285,-0.02545969,-52.12672,17.06833,1.837207
72.349472046,46.41328,30.92365,53.24095,0.4853995,0.04510257,-0.03064256,-52.12672,17.06833,1.837207
72.359330654,45.54366,25.2703,46.43631,0.4704249,0.07369269,-0.02731265,-52.12672,17.06833,1.837207
72.369189739,43.55595,19.02186,39.57038,0.4551601,0.09975897,-0.04748068,-49.90166,20.72925,2.171994
72.379049301,41.87882,13.66606,32.39793,0.4402228,0.1098071,-0.05772538,-49.90166,20.72925,2.171994
72.388907909,39.4563,8.96485000000002,25.16418,0.4331674,0.1228696,-0.06134817,-49.90166,20.72925,2.171994
72.398766995,36.59896,4.680207,17.99172,0.4174485,0.1251536,-0.06398007,-49.90166,20.72925,2.171994
72.40862608,33.6174,0.2765456,11.3097,0.4204186,0.1315365,-0.05582214,-49.90166,20.72925,2.171994
72.418484688,29.26928,-2.996446,5.118095,0.4247397,0.1471755,-0.04808455,-48.0418,21.80677,1.766941
72.42834425,22.87134,-5.73385700000003,-1.31872,0.419747,0.1661443,-0.03874851,-48.0418,21.80677,1.766941
72.438203335,14.85839,-9.30439300000002,-8.184656,0.416827,0.167099,-0.03678204,-48.0418,21.80677,1.766941
72.448061943,5.78946700000003,-13.82707,-14.92799,0.419924,0.1924238,-0.03852925,-48.0418,21.80677,1.766941
72.457921505,-5.764092,-18.40926,-21.48741,0.4350737,0.2062241,-0.02760712,-48.0418,21.80677,1.766941
72.46778059,-18.12516,-22.93194,-27.86292,0.4477319,0.1936256,-0.04322824,-48.04782,22.91121,1.75563
72.477639198,-28.06371,-28.34725,-34.60625,0.4646542,0.1635855,-0.04851494,-48.04782,22.91121,1.75563
72.487498283,-34.89645,-33.58404,-41.34958,0.4962687,0.1336802,-0.0525723,-48.04782,22.91121,1.75563
72.497357845,-38.87187,-37.86868,-48.46072,0.5345774,0.1189264,-0.05468041,-48.04782,22.91121,1.75563
72.507216454,-41.35651,-41.3202,-55.14275,0.5683321,0.09446119,-0.04051279,-48.04782,22.91121,1.75563
72.517075539,-42.72306,-45.48582,-61.8860799999999,0.6019242,0.07434359,-0.03445254,-48.04305,22.54841,2.143483
72.529399395,-43.6548,-50.12752,-70.71371,0.6466273,0.07088537,-0.02409727,-48.04305,22.54841,2.143483
72.539258003,-46.3879,-54.47168,-77.5183500000002,0.6867827,0.08297006,-0.01067082,-48.04305,22.54841,2.143483
72.549117565,-50.48755,-58.6372999999999,-84.50689,0.7291193,0.07560698,0.002081228,-48.04305,22.54841,2.143483
72.55897665,-55.89163,-62.5648900000003,-91.5567300000001,0.765869,0.07350806,0.004414938,-48.04305,22.54841,2.143483
72.568835258,-60.7987899999998,-65.9569000000001,-98.3613699999997,0.82602,0.04390062,0.01241256,-50.65991,22.20513,1.776692
72.578694343,-64.8984400000001,-68.9323400000001,-104.7369,0.8714238,0.01658394,0.0172853,-50.65991,22.20513,1.776692
72.588553905,-67.5073099999998,-70.9556499999997,-110.622,0.9301553,-0.0115581,0.03010751,-50.65991,22.20513,1.776692
72.598412514,-70.24041,-72.5028800000002,-116.691,0.9751225,-0.02568205,0.0504322,-50.65991,22.20513,1.776692
72.608271599,-75.39603,-74.1096300000003,-122.5147,1.034006,-0.01778701,0.07026516,-50.65991,22.20513,1.776692
72.618131161,-84.2164900000001,-74.94275,-127.8481,1.094877,-0.02451294,0.07940403,-52.51245,18.16551,0.9956474
72.627989769,-95.3973499999999,-75.8353800000002,-132.875,1.149497,-0.03321701,0.09484488,-52.51245,18.16551,0.9956474
72.637848854,-107.2615,-75.4783299999999,-137.1662,1.208175,-0.05795672,0.1067382,-52.51245,18.16551,0.9956474
72.647707939,-117.697,-73.8120800000002,-141.7026,1.254395,-0.08482277,0.1001023,-52.51245,18.16551,0.9956474
72.657566547,-127.2007,-71.4912300000003,-146.4842,1.308878,-0.1412771,0.09932854,-52.51245,18.16551,0.9956474
72.667426109,-131.9836,-67.6826600000003,-150.8367,1.345683,-0.2446412,0.08834766,-54.70824,10.15886,1.473646
72.677285194,-130.1823,-63.8740899999997,-154.1471,1.373661,-0.3324658,0.08960371,-54.70824,10.15886,1.473646
72.687143803,-123.598,-59.5299300000001,-155.8023,1.408065,-0.3330931,0.1006089,-54.70824,10.15886,1.473646
72.699467659,-119.4983,-54.82873,-159.0513,1.436461,-0.3484586,0.08857369,-54.70824,10.15886,1.473646
72.709327221,-117.0758,-50.66311,-161.3808,1.428334,-0.3797247,0.07500807,-54.70824,10.15886,1.473646
72.719185829,-114.3427,-47.80667,-161.1356,1.448828,-0.3727226,0.07717107,-55.75275,-1.584859,3.328473
72.729044914,-116.3304,-44.47417,-161.1969,1.49509,-0.3718828,0.06214283,-55.75275,-1.584859,3.328473
72.738903999,-118.3802,-41.20118,-162.1778,1.503504,-0.3753339,0.03036661,-55.75275,-1.584859,3.328473
72.748762608,-120.9891,-39.41591,-161.6261,1.524612,-0.3547564,0.01778024,-55.75275,-1.584859,3.328473
72.758622169,-129.0021,-39.05886,-162.1165,1.521003,-0.3875507,-0.02461463,-55.75275,-1.584859,3.328473
72.768481255,-134.5925,-38.34475,-163.1586,1.497384,-0.4648026,-0.06662032,-53.07278,-12.21841,4.255851
72.778339863,-137.5119,-37.9877,-158.8061,1.521305,-0.4724159,-0.07708869,-53.07278,-12.21841,4.255851
72.788199425,-143.0403,-35.66685,-154.6375,1.568836,-0.4784551,-0.1127986,-53.07278,-12.21841,4.255851
72.79805851,-149.1276,-30.78712,-151.1432,1.586115,-0.4924171,-0.1136419,-53.07278,-12.21841,4.255851
72.807917118,-154.0348,-24.47917,-148.8137,1.564937,-0.4988559,-0.09374727,-53.07278,-12.21841,4.255851
72.817776203,-156.0846,-18.17122,-146.6068,1.542602,-0.5115663,-0.05663785,-47.7879,-22.53185,3.885661
72.827635765,-157.389,-12.22033,-144.5838,1.50304,-0.5450988,-0.08127536,-47.7879,-22.53185,3.885661
72.837494373,-158.1344,-7.81666900000002,-141.2122,1.449775,-0.5846131,-0.1115184,-47.7879,-22.53185,3.885661
72.847353458,-159.8737,-4.484169,-136.2466,1.390624,-0.6606656,-0.1391108,-47.7879,-22.53185,3.885661
72.85721302,-159.8737,-2.460865,-130.2389,1.336625,-0.7805413,-0.1863144,-47.7879,-22.53185,3.885661
72.867071629,-154.6559,-0.973142000000002,-123.8634,1.27558,-0.9096747,-0.2200781,-42.96674,-29.9796,1.823829
72.879395485,-137.8225,2.061814,-116.5071,1.190643,-1.042281,-0.2151947,-42.96674,-29.9796,1.823829
72.88925457,-116.8273,3.549537,-108.6603,1.151703,-1.108971,-0.2592888,-42.96674,-29.9796,1.823829
72.899113655,-94.21716,3.37101,-99.7713400000001,1.117294,-1.150197,-0.2716056,-42.96674,-29.9796,1.823829
72.908972263,-72.1660000000001,1.526233,-89.9628600000002,1.054356,-1.212713,-0.3138849,-42.96674,-29.9796,1.823829
72.918831825,-45.70462,-3.234482,-81.8708599999997,0.9833658,-1.318461,-0.4465038,-38.85673,-35.98159,-2.746084
72.92869091,-50.6739,-4.246133,-55.87839,1.479829,-2.909714,0.1904528,-38.85673,-35.98159,-2.746084
72.938549519,-58.5626199999999,20.21204,46.00719,1.980961,-5.099575,-0.1102311,-38.85673,-35.98159,-2.746084
72.94840908,60.82417,-0.4970706,26.26763,0.9837214,-3.607679,-0.4969764,-38.85673,-35.98159,-2.746084
72.958267689,201.3925,-0.616088399999998,36.38263,0.9603074,-2.114885,-0.2190471,-38.85673,-35.98159,-2.746084
72.968126774,222.2634,-1.09216,1.194703,0.7262449,-0.003246308,-0.3857364,-34.36541,-40.05105,-4.840871
72.977985859,182.5092,2.775921,-13.82453,1.110511,1.293194,0.1607442,-34.36541,-40.05105,-4.840871
72.987844467,-26.32446,-13.76756,-27.18858,1.926579,3.844624,0.4696661,-34.36541,-40.05105,-4.840871
72.997704029,-314.356,3.9661,-30.56025,1.96859,2.925963,0.5178599,-34.36541,-40.05105,-4.840871
73.007563114,-445.2963,6.88203800000003,-13.82453,1.000319,0.503345,-0.5066048,-34.36541,-40.05105,-4.840871
73.017421722,-329.6365,2.121322,13.27139,0.6531869,-0.9584615,-0.3410031,-35.0989,-40.3874,-3.168878
73.027281284,-138.1331,-8.88783000000002,34.11441,0.7725785,-1.654239,-0.3418678,-35.0989,-40.3874,-3.168878
73.037140369,45.35731,-12.0418,30.74275,0.841323,-0.9044755,-0.2737449,-35.0989,-40.3874,-3.168878
73.049464226,153.439,3.430519,5.669822,0.919807,-0.07847495,-0.1418631,-35.0989,-40.3874,-3.168878
73.059322834,163.626,8.84583300000003,-11.92414,0.9854832,0.01818675,-0.08400028,-35.0989,-40.3874,-3.168878
73.069181919,143.6247,8.66730600000002,-22.10044,1.05441,-0.02098067,-0.05081085,-34.39502,-39.73635,-8.68547
73.079041481,110.0821,4.025609,-19.09659,1.099931,0.0209292,-0.0122908,-34.39502,-39.73635,-8.68547
73.088900089,60.0787800000001,2.716412,-10.08505,1.012061,0.1644464,0.0563023,-34.39502,-39.73635,-8.68547
73.098759174,-6.75794699999999,1.526233,-5.242112,1.004834,0.3170405,0.01935714,-34.39502,-39.73635,-8.68547
73.108618736,-70.1161800000001,3.073465,1.991642,1.008542,0.4044918,-0.02644002,-34.39502,-39.73635,-8.68547
73.118477345,-112.4171,3.9661,7.01848699999998,1.013768,0.2390389,-0.03989081,-34.74436,-39.68482,-5.290805
73.12833643,-119.7468,5.513332,4.750277,1.037254,-0.02518304,-0.09277135,-34.74436,-39.68482,-5.290805
73.138195515,-88.3161399999997,9.08386799999999,-1.870447,1.061503,-0.2932283,-0.1289231,-34.74436,-39.68482,-5.290805
73.148054123,-35.76608,10.6311,-6.83598900000002,0.9995351,-0.3857376,-0.1264246,-34.74436,-39.68482,-5.290805
73.157913685,11.75259,9.85748499999999,-8.920292,0.9456719,-0.2675901,-0.02594473,-34.74436,-39.68482,-5.290805
73.16777277,35.79146,7.655654,-8.49117099999997,0.9541855,-0.02828147,0.05550066,-33.63636,-40.09532,-7.405288
73.177631378,36.59896,4.263645,-7.57162599999999,0.9652108,0.1856797,0.1194452,-33.63636,-40.09532,-7.405288
73.18749094,19.70343,0.871635000000001,-6.774687,0.9797575,0.2705892,0.1487064,-33.63636,-40.09532,-7.405288
73.197350025,-2.037138,-1.925285,-5.058203,0.979151,0.2057524,0.1189367,-33.63636,-40.09532,-7.405288
73.207208633,-17.31765,-3.472517,-3.648234,0.9845319,0.08534322,0.04883908,-33.63636,-40.09532,-7.405288
73.217067719,-21.85212,-4.603187,-2.973901,0.9972894,-0.01754896,-0.0389462,-33.63837,-39.72717,-7.409059
73.229392052,-16.63438,-3.710553,-3.341719,1.011781,-0.06873522,-0.09756786,-33.63837,-39.72717,-7.409059
73.23925066,-10.29855,-1.925285,-4.506476,1.017066,-0.06676198,-0.1028977,-33.63837,-39.72717,-7.409059
73.249109745,-4.273311,0.2765456,-5.548627,1.026596,-0.03940708,-0.09753149,-33.63837,-39.72717,-7.409059
73.25896883,-0.9811672,1.942796,-6.16165699999999,1.020927,-0.001943334,-0.08563374,-33.63837,-39.72717,-7.409059
73.268827438,-0.856935399999999,3.311501,-5.977748,1.015109,0.02340735,-0.05946011,-33.63911,-40.10066,-7.789371
73.278687,-2.16137,4.442171,-5.364718,1.002115,0.02530429,-0.04200772,-33.63911,-40.10066,-7.789371
73.288546085,-3.652152,4.799225,-5.242112,0.9872941,0.02673271,-0.01542846,-33.63911,-40.10066,-7.789371
73.298404694,-3.776383,4.799225,-4.9969,0.977629,0.03497972,0.0005924748,-33.63911,-40.10066,-7.789371
73.308263779,-3.155224,3.9661,-4.935597,0.9686213,0.03400276,0.02083899,-33.63911,-40.10066,-7.789371
73.318123341,-1.912906,2.954448,-4.874294,0.9695142,0.04228692,0.02185458,-33.64234,-40.1069,-8.237466
73.327981949,-0.608471700000001,2.180831,-4.751688,0.9737367,0.04862147,0.01418066,-33.64234,-40.1069,-8.237466
73.337841034,0.1369193,1.585742,-4.751688,0.9887091,0.05700075,0.007329195,-33.64234,-40.1069,-8.237466
73.347700596,0.5717307,1.16918,-4.751688,0.9926746,0.05314441,0.007719329,-33.64234,-40.1069,-8.237466
73.357559204,0.01268744,0.812126000000002,-5.242112,0.986208,0.06331031,0.008855687,-33.64234,-40.1069,-8.237466
73.367418289,-1.353863,1.16918,-5.119506,1.000823,0.05072899,-0.006793168,-33.63911,-40.10066,-7.789371
73.377277374,-2.471949,1.050162,-4.874294,0.9990135,0.03171293,-0.01267826,-33.63911,-40.10066,-7.789371
73.387135983,-2.347717,0.931143899999998,-4.751688,1.001054,0.01808368,-0.01857276,-33.63911,-40.10066,-7.789371
73.399460316,-2.285601,1.050162,-4.935597,0.9970341,0.03364203,-0.01263377,-33.63911,-40.10066,-7.789371
73.409319401,-2.285601,1.347706,-5.119506,0.9951327,0.03119935,-0.01071049,-33.63911,-40.10066,-7.789371
73.419178486,-1.788674,1.288198,-5.242112,0.9940164,0.03456894,-0.01785413,-33.26137,-40.84127,-7.783761
73.429037094,-1.602326,1.347706,-4.874294,0.9861535,0.04425392,-0.01190994,-33.26137,-40.84127,-7.783761
73.438896656,-1.664442,1.050162,-4.935597,0.9803401,0.04226523,-0.009447867,-33.26137,-40.84127,-7.783761
73.448755741,-2.037138,1.109671,-5.058203,0.9813024,0.04471045,-0.008482547,-33.26137,-40.84127,-7.783761
73.458614349,-2.347717,0.752617099999999,-4.751688,0.9813523,0.04326,-0.006099503,-33.26137,-40.84127,-7.783761
73.468473435,-2.409833,0.812126000000002,-4.9969,0.9917128,0.04239951,-0.0005040346,-32.88764,-40.84559,-7.785691
73.478332996,-2.782529,0.752617099999999,-4.935597,0.9886453,0.04477687,-0.008107441,-32.88764,-40.84559,-7.785691
73.488191605,-2.596181,0.812126000000002,-5.058203,0.9886733,0.03306742,-0.01635305,-32.88764,-40.84559,-7.785691
73.49805069,-1.912906,0.990652800000001,-4.629082,0.9900884,0.02867142,-0.02407751,-32.88764,-40.84559,-7.785691
73.507910252,0.323267,1.228689,-4.506476,0.9919962,0.0267219,-0.02939235,-32.88764,-40.84559,-7.785691
73.51776886,2.870019,1.109671,-4.506476,0.9944627,0.03651399,-0.01928167,-33.26338,-40.47313,-7.78753
73.527627945,4.671381,1.70476,-4.38387,0.9904101,0.05596868,-0.01235094,-33.26338,-40.47313,-7.78753
73.53748703,4.981961,1.883287,-4.322567,0.9869157,0.06958874,-0.005477398,-33.26338,-40.47313,-7.78753
73.547345638,4.050222,1.883287,-4.016052,0.9820734,0.07151242,-0.0001209527,-33.26338,-40.47313,-7.78753
73.5572052,3.242715,2.002305,-3.648234,0.9826562,0.05592023,-0.006969641,-33.26338,-40.47313,-7.78753
73.567064285,3.304831,2.180831,-3.280416,0.9904658,0.05403165,-0.009972081,-33.26137,-40.84127,-7.783761
73.579387665,3.863874,2.299849,-3.15781,0.9880354,0.05108509,-0.01139991,-33.26137,-40.84127,-7.783761
73.58924675,4.174454,2.478376,-3.096507,0.9883786,0.06227698,-0.01226875,-33.26137,-40.84127,-7.783761
73.599106312,3.863874,2.775921,-2.973901,0.9903653,0.06523223,-0.007480127,-33.26137,-40.84127,-7.783761
73.60896492,3.739642,2.954448,-3.096507,0.9861153,0.05791339,-0.002689326,-33.26137,-40.84127,-7.783761
73.618824005,4.23657,2.83543,-2.728689,0.9831157,0.05786899,-0.007438943,-32.51513,-41.22429,-8.231948
73.62868309,5.106193,2.954448,-2.667386,0.9816796,0.05688849,-0.005989149,-32.51513,-41.22429,-8.231948
73.638541698,5.85158299999998,2.894938,-2.54478,0.9830565,0.07054602,-0.0006223219,-32.51513,-41.22429,-8.231948
73.64840126,5.975815,2.716412,-2.483477,0.9840319,0.07299495,0.001301244,-32.51513,-41.22429,-8.231948
73.658260345,5.975815,2.597394,-2.176962,0.9854839,0.07153884,-0.001127738,-32.51513,-41.22429,-8.231948
73.668118954,5.91369899999999,2.537885,-1.809144,0.9878954,0.07057421,-0.004524644,-32.51513,-41.22429,-8.231948
73.677978516,5.85158299999998,2.537885,-1.563932,0.9929134,0.06430659,-0.0008154642,-32.51513,-41.22429,-8.231948
73.687837601,6.41062700000003,2.597394,-1.257417,0.9969136,0.05753079,-0.0004504602,-32.51513,-41.22429,-8.231948
73.697696209,6.96966999999999,2.83543,-1.196114,0.9930429,0.05946123,0.004412995,-32.51513,-41.22429,-8.231948
73.707555294,7.28024999999999,2.894938,-1.134811,0.996952,0.0570535,0.001940965,-32.51513,-41.22429,-8.231948
73.717414856,7.28024999999999,3.132974,-0.766993099999999,1.000303,0.06536289,0.00388012,-32.88885,-41.21997,-8.230016
73.727273464,6.90755399999998,3.430519,-0.705690099999998,1.001907,0.06053229,0.009566898,-32.88885,-41.21997,-8.230016
73.737132549,6.22427899999999,3.609046,-0.705690099999998,1.001397,0.06393961,0.01104052,-32.88885,-41.21997,-8.230016
73.749456406,5.60312,4.085118,-0.8282961,0.9952684,0.06101989,0.0254792,-32.88885,-41.21997,-8.230016
73.759315968,4.671381,4.085118,-0.2152661,1.006871,0.07036076,0.02347587,-32.50915,-41.21271,-7.39977
73.769174576,4.422917,3.847081,-0.3378721,0.9979816,0.06098258,0.009147437,-32.50915,-41.21271,-7.39977
73.779033661,4.733497,3.9661,-0.3378721,0.9973758,0.05326856,0.02969655,-32.50915,-41.21271,-7.39977
73.788893223,5.230424,4.382662,0.2138548,1.000649,0.0400738,0.007016161,-32.50915,-41.21271,-7.39977
73.798751831,7.28024999999999,4.204135,0.2138548,0.9911724,0.03847473,-0.007717445,-32.50915,-41.21271,-7.39977
73.808610916,8.95737899999999,3.847081,0.1525518,0.9956857,0.04782159,0.008589891,-32.88685,-41.58812,-8.226245
73.818470001,9.51642200000001,3.728064,0.2751578,0.9983253,0.06826885,0.004891235,-32.88685,-41.58812,-8.226245
73.828328609,9.019495,3.787573,-0.03135715,0.9965823,0.06733603,0.01976339,-32.88685,-41.58812,-8.226245
73.838188171,8.52256799999999,4.144627,0.02994585,0.9927939,0.05024908,0.01392279,-32.88685,-41.58812,-8.226245
73.848047256,8.64680000000002,4.085118,0.0912488500000001,0.9866983,0.05110931,-0.001796659,-32.88685,-41.58812,-8.226245
73.857905865,9.70276999999999,3.609046,0.02994585,0.9897277,0.0536033,0.007286004,-32.88685,-41.58812,-8.226245
73.86776495,9.764886,3.787573,0.0912488500000001,0.9921054,0.06922875,0.01600957,-32.88564,-41.21374,-7.78192
73.877624512,8.58468299999998,3.728064,-0.2152661,0.9902547,0.07021811,0.02466989,-32.88564,-41.21374,-7.78192
73.88748312,8.52256799999999,3.549537,-0.1539631,0.9828994,0.0618483,0.01607849,-32.88564,-41.21374,-7.78192
73.897342205,8.70891599999997,3.37101,-0.0926601400000001,0.9853051,0.06137024,0.01268578,-32.88564,-41.21374,-7.78192
73.907201767,8.52256799999999,2.83543,0.02994585,0.9872781,0.06822741,0.01990352,-32.88564,-41.21374,-7.78192
73.917060375,7.40448099999999,2.478376,0.0912488500000001,0.9882551,0.07604726,0.02666439,-32.87965,-41.20216,-6.94974
73.929384232,5.85158299999998,1.823778,0.02994585,0.9830161,0.07896952,0.0397021,-32.87965,-41.20216,-6.94974
73.939243317,4.485034,0.990652800000001,-0.03135715,0.9815401,0.07309538,0.03392317,-32.87965,-41.20216,-6.94974
73.949101925,3.863874,0.5145813,-0.03135715,0.982974,0.06821652,0.02715276,-32.87965,-41.20216,-6.94974
73.958961487,3.429063,-0.1400169,-0.0926601400000001,0.9801659,0.06139159,0.03048958,-32.4999,-42.31091,-6.94036
73.968820572,3.429063,-0.854124200000003,-0.0926601400000001,0.9795872,0.06233817,0.02475543,-32.4999,-42.31091,-6.94036
73.97867918,3.615411,-0.794615199999997,-0.3991751,0.9829291,0.05990384,0.01654086,-32.4999,-42.31091,-6.94036
73.988538265,3.366947,-1.151669,-0.3991751,0.9878308,0.06287935,0.01985051,-32.4999,-42.31091,-6.94036
73.998397827,2.621556,-1.389704,-0.5217811,0.9900594,0.07455648,0.0141669,-32.4999,-42.31091,-6.94036
74.008256435,1.441354,-1.389704,-0.3378721,0.9906361,0.07214459,0.01845112,-32.87087,-42.30125,-6.554347
74.01811552,0.4474989,-1.508722,-0.3991751,0.9891869,0.07116038,0.01894267,-32.87087,-42.30125,-6.554347
74.027974606,0.01268744,-1.806267,-0.0926601400000001,0.9927123,0.0609668,0.0173688,-32.87087,-42.30125,-6.554347
74.037833214,0.07480337,-1.806267,-0.0926601400000001,0.9922796,0.06390796,0.02410857,-32.87087,-42.30125,-6.554347
74.047692776,0.1990352,-2.163321,-0.0926601400000001,0.9873251,0.06482322,0.02035332,-32.87087,-42.30125,-6.554347
74.057551861,0.323267,-2.520375,-0.2152661,0.9877694,0.06530296,0.01747584,-32.13019,-41.57894,-6.949834
74.067410469,-0.04942847,-2.75841,-0.1539631,0.9814119,0.06573544,0.0180493,-32.13019,-41.57894,-6.949834
74.077270031,-0.5463558,-3.055955,0.0912488500000001,0.9853023,0.06820462,0.01849389,-32.13019,-41.57894,-6.949834
74.087129116,-1.105399,-3.293991,0.02994585,0.9847661,0.06721045,0.01418035,-32.13019,-41.57894,-6.949834
74.099452972,-1.85079,-3.591535,-0.03135715,0.9861805,0.06672008,0.009843253,-32.13019,-41.57894,-6.949834
74.109311581,-2.471949,-3.591535,-0.03135715,0.9862753,0.06479418,0.01509684,-32.88087,-41.57654,-7.394069
74.119171143,-2.844645,-3.710553,-0.03135715,0.9902177,0.06288416,0.01550374,-32.88087,-41.57654,-7.394069
74.129030228,-3.590036,-3.532026,-0.1539631,0.9920526,0.06872547,0.01169328,-32.88087,-41.57654,-7.394069
74.138888836,-3.776383,-3.413008,-0.0926601400000001,0.9901656,0.06286931,0.01167076,-32.88087,-41.57654,-7.394069
74.148747921,-4.024847,-3.234482,-0.03135715,0.9936022,0.06290315,0.01258046,-32.88087,-41.57654,-7.394069
74.158607483,-3.962731,-3.115464,0.02994585,0.9935176,0.06287901,0.006351869,-32.88087,-41.57654,-7.394069
74.168466091,-3.962731,-2.996446,0.0912488500000001,0.9993874,0.0634191,0.006751969,-32.88087,-41.57654,-7.394069
74.178325176,-4.024847,-2.698901,0.02994585,0.9954472,0.05800631,5.365442e-05,-32.88087,-41.57654,-7.394069
74.188184261,-4.086963,-2.460865,0.0912488500000001,0.9959934,0.05705046,0.003392199,-32.88087,-41.57654,-7.394069
74.19804287,-3.900615,-2.401357,0.2138548,0.9959782,0.05997549,0.004854698,-32.88087,-41.57654,-7.394069
74.207902432,-3.838499,-2.282339,0.1525518,0.9979143,0.05510465,-0.0009643957,-32.87489,-41.56496,-6.561889
74.217761517,-4.086963,-2.282339,0.2138548,0.9899905,0.05891355,-0.004652914,-32.87489,-41.56496,-6.561889
74.227620125,-3.838499,-1.806267,0.1525518,0.9875566,0.05791887,-0.004626618,-32.87489,-41.56496,-6.561889
74.237479687,-3.590036,-1.62774,0.3364608,0.9944992,0.05654168,0.001013204,-32.87489,-41.56496,-6.561889
74.247338772,-3.21734,-1.389704,0.2751578,0.9973174,0.05702252,-0.007169296,-32.87489,-41.56496,-6.561889
74.25719738,-2.534065,-0.973142000000002,0.3364608,0.9997902,0.04924022,-0.01206221,-32.87765,-41.5703,-6.945971
74.267056465,-1.54021,-0.675597399999998,0.5203698,0.9948139,0.04868461,-0.01870477,-32.87765,-41.5703,-6.945971
74.279380798,-0.422124,0.1575277,0.704278799999998,0.9988835,0.04925204,-0.006777997,-32.87765,-41.5703,-6.945971
74.289239407,0.2611511,0.4550724,0.765581799999999,0.9968513,0.05067785,-0.01104979,-32.87765,-41.5703,-6.945971
74.299098492,0.385383,0.574090199999997,0.765581799999999,0.989934,0.05596809,-0.01138576,-32.87765,-41.5703,-6.945971
74.308957577,0.5717307,0.871635000000001,0.949490699999999,0.9915004,0.05698572,-0.003253104,-33.2546,-41.57222,-7.392137
74.318816185,0.5717307,0.812126000000002,0.949490699999999,0.9921378,0.05605586,0.006793153,-33.2546,-41.57222,-7.392137
74.328675747,0.5096148,0.990652800000001,0.826884700000003,0.9912031,0.058989,0.01258162,-33.2546,-41.57222,-7.392137
74.338534832,1.006542,0.574090199999997,0.826884700000003,0.988772,0.055554,0.01067048,-33.2546,-41.57222,-7.392137
74.34839344,1.068658,0.3955634,0.5203698,0.9921248,0.06044621,0.009705585,-33.2546,-41.57222,-7.392137
74.358253002,0.5096148,0.1575277,0.4590669,0.9863057,0.06333816,0.01604252,-32.87965,-41.20216,-6.94974
74.368112087,-0.1115444,-0.08050801,0.642975800000003,0.9926827,0.06291126,0.01690643,-32.87965,-41.20216,-6.94974
74.377970696,-0.2978921,0.03850985,0.5203698,0.9902617,0.05752623,0.01402029,-32.87965,-41.20216,-6.94974
74.387829781,-0.732703500000002,-0.1995259,0.5203698,0.9866732,0.06037844,0.004511519,-32.87965,-41.20216,-6.94974
74.397689343,-0.670587599999999,-0.4970706,0.704278799999998,0.9911292,0.05310922,0.001990667,-32.87965,-41.20216,-6.94974
74.407547951,-0.3600081,-0.4970706,0.765581799999999,0.997415,0.05265632,-0.003853139,-32.88287,-41.20839,-7.397838
74.417407036,0.385383,-0.3780527,0.888187699999998,0.996041,0.04974064,0.0004546316,-32.88287,-41.20839,-7.397838
74.427266121,0.758078499999998,-0.3185438,0.826884700000003,0.9944493,0.05359808,-0.00524052,-32.88287,-41.20839,-7.397838
74.437124729,1.255006,-0.1995259,0.949490699999999,0.9888017,0.05360955,0.01113285,-32.88287,-41.20839,-7.397838
74.449449062,1.19289,-0.08050801,0.949490699999999,0.9876196,0.0608662,0.00258535,-32.88287,-41.20839,-7.397838
74.459308148,1.130774,-0.1995259,0.888187699999998,0.989097,0.06332314,0.005460224,-32.50915,-41.21271,-7.39977
74.469167233,0.633846600000001,-0.1400169,0.949490699999999,0.9929655,0.06432145,0.003017515,-32.50915,-41.21271,-7.39977
74.479025841,0.2611511,-0.1400169,0.826884700000003,0.9862334,0.0628293,0.01028887,-32.50915,-41.21271,-7.39977
74.488885403,0.323267,-0.3780527,1.010794,0.9862832,0.05698479,0.008801232,-32.50915,-41.21271,-7.39977
74.498744488,-0.04942847,-0.675597399999998,0.765581799999999,0.9867628,0.0550335,0.00638193,-32.50915,-41.21271,-7.39977
74.508603096,0.01268744,-0.913633000000003,0.888187699999998,0.9906133,0.05700311,0.003468478,-32.12743,-41.57359,-6.565751
74.518462658,-0.422124,-1.032651,0.765581799999999,0.9876311,0.05989304,0.002576972,-32.12743,-41.57359,-6.565751
74.528321743,-0.5463558,-1.330196,0.704278799999998,0.9887055,0.05455857,0.004912637,-32.12743,-41.57359,-6.565751
74.538180351,-0.5463558,-1.151669,0.826884700000003,0.9881716,0.05942376,0.005919704,-32.12743,-41.57359,-6.565751
74.548039436,-0.608471700000001,-1.330196,0.765581799999999,0.9875768,0.05841288,-0.002705939,-32.12743,-41.57359,-6.565751
74.557898998,-0.9811672,-1.270687,0.765581799999999,0.9865791,0.0583987,-0.004129439,-32.5027,-41.20023,-6.503575
74.567757606,-1.229631,-1.270687,0.888187699999998,0.9826729,0.05397206,-0.007465519,-32.5027,-41.20023,-6.503575
74.577616691,-1.105399,-1.330196,0.826884700000003,0.988649,0.0516131,-0.001820208,-32.5027,-41.20023,-6.503575
74.587475777,-1.105399,-1.449214,0.826884700000003,0.9900995,0.04918013,-0.005215811,-32.5027,-41.20023,-6.503575
74.597334385,-1.043283,-1.151669,0.581672800000002,0.991064,0.04869659,-0.006671235,-32.5027,-41.20023,-6.503575
74.607193947,-0.856935399999999,-0.973142000000002,0.826884700000003,0.9906031,0.05016502,-0.003297878,-33.25338,-41.19784,-6.94781
74.617053032,-0.670587599999999,-0.973142000000002,0.581672800000002,0.991174,0.05263378,0.00486121,-33.25338,-41.19784,-6.94781
74.629376888,-0.670587599999999,-0.854124200000003,0.581672800000002,0.9871665,0.05452523,-0.000336905,-33.25338,-41.19784,-6.94781
74.639235496,-0.5463558,-0.616088399999998,0.642975800000003,0.9880645,0.05304625,-0.007550175,-33.25338,-41.19784,-6.94781
74.649095058,-0.5463558,-0.616088399999998,0.704278799999998,0.9881629,0.05356254,0.0001199711,-33.25338,-41.19784,-6.94781
74.658954143,-0.732703500000002,-0.794615199999997,0.704278799999998,0.9901589,0.04968528,-0.0004203999,-32.87564,-41.93845,-6.942201
74.668812752,-0.732703500000002,-0.5565795,0.642975800000003,0.9891794,0.05309385,0.002497525,-32.87564,-41.93845,-6.942201
74.678672314,-0.794819500000002,-0.616088399999998,0.5203698,0.992043,0.05358769,-0.002331116,-32.87564,-41.93845,-6.942201
74.688531399,-0.670587599999999,-0.4970706,0.4590669,0.9901062,0.05797011,0.003004666,-32.87564,-41.93845,-6.942201
74.698390007,-0.670587599999999,-0.4970706,0.4590669,0.9901639,0.04871026,-0.0009078998,-32.87564,-41.93845,-6.942201
74.708249092,-0.5463558,-0.4970706,0.5203698,0.9915366,0.05504312,-0.002311615,-32.50915,-41.21271,-7.39977
74.718108654,-0.670587599999999,-0.4970706,0.3364608,0.991033,0.05405824,-0.004229548,-32.50915,-41.21271,-7.39977
74.727967262,-0.856935399999999,-0.616088399999998,0.642975800000003,0.9916145,0.05067135,-0.0004328247,-32.50915,-41.21271,-7.39977
74.737826347,-0.9811672,-0.616088399999998,0.5203698,0.9901567,0.04821997,-0.001870333,-32.50915,-41.21271,-7.39977
74.747685432,-0.5463558,-0.675597399999998,0.581672800000002,0.9905489,0.05307892,-0.004710113,-32.50915,-41.21271,-7.39977
74.757544041,-0.608471700000001,-0.735106300000001,0.4590669,0.9872192,0.0462404,-0.00376197,-33.25137,-41.56599,-6.944039
74.767403603,-0.2978921,-0.854124200000003,0.3977638,0.9924873,0.05406744,-0.005208596,-33.25137,-41.56599,-6.944039
74.777262688,-0.1736603,-0.854124200000003,0.5203698,0.9906877,0.04579509,-0.0009399662,-33.25137,-41.56599,-6.944039
74.787121296,-0.1736603,-0.675597399999998,0.642975800000003,0.9895823,0.05209715,-0.004704622,-33.25137,-41.56599,-6.944039
74.799445152,-0.3600081,-0.616088399999998,0.5203698,0.9881389,0.05062636,-0.004217263,-33.25137,-41.56599,-6.944039
74.809304714,-0.3600081,-0.675597399999998,0.765581799999999,0.9881266,0.05111108,-0.004692197,-33.25735,-41.57757,-7.776219
74.819163322,-0.04942847,-0.675597399999998,0.5203698,0.9915906,0.04773516,-0.004770059,-33.25735,-41.57757,-7.776219
74.829022407,0.385383,-0.616088399999998,0.3977638,0.9896965,0.04578277,-0.001884342,-33.25735,-41.57757,-7.776219
74.838881969,0.695962499999998,-0.5565795,0.5203698,0.9931562,0.04387031,-0.0009913938,-33.25735,-41.57757,-7.776219
74.848740578,0.695962499999998,-0.5565795,0.3364608,0.9882748,0.04578286,0.001490317,-33.25735,-41.57757,-7.776219
74.858599663,0.633846600000001,-0.675597399999998,0.1525518,0.9877619,0.04723644,0.001030697,-33.25539,-40.82969,-6.951581
74.868458748,0.5717307,-0.616088399999998,0.3364608,0.9911371,0.05408794,0.00343641,-33.25539,-40.82969,-6.951581
74.878317356,0.5096148,-0.675597399999998,0.1525518,0.9886432,0.05209968,-0.001816018,-33.25539,-40.82969,-6.951581
74.888176918,-0.1115444,-0.735106300000001,0.1525518,0.9901192,0.05357976,9.223353e-05,-33.25539,-40.82969,-6.951581
74.898036003,-0.1736603,-0.913633000000003,0.1525518,0.9907197,0.05410406,0.00871369,-33.25539,-40.82969,-6.951581
74.907895565,-0.5463558,-0.913633000000003,0.2138548,0.9906588,0.04822798,-0.0009190226,-33.25539,-40.82969,-6.951581
74.917754173,-0.422124,-0.675597399999998,0.0912488500000001,0.9931092,0.0472745,-0.001441194,-33.25539,-40.82969,-6.951581
74.927613258,-0.2357762,-1.09216,0.0912488500000001,0.9920117,0.04576716,-0.01150146,-33.25539,-40.82969,-6.951581
74.937472343,0.07480337,-0.854124200000003,-0.0926601400000001,0.9935088,0.05262373,-0.003318542,-33.25539,-40.82969,-6.951581
74.947330952,-0.04942847,-1.032651,-0.2152661,0.9885643,0.04719491,-0.01191948,-33.25539,-40.82969,-6.951581
74.957190514,0.01268744,-0.913633000000003,-0.0926601400000001,0.9949904,0.04922317,-0.005285154,-32.87844,-40.82777,-6.505414
74.967049599,-0.2357762,-0.794615199999997,-0.0926601400000001,0.9891973,0.04772849,-0.0009024087,-32.87844,-40.82777,-6.505414
74.979372978,-0.422124,-0.616088399999998,-0.2765691,0.9920942,0.04432599,-0.006722804,-32.87844,-40.82777,-6.505414
74.989232063,-0.1736603,-0.4970706,-0.3378721,0.9900489,0.04574809,-0.01195285,-32.87844,-40.82777,-6.505414
74.999091625,0.01268744,-0.2590348,-0.2765691,0.9954925,0.04483713,-0.008204523,-32.87844,-40.82777,-6.505414
75.008950233,0.01268744,-0.1400169,-0.3991751,0.9891633,0.04674234,-0.004264642,-33.63033,-41.19976,-7.393975
75.018809319,0.1369193,-0.08050801,-0.3991751,0.9939536,0.04919786,-0.009583388,-33.63033,-41.19976,-7.393975
75.028668404,0.1990352,0.0980187800000002,-0.4604781,0.9919539,0.05063295,-0.01145957,-33.63033,-41.19976,-7.393975
75.038527012,0.1369193,0.3360545,-0.5217811,0.996415,0.04678277,-0.01059725,-33.63033,-41.19976,-7.393975
75.048386574,0.5717307,0.2765456,-0.3378721,0.9969424,0.04630978,-0.00821276,-33.63033,-41.19976,-7.393975
75.058245659,0.758078499999998,0.2170367,-0.3991751,0.9950063,0.04239251,-0.01013502,-32.88166,-40.83401,-6.953511
75.068104267,1.068658,0.5145813,-0.583084100000002,0.9925739,0.04676876,-0.005271427,-32.88166,-40.83401,-6.953511
75.077963829,1.006542,0.574090199999997,-0.5217811,0.9920233,0.04918806,-0.00763916,-32.88166,-40.83401,-6.953511
75.087822914,0.695962499999998,0.812126000000002,-0.5217811,0.9895476,0.05501663,-0.004679489,-32.88166,-40.83401,-6.953511
75.097681522,0.5717307,0.752617099999999,-0.644387100000003,0.9930131,0.05261757,-0.003790729,-32.88166,-40.83401,-6.953511
75.107540607,0.633846600000001,0.693108099999999,-0.705690099999998,0.9872229,0.04868258,-0.001345415,-33.24862,-41.56064,-6.559957
75.117400169,0.820194400000001,0.871635000000001,-0.644387100000003,0.9886265,0.04965379,-0.005190819,-33.24862,-41.56064,-6.559957
75.127258778,1.503469,0.871635000000001,-0.705690099999998,0.9911102,0.04480396,-0.006704746,-33.24862,-41.56064,-6.559957
75.137117863,1.751933,0.871635000000001,-0.705690099999998,0.9882445,0.04723888,0.0005446384,-33.24862,-41.56064,-6.559957
75.149441719,1.814049,0.990652800000001,-0.8282961,0.9921188,0.04775061,-0.00190226,-33.24862,-41.56064,-6.559957
75.159301281,1.503469,0.633599200000002,-0.766993099999999,0.9931005,0.04580733,-0.00337025,-33.25338,-41.19784,-6.94781
75.169159889,1.751933,0.812126000000002,-0.644387100000003,0.9920631,0.04529358,-0.008151794,-33.25338,-41.19784,-6.94781
75.179018974,2.373092,0.574090199999997,-0.4604781,0.9931323,0.04093412,-0.005328626,-33.25338,-41.19784,-6.94781
75.188878059,2.807904,0.752617099999999,-0.583084100000002,0.9886836,0.04869363,-0.00184534,-33.25338,-41.19784,-6.94781
75.198736668,2.994251,0.633599200000002,-0.3378721,0.9895954,0.05649493,0.0001243008,-33.25338,-41.19784,-6.94781
75.20859623,2.683672,0.633599200000002,-0.5217811,0.9910381,0.06187134,0.003024308,-32.87167,-41.55872,-6.113791
75.218455315,1.938281,0.693108099999999,-0.4604781,0.9891078,0.06186155,0.004968535,-32.87167,-41.55872,-6.113791
75.228313923,1.130774,0.4550724,-0.2152661,0.9871933,0.0550211,0.002062897,-32.87167,-41.55872,-6.113791
75.238173485,0.5096148,0.4550724,-0.3991751,0.990112,0.05748353,0.003000477,-32.87167,-41.55872,-6.113791
75.24803257,0.4474989,0.3955634,-0.2152661,0.9841611,0.05496742,-0.005082332,-32.87167,-41.55872,-6.113791
75.257891178,0.2611511,0.3955634,-0.2152661,0.9930283,0.0540866,-0.001382551,-32.13219,-41.21079,-6.953605
75.267750263,0.07480337,0.3955634,0.02994585,0.9900483,0.05404777,-0.004694802,-32.13219,-41.21079,-6.953605
75.277609825,0.1369193,0.2765456,-0.0926601400000001,0.991616,0.05164821,0.0005337968,-32.13219,-41.21079,-6.953605
75.287468433,-0.04942847,0.2765456,-0.03135715,0.9899413,0.05645838,-0.01042333,-32.13219,-41.21079,-6.953605
75.297327519,0.07480337,0.3955634,-0.0926601400000001,0.99343,0.05650708,-0.005680643,-32.13219,-41.21079,-6.953605
75.307186604,-0.1115444,0.3360545,0.2138548,0.9891099,0.05453874,-0.001322887,-32.87367,-41.19057,-6.11756
75.317045212,-0.2978921,0.4550724,0.3977638,0.9915155,0.05406068,-0.004715605,-32.87367,-41.19057,-6.11756
75.329369545,-0.1115444,0.5145813,0.2751578,0.9881215,0.04769203,-0.008075375,-32.87367,-41.19057,-6.11756
75.33922863,0.01268744,0.693108099999999,0.3364608,0.988557,0.05109868,-0.009011231,-32.87367,-41.19057,-6.11756
75.349087715,0.4474989,0.633599200000002,0.1525518,0.9891366,0.05064054,-0.002793764,-32.87367,-41.19057,-6.11756
75.358946323,0.2611511,0.931143899999998,0.0912488500000001,0.9939935,0.04969743,-0.006225343,-32.87765,-41.5703,-6.945971
75.368805885,0.01268744,1.050162,0.2751578,0.9857237,0.04914882,-0.003236911,-32.87765,-41.5703,-6.945971
75.37866497,-0.04942847,1.288198,0.3364608,0.9905258,0.05502523,-0.004693357,-32.87765,-41.5703,-6.945971
75.388523579,-0.04942847,0.990652800000001,0.2751578,0.9915819,0.046268,-0.006699115,-32.87765,-41.5703,-6.945971
75.398383141,-0.1736603,0.990652800000001,0.0912488500000001,0.9979373,0.04437022,-0.008722506,-32.87765,-41.5703,-6.945971
75.408242226,0.1369193,0.812126000000002,0.0912488500000001,0.9877387,0.04478868,-0.002823226,-32.12943,-41.20544,-6.569522
75.418100834,0.323267,0.812126000000002,0.0912488500000001,0.9910994,0.04626556,-0.006213058,-32.12943,-41.20544,-6.569522
75.427959919,0.2611511,0.812126000000002,-0.03135715,0.9902102,0.0492117,0.002929268,-32.12943,-41.20544,-6.569522
75.437819481,0.385383,0.633599200000002,-0.0926601400000001,0.9882105,0.05064679,0.001053084,-32.12943,-41.20544,-6.569522
75.447678089,0.1990352,0.3955634,-0.1539631,0.9911111,0.05408052,0.00151992,-32.12943,-41.20544,-6.569522
75.457537174,0.2611511,0.2765456,-0.3991751,0.9911797,0.04775314,0.0009863442,-32.87965,-41.20216,-6.94974
75.467396736,0.1990352,0.2170367,-0.3378721,0.9862433,0.05209116,0.001572509,-32.87965,-41.20216,-6.94974
75.477254868,0.1990352,0.03850985,-0.2765691,0.9916434,0.04823845,-0.0004537692,-32.87965,-41.20216,-6.94974
