Time (s),Gyroscope X (deg/s),Gyroscope Y (deg/s),Gyroscope Z (deg/s),Accelerometer X (g),Accelerometer Y (g),Accelerometer Z (g),Magnetometer X (uT),Magnetometer Y (uT),Magnetometer Z (uT)
56.47232914,-0.1595624,1.383411,0.3392109,0.9932241,-0.0576669,-0.139969,-39.51122,-32.32636,16.02807
56.482325554,0.2711702,1.680172,0.0953278999999999,0.992654,-0.05333539,-0.1433192,-39.51122,-32.32636,16.02807
56.492321491,0.2711702,1.85823,-0.2704967,0.9980875,-0.0570454,-0.1356705,-39.13478,-32.32682,15.64385
56.502318382,-0.5287617,2.273696,-0.697292,1.005575,-0.06665576,-0.1399883,-39.13478,-32.32682,15.64385
56.51231432,-1.021028,2.629811,-0.880204299999999,1.008957,-0.06515745,-0.142866,-39.13478,-32.32682,15.64385
56.522310257,-1.021028,2.689163,-1.124087,1.01197,-0.06998366,-0.1457415,-39.13478,-32.32682,15.64385
56.532307148,-0.897961100000003,2.748515,-1.124087,1.013469,-0.07186272,-0.141915,-39.13478,-32.32682,15.64385
56.542303085,-0.959494400000001,2.86722,-1.124087,1.00821,-0.07734708,-0.145733,-39.90168,-31.56846,16.02123
56.5522995,-1.082561,2.86722,-0.941174999999998,1.009625,-0.07491133,-0.148129,-39.90168,-31.56846,16.02123
56.562295437,-1.082561,3.342039,-0.880204299999999,1.022599,-0.06480021,-0.1333183,-39.90168,-31.56846,16.02123
56.572292328,-1.574827,4.11362,-0.5143797,1.039362,-0.04870833,-0.1103801,-39.90168,-31.56846,16.02123
56.582288265,-2.682425,5.656781,-0.2704967,1.04263,-0.04072832,-0.09507338,-39.90168,-31.56846,16.02123
56.592284202,-4.220756,7.31864699999998,-0.1485551,1.04077,-0.04495871,-0.07544743,-39.50952,-32.32963,15.64107
56.602280617,-4.959154,9.51468599999999,0.4001817,1.029551,-0.04412514,-0.06633514,-39.50952,-32.32963,15.64107
56.612276554,-5.45142,11.77007,0.644064800000001,1.019878,-0.04753799,-0.04669578,-39.50952,-32.32963,15.64107
56.622273445,-5.45142,14.02547,0.948918600000002,1.00827,-0.05212765,-0.04523864,-39.50952,-32.32963,15.64107
56.632269382,-5.020688,16.57762,0.766006299999998,1.005045,-0.06185758,-0.0394876,-39.50952,-32.32963,15.64107
56.642266273,-3.54389,19.60459,0.0953278999999999,1.002848,-0.07446965,-0.03230188,-39.50952,-32.32963,15.64107
56.652262211,-1.267161,22.92832,-0.819233500000002,1.008146,-0.07084934,-0.01986907,-39.50952,-32.32963,15.64107
56.662258625,0.948035800000003,27.08298,-1.550883,1.005976,-0.05856384,-0.0002468284,-39.50952,-32.32963,15.64107
56.672254562,1.686435,31.41571,-2.526415,1.01707,-0.05173792,0.03131809,-39.50952,-32.32963,15.64107
56.6822505,1.378768,36.57936,-3.258064,1.021351,-0.04560271,0.05523785,-39.50952,-32.32963,15.64107
56.692247391,0.2711702,41.98043,-3.867772,1.037525,-0.04987938,0.08392532,-39.50613,-32.33617,14.86706
56.702243328,-1.144094,47.79696,-3.989713,1.038967,-0.04816499,0.1088083,-39.50613,-32.33617,14.86706
56.712239742,-2.743958,53.67285,-4.050683,1.050982,-0.0647601,0.1279347,-39.50613,-32.33617,14.86706
56.72223568,-4.097689,59.9641999999998,-3.684859,1.05993,-0.07360127,0.1513716,-39.50613,-32.33617,14.86706
56.732232571,-4.774554,65.8400800000001,-2.831269,1.065562,-0.08806385,0.1518441,-39.50613,-32.33617,14.86706
56.742228508,-4.959154,71.7159700000001,-2.16059,1.074901,-0.09221335,0.1561361,-39.86624,-32.73241,13.3183
56.752225399,-4.713021,77.23573,-1.185058,1.087704,-0.09919249,0.162337,-39.86624,-32.73241,13.3183
56.762221336,-4.651488,82.5180999999998,-0.3314674,1.093438,-0.09330933,0.1556255,-39.86624,-32.73241,13.3183
56.772217274,-4.959154,87.38499,0.5221233,1.105765,-0.1007356,0.1670917,-39.86624,-32.73241,13.3183
56.782213688,-4.713021,92.0144700000002,1.375714,1.12061,-0.1124855,0.1785547,-39.85749,-32.7493,11.31879
56.792209625,-3.54389,96.3472,1.985421,1.12422,-0.1231049,0.1785511,-39.85749,-32.7493,11.31879
56.802206516,-1.82096,100.2051,2.6561,1.133686,-0.134077,0.1804517,-39.85749,-32.7493,11.31879
56.812202454,0.5173032,103.8849,3.021924,1.137775,-0.1441922,0.1814044,-39.85749,-32.7493,11.31879
56.822198868,2.609433,106.7932,3.509691,1.139163,-0.1402685,0.1823581,-39.85749,-32.7493,11.31879
56.832194805,4.64003,109.2267,4.058427,1.140027,-0.1344596,0.1780479,-39.46752,-32.77591,7.838558
56.842191696,5.93222799999999,110.9479,4.119398,1.140925,-0.1306421,0.1684738,-39.46752,-32.77591,7.838558
56.852187633,6.85522600000001,112.1349,4.363281,1.141733,-0.1219362,0.1622487,-39.46752,-32.77591,7.838558
56.862184525,7.101359,112.491,4.912018,1.135479,-0.1265472,0.1498178,-39.46752,-32.77591,7.838558
56.872180462,7.470559,112.6097,5.155901,1.125672,-0.1233745,0.1460055,-39.46752,-32.77591,7.838558
56.882176399,7.90129099999998,111.8975,5.704638,1.114835,-0.1173372,0.1388442,-39.8363,-32.42506,4.673234
56.892172813,7.655158,110.7105,5.94852100000002,1.109217,-0.1039866,0.1230575,-39.8363,-32.42506,4.673234
56.902168751,6.91675899999997,108.7518,6.13143299999997,1.093454,-0.09511773,0.1173398,-39.8363,-32.42506,4.673234
56.912165642,5.74762800000002,106.1997,6.43628699999998,1.075166,-0.08141746,0.1140181,-39.8363,-32.42506,4.673234
56.922161579,4.45543,103.3508,6.49725800000001,1.054779,-0.08575603,0.1087904,-39.8363,-32.42506,4.673234
56.932157993,3.347832,99.6115700000001,6.68017000000002,1.043481,-0.08120317,0.09971602,-40.21742,-31.32004,0.7298508
56.942153931,2.424833,95.6349600000002,7.28987799999999,1.018223,-0.0856292,0.09545401,-40.21742,-31.32004,0.7298508
56.952150345,1.440302,91.1241800000002,7.47279,0.9957415,-0.08224725,0.08879226,-40.21742,-31.32004,0.7298508
56.962146759,0.763436100000001,86.4947099999998,7.77764400000001,0.9738871,-0.08602799,0.09457424,-40.21742,-31.32004,0.7298508
56.972142696,0.5173032,81.4497499999999,8.57026399999998,0.9562591,-0.08154755,0.09125379,-40.21742,-31.32004,0.7298508
56.982139587,0.3942367,76.0486799999999,9.05803,0.937156,-0.07597963,0.1037286,-39.84655,-30.5794,-1.980437
56.992135525,0.948035800000003,70.5289200000001,9.85064999999998,0.9181943,-0.07832872,0.1004123,-39.84655,-30.5794,-1.980437
57.002131939,1.686435,65.4246100000002,10.03356,0.9035268,-0.0756897,0.1018729,-39.84655,-30.5794,-1.980437
57.012127876,1.317235,59.66743,9.66773800000003,0.8932235,-0.07203644,0.09853987,-39.84655,-30.5794,-1.980437
57.022124767,1.132635,53.67285,9.78967999999997,0.8771295,-0.071422,0.09426058,-39.84655,-30.5794,-1.980437
57.032120705,0.763436100000001,47.55955,9.66773800000003,0.8677481,-0.0647603,0.09906098,-40.21533,-30.22855,-5.145761
57.042117119,0.3327035,41.09015,9.48482499999999,0.8550289,-0.06208278,0.1005182,-40.21533,-30.22855,-5.145761
57.052113056,-0.2826288,34.73944,9.05803,0.8447754,-0.06073104,0.1110644,-40.21533,-30.22855,-5.145761
57.06210947,-1.082561,28.15133,8.50929399999998,0.8320118,-0.05558521,0.1168282,-40.21533,-30.22855,-5.145761
57.072105885,-2.374759,21.26645,8.02152600000002,0.8271621,-0.0565608,0.126887,-40.21533,-30.22855,-5.145761
57.082101822,-3.35929,14.50028,6.86308199999997,0.8241779,-0.05314359,0.1350272,-40.21784,-29.85855,-6.373295
57.092098713,-4.220756,7.79346700000001,5.76560900000001,0.8252017,-0.05543026,0.1484261,-40.21784,-29.85855,-6.373295
57.10209465,-4.466888,1.205353,4.485223,0.8203076,-0.05393315,0.1632701,-40.21784,-29.85855,-6.373295
57.112091064,-4.097689,-5.204702,3.082895,0.8266974,-0.05663921,0.1723526,-40.21784,-29.85855,-6.373295
57.122087002,-3.666957,-11.37735,1.741539,0.8348345,-0.0486332,0.1799936,-40.21784,-29.85855,-6.373295
57.132083893,-4.220756,-17.25323,0.4001817,0.8338254,-0.04665673,0.1857377,-40.23973,-28.72075,-6.76638
57.14207983,-4.159222,-22.773,-1.124087,0.8366974,-0.04355714,0.1996106,-40.23973,-28.72075,-6.76638
57.152075768,-4.036156,-28.11472,-2.526415,0.8406662,-0.04739697,0.1962547,-40.23973,-28.72075,-6.76638
57.162072659,-4.466888,-33.33773,-3.74583,0.8473315,-0.03897795,0.1991123,-40.23973,-28.72075,-6.76638
57.172068596,-5.020688,-38.02656,-5.026216,0.8516814,-0.03687368,0.20724,-40.23973,-28.72075,-6.76638
57.18206501,-4.959154,-42.29993,-6.06271899999999,0.8609732,-0.03862509,0.2081814,-40.61,-29.09738,-5.993131
57.192060947,-4.836088,-46.21719,-7.09922200000001,0.8751835,-0.0426564,0.2148577,-40.61,-29.09738,-5.993131
57.202057838,-4.589955,-49.71898,-8.19669500000002,0.8932718,-0.04565237,0.2200913,-40.61,-29.09738,-5.993131
57.212053776,-4.036156,-52.6866,-8.92834499999999,0.9029819,-0.04338078,0.2349096,-40.61,-29.09738,-5.993131
57.22205019,-3.974623,-55.12004,-9.903876,0.913653,-0.04072709,0.2363261,-40.61,-29.09738,-5.993131
57.232046127,-4.036156,-57.61284,-10.75747,0.9297389,-0.04082504,0.2439553,-40.22151,-29.85146,-5.534791
57.242043018,-4.036156,-59.63083,-11.61106,0.9437503,-0.03411254,0.2568507,-40.22151,-29.85146,-5.534791
57.252038956,-4.713021,-61.3520500000002,-12.28174,0.9621969,-0.03032895,0.2587319,-40.22151,-29.85146,-5.534791
57.262034893,-5.205287,-62.3610399999997,-13.01339,0.9705985,-0.03641441,0.2658975,-40.22151,-29.85146,-5.534791
57.272031784,-5.45142,-63.8448400000002,-13.74503,0.9833897,-0.04300873,0.2610911,-40.22151,-29.85146,-5.534791
57.282027721,-5.389887,-64.9131900000001,-14.41571,0.9951146,-0.04479104,0.2534139,-40.62213,-29.07395,-3.219617
57.292024136,-5.205287,-65.8628199999999,-15.14736,1.006501,-0.05427614,0.2543536,-40.62213,-29.07395,-3.219617
57.302020073,-3.790023,-66.5750600000002,-16.00095,1.01695,-0.0656928,0.2586455,-40.62213,-29.07395,-3.219617
57.312016964,-1.82096,-66.7531099999999,-16.54969,1.027224,-0.06794585,0.2557568,-40.62213,-29.07395,-3.219617
57.322012901,-0.0980291399999998,-66.7531099999999,-16.85454,1.036859,-0.06187596,0.2610027,-40.62213,-29.07395,-3.219617
57.332009316,1.071102,-66.2189399999998,-17.03746,1.037236,-0.05603281,0.2614791,-39.85949,-30.18924,-0.8214598
57.342005253,1.255702,-65.74413,-17.1594,1.032237,-0.04934594,0.2595718,-39.85949,-30.18924,-0.8214598
57.35200119,1.009569,-65.0318900000003,-17.34231,1.026957,-0.05395094,0.2457035,-39.85949,-30.18924,-0.8214598
57.361998081,0.1481038,-64.14161,-17.03746,1.025494,-0.05401492,0.2418775,-39.85949,-30.18924,-0.8214598
57.371994019,-0.4672285,-63.0732699999998,-16.54969,1.021714,-0.06047704,0.2342285,-39.85949,-30.18924,-0.8214598
57.38199091,-1.082561,-62.1829799999998,-16.06192,1.019837,-0.06445868,0.2280113,-40.22867,-30.93315,1.501826
57.391986847,-1.267161,-60.8178699999998,-15.63513,1.02135,-0.0674234,0.2193951,-40.22867,-30.93315,1.501826
57.401983261,-1.390227,-59.4527700000001,-15.57416,1.033629,-0.072513,0.2208107,-40.22867,-30.93315,1.501826
57.411979199,-1.144094,-57.3160799999999,-15.45222,1.036587,-0.0744378,0.2164989,-40.22867,-30.93315,1.501826
57.42197609,-0.2210956,-55.35745,-15.08639,1.038128,-0.07884224,0.2097972,-39.84525,-31.67743,3.121171
57.431972027,0.3327035,-53.51753,-14.72057,1.035177,-0.07747341,0.206452,-39.84525,-31.67743,3.121171
57.441968441,0.824969399999999,-51.26214,-14.53765,1.041057,-0.07936681,0.1992636,-39.84525,-31.67743,3.121171
57.451964378,1.317235,-49.00675,-14.11086,1.046018,-0.0841677,0.194949,-39.84525,-31.67743,3.121171
57.461960316,1.994101,-46.81071,-13.31824,1.046027,-0.08465784,0.1944705,-39.84525,-31.67743,3.121171
57.471957207,2.240234,-44.43662,-12.64756,1.050771,-0.07773022,0.1978105,-39.07278,-33.17688,5.069854
57.481953144,1.932567,-41.88447,-11.97688,1.060522,-0.07804985,0.1949221,-39.07278,-33.17688,5.069854
57.491950035,1.686435,-38.73879,-11.00135,1.063885,-0.07557122,0.1930013,-39.07278,-33.17688,5.069854
57.501945973,1.747968,-35.83052,-9.96484800000001,1.063895,-0.07603943,0.1949157,-39.07278,-33.17688,5.069854
57.511942387,1.501835,-33.04096,-8.68446200000001,1.05883,-0.06599613,0.1882219,-39.07278,-33.17688,5.069854
57.521938324,0.763436100000001,-29.83594,-7.526017,1.052362,-0.05879093,0.1930171,-39.82146,-33.54924,6.678828
57.531935215,-0.4672285,-26.69026,-6.36757300000001,1.050521,-0.06473756,0.1844075,-39.82146,-33.54924,6.678828
57.541931152,-1.328694,-23.48523,-5.331069,1.053082,-0.07156033,0.1767475,-39.82146,-33.54924,6.678828
57.551927567,-1.205627,-20.33956,-4.355537,1.051728,-0.07746661,0.1714871,-39.82146,-33.54924,6.678828
57.561923504,-0.836427900000001,-17.25323,-3.197093,1.049842,-0.0809669,0.1647912,-39.82146,-33.54924,6.678828
57.571919441,-0.03649592,-14.28561,-2.465444,1.04541,-0.07869492,0.1571411,-38.31015,-34.29216,7.46801
57.581916332,0.5788364,-11.4367,-1.794766,1.045328,-0.0743099,0.1585759,-38.31015,-34.29216,7.46801
57.591912269,1.440302,-8.70649100000002,-0.941174999999998,1.04566,-0.06604234,0.1585732,-38.31015,-34.29216,7.46801
57.601909161,1.932567,-5.91693100000002,-0.1485551,1.040727,-0.06270314,0.1624095,-38.31015,-34.29216,7.46801
57.611905098,2.055634,-3.424131,0.644064800000001,1.037249,-0.05949307,0.1490146,-38.31015,-34.29216,7.46801
57.621901512,2.117167,-0.9906842,1.375714,1.031837,-0.05666241,0.1514162,-38.70231,-33.53099,7.848176
57.631897449,2.1787,1.383411,2.168334,1.029823,-0.05335764,0.1451974,-38.70231,-33.53099,7.848176
57.64189434,2.240234,3.401391,2.778041,1.028378,-0.05441509,0.1389787,-38.70231,-33.53099,7.848176
57.651890278,2.055634,5.597429,3.082895,1.030718,-0.04962348,0.1265304,-38.70231,-33.53099,7.848176
57.661886215,2.055634,7.674762,3.44872,1.033126,-0.04811808,0.1265258,-38.70231,-33.53099,7.848176
57.671882629,2.301767,9.63339000000003,3.753573,1.031197,-0.04911492,0.1279652,-38.67703,-34.67533,7.467257
57.681878567,2.978632,11.47331,3.692603,1.026737,-0.04539007,0.1198362,-38.67703,-34.67533,7.467257
57.691875458,3.470898,13.31324,3.814544,1.025707,-0.04254302,0.1145729,-38.67703,-34.67533,7.467257
57.701871395,3.778564,14.91575,3.936486,1.024676,-0.03971794,0.1069168,-38.67703,-34.67533,7.467257
57.711868286,4.209297,16.45891,3.875515,1.024198,-0.04020894,0.1073963,-38.67703,-34.67533,7.467257
57.721864223,4.086231,17.52725,3.997457,1.026432,-0.02951357,0.1030825,-39.06919,-33.91416,7.847423
57.731860638,3.470898,18.5956,4.24134,1.023373,-0.02224978,0.1069145,-39.06919,-33.91416,7.847423
57.741856575,2.794033,19.72329,4.424252,1.023363,-0.02179913,0.1030858,-39.06919,-33.91416,7.847423
57.751853466,2.055634,20.61358,4.668135,1.0218,-0.01652413,0.09878001,-39.06919,-33.91416,7.847423
57.761849403,0.886502600000001,21.44451,4.972989,1.025768,-0.02037273,0.09446689,-39.06919,-33.91416,7.847423
57.771845341,0.3942367,22.03803,5.277843,1.020538,-0.02727925,0.0944778,-39.07366,-33.54034,7.071391
57.781841755,0.2711702,22.63156,5.338813,1.017504,-0.02156492,0.08826012,-39.07366,-33.54034,7.071391
57.791838169,0.3327035,23.10638,5.338813,1.025482,-0.03105594,0.09590588,-39.07366,-33.54034,7.071391
57.801834583,0.4557699,23.5812,5.277843,1.023928,-0.02628426,0.08968586,-39.07366,-33.54034,7.071391
57.811830521,0.886502600000001,23.99666,5.460755,1.023406,-0.02430694,0.09447203,-39.07366,-33.54034,7.071391
57.821827412,0.886502600000001,24.05602,5.277843,1.027734,-0.02133648,0.09111368,-39.07198,-33.54361,6.684389
57.831823349,0.948035800000003,24.35278,5.277843,1.022369,-0.02089953,0.09734441,-39.07198,-33.54361,6.684389
57.841819763,0.7019029,24.53083,5.216872,1.01553,-0.02008468,0.09496325,-39.07198,-33.54361,6.684389
57.8518157,0.2711702,24.70889,5.216872,1.007794,-0.02306983,0.1040704,-39.07198,-33.54361,6.684389
57.861812592,0.2711702,24.53083,4.972989,1.007787,-0.02251823,0.111249,-39.07198,-33.54361,6.684389
57.871808529,0.2711702,24.35278,4.972989,1.005453,-0.02786584,0.1160402,-39.07475,-33.17307,5.521356
57.881804943,0.209637,24.53083,4.668135,1.005508,-0.03077162,0.116998,-39.07475,-33.17307,5.521356
57.89180088,0.1481038,24.35278,4.24134,1.003008,-0.02743697,0.1150872,-39.07475,-33.17307,5.521356
57.901797295,0.02503732,24.11537,4.119398,0.9962158,-0.02903777,0.1141423,-39.07475,-33.17307,5.521356
57.911793709,-0.2210956,23.64055,3.814544,0.9947446,-0.02860283,0.1117518,-39.07475,-33.17307,5.521356
57.921789646,-0.2826288,23.40314,3.509691,1.005023,-0.03070663,0.1251346,-39.06322,-33.5605,4.68488
57.931786537,-0.5287617,23.22508,3.326778,1.00565,-0.03790004,0.1342283,-39.06322,-33.5605,4.68488
57.941782475,-0.2826288,23.34379,3.143866,1.010634,-0.04354076,0.1442712,-39.06322,-33.5605,4.68488
57.951778889,-0.2210956,23.64055,3.021924,1.014401,-0.03594472,0.1696272,-39.06322,-33.5605,4.68488
57.961774826,-0.6518282,24.47148,3.326778,1.011878,-0.03100795,0.183509,-39.06322,-33.5605,4.68488
57.971771717,-1.697893,25.18371,3.44872,1.010098,-0.03965408,0.1983502,-39.82505,-32.81195,3.901259
57.981767654,-2.190159,26.43011,3.875515,1.012611,-0.04337793,0.2107897,-39.82505,-32.81195,3.901259
57.991764069,-2.128626,27.91392,4.24134,1.017153,-0.05144832,0.2217911,-39.82505,-32.81195,3.901259
58.001760006,-1.82096,29.69449,4.546194,1.026051,-0.0580099,0.228956,-39.82505,-32.81195,3.901259
58.01175642,-1.944026,31.94988,4.729106,1.027573,-0.06071125,0.2490542,-39.82505,-32.81195,3.901259
58.021752834,-1.63636,34.50203,4.912018,1.031115,-0.06727776,0.2672356,-39.83292,-32.4316,3.899231
58.031748772,-1.021028,37.05418,5.155901,1.028351,-0.07549249,0.2782498,-39.83292,-32.4316,3.899231
58.041745663,-0.4056953,39.72504,5.643667,1.021998,-0.07393646,0.3026679,-39.83292,-32.4316,3.899231
58.0517416,-0.03649592,42.81136,6.009492,1.023023,-0.07619241,0.3194168,-39.83292,-32.4316,3.899231
58.061738014,0.0865705500000002,46.07574,6.55822899999999,1.024067,-0.07940231,0.3380803,-40.20706,-32.0704,1.959413
58.071733952,-0.0980291399999998,49.57753,6.924053,1.032722,-0.07272983,0.3581637,-40.20706,-32.0704,1.959413
58.081730843,-0.2210956,53.79155,7.71667299999998,1.036102,-0.07051314,0.3806503,-40.20706,-32.0704,1.959413
58.094225884,-1.513294,59.0145599999997,8.38735199999997,1.029961,-0.08008134,0.4103352,-40.20706,-32.0704,1.959413
58.104221821,-2.128626,63.2285699999999,8.93608900000003,1.034089,-0.09204743,0.4213383,-40.20706,-32.0704,1.959413
58.111719131,-1.82096,66.4929499999998,9.24094200000001,1.041714,-0.1089311,0.4184579,-39.82357,-32.08448,-0.03731632
58.121715546,-0.713361400000001,70.7663300000001,9.66773800000003,1.048059,-0.109182,0.4304113,-39.82357,-32.08448,-0.03731632
58.13171196,1.071102,75.2771100000001,9.91161999999998,1.045624,-0.1092213,0.4313727,-39.82357,-32.08448,-0.03731632
58.144207478,3.224765,79.8472400000002,10.27744,1.044227,-0.112633,0.4332903,-39.82357,-32.08448,-0.03731632
58.151704788,3.963164,82.2213300000001,10.5823,1.043786,-0.115045,0.4361632,-39.82357,-32.08448,-0.03731632
58.164199829,5.193829,86.1385899999999,10.64327,1.044029,-0.1275081,0.4543518,-39.83672,-30.96357,-2.429912
58.17169714,6.42449400000002,88.5126799999997,11.13104,1.045878,-0.1220823,0.459133,-39.83672,-30.96357,-2.429912
58.184192658,7.40902500000001,91.9551200000001,12.10657,1.052935,-0.1081567,0.4787387,-39.83672,-30.96357,-2.429912
58.194188595,6.73215999999997,95.3382000000001,12.71628,1.052677,-0.09385892,0.5017071,-39.83672,-30.96357,-2.429912
58.204185009,4.886163,98.4838799999998,13.0821,1.052709,-0.09518453,0.5160646,-39.83672,-30.96357,-2.429912
58.214180946,3.286299,102.2231,13.81375,1.050335,-0.09792775,0.5399984,-39.83611,-30.59956,-4.366949
58.224177837,3.286299,106.4965,14.60637,1.034246,-0.09715093,0.5534263,-39.83611,-30.59956,-4.366949
58.234173775,2.855566,110.3544,14.78928,1.027074,-0.1046431,0.5467406,-39.83611,-30.59956,-4.366949
58.244170666,3.655498,114.5684,15.09414,1.010408,-0.09898759,0.5635184,-39.83611,-30.59956,-4.366949
58.254166603,5.686095,118.1295,15.64287,1.01299,-0.1066941,0.5654302,-39.83611,-30.59956,-4.366949
58.264163017,4.270831,120.6817,15.45996,1.016995,-0.1117279,0.5907891,-39.46159,-29.866,-7.915741
58.274158955,5.255362,124.5989,15.09414,1.008198,-0.1097342,0.6152113,-39.46159,-29.866,-7.915741
58.284154892,5.74762800000002,128.2788,15.33802,1.012656,-0.1135029,0.6185545,-39.46159,-29.866,-7.915741
58.294151783,7.40902500000001,132.7302,15.27705,1.00049,-0.1141283,0.6295831,-39.46159,-29.866,-7.915741
58.30414772,8.94735499999999,136.232,14.5454,0.9942464,-0.1191945,0.6205024,-39.46159,-29.866,-7.915741
58.314144135,9.93188800000003,137.9532,14.48443,0.9796616,-0.1201343,0.6554641,-39.4584,-29.14179,-12.24132
58.324140072,12.88548,140.0899,14.30152,0.9874704,-0.1459226,0.6880003,-39.4584,-29.14179,-12.24132
58.334136963,15.96214,141.9298,14.17957,0.9684222,-0.1168485,0.7200906,-39.4584,-29.14179,-12.24132
58.3441329,19.71567,145.4316,14.5454,0.9715576,-0.1014592,0.7487957,-39.4584,-29.14179,-12.24132
58.354129791,23.2846,150.5953,14.97219,0.962667,-0.09467378,0.7660382,-39.4584,-29.14179,-12.24132
58.364125729,24.08453,154.928,15.09414,0.9259601,-0.06053841,0.7522147,-37.58124,-28.40406,-16.61749
58.374122143,22.9154,157.3615,14.91122,0.9173742,-0.0712111,0.7196893,-37.58124,-28.40406,-16.61749
58.38411808,20.8848,157.0053,15.88675,0.8974346,-0.07369356,0.7039316,-37.58124,-28.40406,-16.61749
58.394114971,17.68507,154.0971,16.06967,0.869873,-0.08484108,0.7135541,-37.58124,-28.40406,-16.61749
58.404110909,15.53141,150.4766,15.70384,0.8562442,-0.0855612,0.7174067,-37.58124,-28.40406,-16.61749
58.414106846,13.74695,148.5773,16.0087,0.8315281,-0.06648026,0.7318021,-35.32372,-28.03952,-20.47285
58.42410326,9.62422099999999,147.9838,15.33802,0.7933767,-0.05826336,0.7562738,-35.32372,-28.03952,-20.47285
58.434099197,5.80916099999998,148.1618,16.37452,0.7669782,-0.02838553,0.7328619,-35.32372,-28.03952,-20.47285
58.444096089,-2.313226,146.678,16.0087,0.7233716,0.009272955,0.6941636,-35.32372,-28.03952,-20.47285
58.454092026,-13.75841,142.6421,16.06967,0.6667243,0.04090391,0.6621896,-35.32372,-28.03952,-20.47285
58.464088917,-28.52638,134.6295,16.25258,0.6175138,0.01389164,0.6311749,-32.38346,-27.35722,-24.84081
58.474084854,-38.80243,126.9137,17.71588,0.5851209,-0.05202243,0.6140196,-32.38346,-27.35722,-24.84081
58.484081268,-43.60202,119.9694,18.69141,0.5624307,-0.08947685,0.605933,-32.38346,-27.35722,-24.84081
58.494077206,-44.03276,114.3903,18.99626,0.5311855,-0.1125352,0.596422,-32.38346,-27.35722,-24.84081
58.504074097,-42.12523,108.6331,18.87432,0.5061924,-0.1310439,0.5926417,-29.38851,-26.23342,-29.53317
58.514070034,-39.1101,102.6385,18.81335,0.4597936,-0.1257969,0.575971,-29.38851,-26.23342,-29.53317
58.524066448,-35.23351,96.2284900000001,18.32558,0.4138317,-0.1182563,0.5435061,-29.38851,-26.23342,-29.53317
58.534062386,-32.09531,87.8598100000001,17.22811,0.3709327,-0.117839,0.5225233,-29.38851,-26.23342,-29.53317
58.544059277,-28.95712,78.3040799999999,16.06967,0.3306611,-0.1275658,0.5024958,-29.38851,-26.23342,-29.53317
58.554055214,-23.78832,68.8670499999999,14.60637,0.2993964,-0.1496922,0.4886774,-26.79081,-24.33865,-32.68436
58.564051151,-17.01967,60.2016099999998,12.71628,0.2800184,-0.1560072,0.4777056,-26.79081,-24.33865,-32.68436
58.574048042,-9.94334599999999,52.42645,10.76521,0.2601141,-0.1340559,0.4767775,-26.79081,-24.33865,-32.68436
58.58404398,-5.26682,44.88869,8.50929399999998,0.239604,-0.1058038,0.4753702,-26.79081,-24.33865,-32.68436
58.594040394,-2.743958,37.05418,6.80211200000003,0.2195951,-0.07864077,0.4600836,-26.79081,-24.33865,-32.68436
58.604036331,-2.251692,29.39773,5.338813,0.206789,-0.07174503,0.4447898,-24.553,-23.57087,-33.83274
58.614033222,-2.867025,22.15674,4.30231,0.1918797,-0.08226191,0.4429042,-24.553,-23.57087,-33.83274
58.624029159,-3.35929,14.61899,3.082895,0.1934957,-0.09050415,0.4414677,-24.553,-23.57087,-33.83274
58.634025574,-2.128626,7.25929500000001,1.253772,0.1784761,-0.09521823,0.4367094,-24.553,-23.57087,-33.83274
58.644021511,-1.82096,-0.634569900000002,-0.697292,0.1676978,-0.09196819,0.4434274,-24.553,-23.57087,-33.83274
58.654018402,-2.005559,-10.66512,-3.014181,0.1645584,-0.1059427,0.4630581,-22.37935,-22.80029,-34.59458
58.664014339,0.5788364,-20.1615,-5.087187,0.1890696,-0.1393383,0.4778598,-22.37935,-22.80029,-34.59458
58.674010754,4.64003,-28.82695,-7.22116299999998,0.2009048,-0.1461524,0.5041626,-22.37935,-22.80029,-34.59458
58.684007168,8.63968899999998,-37.31433,-9.17222799999998,0.212797,-0.1301655,0.5261523,-22.37935,-22.80029,-34.59458
58.694003105,11.34715,-45.74237,-11.06232,0.2393174,-0.1406077,0.5490804,-22.37935,-22.80029,-34.59458
58.703999519,15.34681,-53.69559,-12.09882,0.2692523,-0.1516043,0.5571668,-22.76533,-22.41621,-33.82539
58.713995457,20.331,-60.5804599999998,-13.07436,0.2917892,-0.157892,0.5647863,-22.76533,-22.41621,-33.82539
58.723992348,24.14606,-67.1092299999998,-14.35474,0.3112323,-0.1549422,0.5795876,-22.76533,-22.41621,-33.82539
58.733988285,27.59192,-73.4599300000001,-15.08639,0.334583,-0.1523484,0.6001249,-22.76533,-22.41621,-33.82539
58.743984699,30.36092,-79.6919299999997,-15.81804,0.3659252,-0.1603796,0.6106011,-22.76533,-22.41621,-33.82539
58.753980637,33.92985,-85.4491099999999,-16.12289,0.3980896,-0.1600371,0.6316022,-24.18951,-23.18116,-33.05798
58.763977528,36.76038,-90.7908200000001,-16.36678,0.4256803,-0.1495232,0.6588303,-24.18951,-23.18116,-33.05798
58.773973465,38.48331,-95.7764200000002,-16.85454,0.4603729,-0.128301,0.6726431,-24.18951,-23.18116,-33.05798
58.783969879,37.43724,-100.8807,-16.79357,0.4842749,-0.1026729,0.7132737,-24.18951,-23.18116,-33.05798
58.793966293,35.28358,-104.8573,-16.54969,0.5284532,-0.09333291,0.7356874,-24.18951,-23.18116,-33.05798
58.803962707,33.25298,-107.7656,-16.18387,0.5536301,-0.0844999,0.743777,-26.8108,-23.93487,-29.91288
58.813958645,29.62252,-111.7422,-15.75707,0.5762967,-0.07188161,0.7461271,-26.8108,-23.93487,-29.91288
58.823955536,26.23819,-115.8969,-15.20833,0.6020562,-0.06853598,0.737467,-26.8108,-23.93487,-29.91288
58.833951473,21.13094,-120.8231,-14.6596,0.6329656,-0.07950456,0.7465089,-26.8108,-23.93487,-29.91288
58.843947411,18.73114,-123.3753,-13.50115,0.6836079,-0.07749265,0.7507272,-26.8108,-23.93487,-29.91288
58.853943825,15.65448,-124.2062,-13.01339,0.7063103,-0.06683935,0.7506849,-28.66072,-25.82074,-26.36913
58.863939762,11.28562,-124.681,-12.7695,0.7277175,-0.03926071,0.744419,-28.66072,-25.82074,-26.36913
58.873936653,6.05529400000003,-125.3339,-12.58659,0.7278327,-0.0200357,0.7209637,-28.66072,-25.82074,-26.36913
58.88393259,-0.5287617,-126.8177,-12.22077,0.7518129,-0.02608971,0.6979518,-28.66072,-25.82074,-26.36913
58.893929481,-6.80515100000002,-128.9544,-11.85494,0.7650383,-0.03047385,0.6682581,-28.66072,-25.82074,-26.36913
58.903925419,-13.14307,-132.931,-11.85494,0.7949514,-0.04137972,0.6332727,-31.63617,-27.65166,-22.83405
58.913921833,-18.86567,-136.8483,-11.91591,0.8438367,-0.07525693,0.6489892,-31.63617,-27.65166,-22.83405
58.92391777,-20.95779,-137.9166,-11.18426,0.8748385,-0.06540278,0.6498898,-31.63617,-27.65166,-22.83405
58.933914661,-21.94233,-137.3824,-10.75747,0.8949169,-0.04450003,0.6603781,-31.63617,-27.65166,-22.83405
58.943910599,-24.58825,-135.958,-10.75747,0.9124137,-0.01587762,0.6703903,-31.63617,-27.65166,-22.83405
58.953907013,-28.34178,-133.4058,-10.6965,0.9127752,-0.009001501,0.6775665,-34.20009,-28.3951,-18.52748
58.96390295,-32.46451,-131.2098,-10.51358,0.919743,-0.01733539,0.6545849,-34.20009,-28.3951,-18.52748
58.973899841,-35.47964,-129.4292,-10.81844,0.9388185,-0.04786672,0.6224949,-34.20009,-28.3951,-18.52748
58.983895779,-36.40264,-127.708,-11.3062,0.9556282,-0.08701869,0.6090755,-34.20009,-28.3951,-18.52748
58.993891716,-34.43357,-127.1738,-11.79397,0.9710575,-0.1313776,0.5607239,-34.20009,-28.3951,-18.52748
59.003888607,-32.46451,-127.5299,-12.95241,0.9920127,-0.1842645,0.5243292,-36.47023,-28.00492,-15.38567
59.013884544,-21.81926,-126.9958,-13.25727,1.005177,-0.2115769,0.4850701,-36.47023,-28.00492,-15.38567
59.023880959,-13.51227,-127.708,-14.2328,0.9942183,-0.2000879,0.4367501,-36.47023,-28.00492,-15.38567
59.033876896,-5.26682,-130.0227,-15.08639,1.003293,-0.190895,0.4128031,-36.47023,-28.00492,-15.38567
59.043873787,0.0865705500000002,-132.7529,-16.06192,0.9812434,-0.158948,0.3936902,-36.47023,-28.00492,-15.38567
59.053869724,3.470898,-137.2637,-16.79357,0.9830858,-0.1281009,0.3620931,-38.36901,-27.60539,-11.46708
59.063866138,5.439962,-141.9525,-16.61066,1.000343,-0.08769873,0.3323809,-38.36901,-27.60539,-11.46708
59.073862076,5.563028,-147.0569,-15.81804,1.014203,-0.04772681,0.3160748,-38.36901,-27.60539,-11.46708
59.083858967,3.470898,-152.2205,-15.93998,1.044038,-0.0284883,0.2829961,-38.36901,-27.60539,-11.46708
59.093854904,0.763436100000001,-156.3752,-17.34231,1.056643,-0.05191977,0.2442155,-38.36901,-27.60539,-11.46708
59.103851318,-0.7748947,-159.2834,-19.04949,1.064977,-0.08189759,0.189651,-39.46497,-29.85946,-7.141739
59.113847733,-1.205627,-162.9633,-19.6592,1.055806,-0.08794174,0.1331966,-39.46497,-29.85946,-7.141739
59.123844147,-1.513294,-166.4057,-20.26891,1.073446,-0.09434033,0.08626704,-39.46497,-29.85946,-7.141739
59.133840084,0.948035800000003,-168.8392,-19.41532,1.088431,-0.08840159,0.06566062,-39.46497,-29.85946,-7.141739
59.143836975,1.809501,-170.0262,-19.17143,1.100388,-0.07655978,0.05941523,-39.85611,-30.19577,-1.595464
59.153832912,1.624901,-169.7888,-18.80561,1.129605,-0.07474308,0.08855698,-39.85611,-30.19577,-1.595464
59.163829327,1.932567,-167.7708,-18.1959,1.146102,-0.07027083,0.116763,-39.85611,-30.19577,-1.595464
59.173825264,2.3633,-164.7439,-17.58619,1.160089,-0.0619957,0.1411439,-39.85611,-30.19577,-1.595464
59.183821201,2.424833,-161.4795,-16.42775,1.179238,-0.04355859,0.1497201,-39.85611,-30.19577,-1.595464
59.193818092,1.132635,-157.9777,-16.12289,1.183105,-0.01568701,0.1602349,-39.84864,-31.67089,3.895175
59.20381403,-1.021028,-154.1198,-16.42775,1.211482,-0.02204361,0.1477441,-39.84864,-31.67089,3.895175
59.213810444,-2.374759,-150.2025,-15.93998,1.228236,-0.03189544,0.1501103,-39.84864,-31.67089,3.895175
59.223806858,-1.697893,-146.3446,-16.24484,1.247897,-0.04063461,0.1615641,-39.84864,-31.67089,3.895175
59.233803272,0.824969399999999,-142.4274,-16.36678,1.266014,-0.04504397,0.1715838,-39.84864,-31.67089,3.895175
59.24379921,3.347832,-137.2637,-17.34231,1.283511,-0.04206242,0.1940456,-39.84564,-32.77218,8.609781
59.253796101,4.82463,-131.1504,-17.58619,1.293898,-0.02439401,0.1906729,-39.84564,-32.77218,8.609781
59.263792038,4.147764,-125.4526,-17.09843,1.28265,0.003502582,0.1835067,-39.84564,-32.77218,8.609781
59.273788452,1.440302,-119.0425,-16.42775,1.26618,-0.001660294,0.1859296,-39.84564,-32.77218,8.609781
59.28378439,-0.959494400000001,-112.3951,-15.14736,1.246963,-0.01606649,0.1931454,-39.84564,-32.77218,8.609781
59.293781281,-2.682425,-104.976,-13.37921,1.235591,-0.03330788,0.1922126,-38.35155,-33.48187,13.33348
59.303777218,-3.35929,-95.8357700000002,-11.42815,1.227865,-0.03673052,0.2065842,-38.35155,-33.48187,13.33348
59.313773632,-4.097689,-86.22069,-9.78193500000003,1.208347,-0.03511536,0.2128393,-38.35155,-33.48187,13.33348
59.323769569,-4.959154,-75.5372599999999,-7.95281199999998,1.190706,-0.02949223,0.228183,-38.35155,-33.48187,13.33348
59.333765984,-6.31288499999999,-64.6757800000001,-6.245631,1.171277,-0.03276103,0.2315677,-38.35155,-33.48187,13.33348
59.343762398,-7.420484,-53.10207,-4.416508,1.146528,-0.03803046,0.2402266,-38.33195,-34.98042,16.05061
59.353758335,-8.71268200000002,-41.11288,-2.526415,1.116123,-0.05371729,0.2378908,-38.33195,-34.98042,16.05061
59.363755226,-9.14341400000001,-29.24241,-1.550883,1.091617,-0.07221201,0.2345882,-38.33195,-34.98042,16.05061
59.373751164,-8.651149,-16.83777,-0.453409,1.072931,-0.0890681,0.2384538,-38.33195,-34.98042,16.05061
59.383747578,-7.72814899999999,-4.611178,0.826976999999997,1.043041,-0.1061763,0.2389889,-38.33195,-34.98042,16.05061
59.393743515,-5.75908599999999,7.43735199999998,2.168334,1.02589,-0.1012136,0.2342317,-37.20522,-35.34198,17.28648
59.403740406,-4.159222,18.89236,3.387749,1.016533,-0.09611894,0.2270681,-37.20522,-35.34198,17.28648
59.413736343,-2.436292,30.22866,4.485223,1.022698,-0.1129919,0.2284974,-37.20522,-35.34198,17.28648
59.423732758,-0.836427900000001,41.56496,5.582696,1.030884,-0.1080629,0.2184318,-37.20522,-35.34198,17.28648
59.433728695,-0.1595624,52.6045,7.16793599999998,1.036887,-0.09049426,0.213631,-37.20522,-35.34198,17.28648
59.443725586,-1.021028,63.2879299999997,8.14346899999999,1.051225,-0.0756766,0.2088164,-37.57827,-35.34806,16.8967
59.453721523,-2.620892,73.5558899999999,9.24094200000001,1.065331,-0.07446988,0.2040058,-37.57827,-35.34806,16.8967
59.463718414,-3.790023,83.5864299999998,10.70424,1.092212,-0.07883769,0.1996529,-37.57827,-35.34806,16.8967
59.473714352,-4.220756,93.1421700000002,11.80171,1.122532,-0.08455151,0.2000801,-37.57827,-35.34806,16.8967
59.483710766,-4.651488,102.5792,12.89919,1.158542,-0.08187437,0.2024095,-37.57827,-35.34806,16.8967
59.493706703,-4.836088,111.6008,13.81375,1.184249,-0.07554395,0.2014059,-37.57908,-34.98133,15.28216
59.503703594,-4.774554,119.6727,14.60637,1.206975,-0.0920985,0.2018491,-37.57908,-34.98133,15.28216
59.513699532,-3.236224,127.3291,14.97219,1.226139,-0.1004054,0.2085179,-37.57908,-34.98133,15.28216
59.523695946,-0.590294999999998,135.045,15.09414,1.256935,-0.1056678,0.2041584,-37.57908,-34.98133,15.28216
59.533691883,1.440302,142.3453,15.27705,1.268977,-0.09809247,0.2093998,-37.57908,-34.98133,15.28216
59.543687821,2.609433,148.8741,15.76481,1.279873,-0.08128501,0.2170337,-39.05914,-35.02908,10.94952
59.553684712,2.609433,154.8093,16.6184,1.288516,-0.07421457,0.2275455,-39.05914,-35.02908,10.94952
59.563680649,1.747968,160.5665,17.83782,1.296639,-0.06510974,0.2490648,-39.05914,-35.02908,10.94952
59.57367754,-0.3441621,165.8488,19.60597,1.310798,-0.06610799,0.268662,-39.05914,-35.02908,10.94952
59.583673477,-2.374759,171.4873,21.73995,1.305463,-0.06703176,0.2854218,-39.05914,-35.02908,10.94952
59.593669891,-3.790023,176.0574,23.69101,1.301726,-0.07522622,0.3007448,-40.20406,-33.1717,6.674019
59.603665829,-3.420824,180.5682,25.94693,1.296627,-0.08881052,0.3141573,-40.20406,-33.1717,6.674019
59.61366272,-2.005559,184.9603,27.71508,1.290058,-0.102709,0.296465,-40.20406,-33.1717,6.674019
59.623658657,-0.897961100000003,188.8182,29.05644,1.282263,-0.1028893,0.2936072,-40.20406,-33.1717,6.674019
59.633655071,0.3327035,192.2013,29.72712,1.273515,-0.1039945,0.2979299,-40.20406,-33.1717,6.674019
59.643651009,1.871034,194.6941,30.51974,1.270873,-0.1183925,0.3233028,-39.83651,-31.69431,1.121661
59.6536479,5.009229,196.4153,31.25139,1.269699,-0.1333527,0.3371874,-39.83651,-31.69431,1.121661
59.663643837,8.08589100000001,198.2552,30.70265,1.265567,-0.1463836,0.3558624,-39.83651,-31.69431,1.121661
59.673640251,12.45475,198.73,31.19041,1.251723,-0.1353182,0.373591,-39.83651,-31.69431,1.121661
59.683636665,16.33134,198.8488,31.0075,1.224516,-0.1398091,0.3664609,-39.83651,-31.69431,1.121661
59.693633079,18.54654,197.7804,30.70265,1.202868,-0.1284426,0.3808531,-40.20998,-30.2389,-6.371266
59.703629017,19.7772,195.8218,30.64168,1.184139,-0.11715,0.3808828,-40.20998,-30.2389,-6.371266
59.713625908,19.9618,193.9819,29.72712,1.141783,-0.1180473,0.4273787,-40.20998,-30.2389,-6.371266
59.723621845,21.19247,191.3703,28.75159,1.115836,-0.1110954,0.4465652,-40.20998,-30.2389,-6.371266
59.733618259,22.66927,190.1833,26.73955,1.083231,-0.1122991,0.4916085,-40.20998,-30.2389,-6.371266
59.743614197,22.9154,188.8775,25.45916,1.063854,-0.09292939,0.4729728,-39.4584,-29.14179,-12.24132
59.753610134,22.85387,188.4621,24.91043,1.026009,-0.07568848,0.4739915,-39.4584,-29.14179,-12.24132
59.763607025,20.94633,186.2661,23.87392,0.9962336,-0.07359359,0.4486784,-39.4584,-29.14179,-12.24132
59.773602962,19.16187,182.3488,23.20325,0.9710993,-0.0841809,0.4611679,-39.4584,-29.14179,-12.24132
59.783599853,16.57748,177.5412,22.0448,0.9364868,-0.1082943,0.5028706,-37.59188,-27.65316,-17.78255
59.793595791,19.22341,174.1582,22.34966,0.911729,-0.1130735,0.5120079,-37.59188,-27.65316,-17.78255
59.803592205,21.93087,171.9621,21.98383,0.8727149,-0.1114102,0.512554,-37.59188,-27.65316,-17.78255
59.813588142,21.6232,168.6384,21.37412,0.8289636,-0.06516462,0.5097469,-37.59188,-27.65316,-17.78255
59.823585033,14.97761,163.6528,20.70344,0.7653235,-0.02366788,0.50889,-37.59188,-27.65316,-17.78255
59.833580971,5.686095,157.4208,20.88636,0.7222341,-0.01224345,0.5228409,-34.9667,-26.60265,-23.31586
59.843577385,-2.805491,149.9424,21.67898,0.6822245,-0.03536531,0.5253095,-34.9667,-26.60265,-23.31586
59.853573322,-8.28194900000001,141.7518,21.06927,0.6375279,-0.04260509,0.521082,-34.9667,-26.60265,-23.31586
59.863570213,-12.58928,133.5018,20.21568,0.5950252,-0.03730743,0.5015332,-34.9667,-26.60265,-23.31586
59.873566151,-18.25033,124.5989,18.5085,0.5495778,-0.00479818,0.4882039,-34.9667,-26.60265,-23.31586
59.883562565,-25.75739,115.0432,17.0452,0.5141241,-0.01146592,0.4734316,-32.02973,-25.85314,-27.23265
59.893558979,-32.40298,104.7159,16.74035,0.4549073,-0.02456603,0.4443451,-32.02973,-25.85314,-27.23265
59.903555393,-36.5257,93.6169900000002,15.5819,0.4145315,-0.05471323,0.4233659,-32.02973,-25.85314,-27.23265
59.913551331,-37.6333,82.45874,14.91122,0.3804509,-0.08281422,0.3999823,-32.02973,-25.85314,-27.23265
59.923548222,-36.95644,71.1817899999998,13.93569,0.3637297,-0.1006648,0.3971446,-32.02973,-25.85314,-27.23265
59.933544159,-33.38751,61.2105900000002,12.41142,0.3379446,-0.1289168,0.3924111,-28.65754,-25.09653,-30.6947
59.943540573,-26.43425,51.71422,11.00909,0.3093835,-0.1393315,0.3781062,-28.65754,-25.09653,-30.6947
59.95353651,-18.43493,42.21784,8.87511700000002,0.2873148,-0.1320802,0.3685713,-28.65754,-25.09653,-30.6947
59.963533401,-11.72781,32.18729,6.31434600000001,0.2674504,-0.1127376,0.3480222,-28.65754,-25.09653,-30.6947
59.973529339,-5.882153,21.85998,4.058427,0.2493796,-0.1107351,0.340396,-28.65754,-25.09653,-30.6947
59.983525276,0.0865705500000002,11.47331,1.741539,0.2318492,-0.1116815,0.3279838,-25.69186,-23.18588,-32.2951
59.99352169,5.563028,1.086649,-0.758262800000002,0.2231061,-0.113391,0.3193851,-25.69186,-23.18588,-32.2951
60.003518105,10.42415,-9.12195899999998,-3.014181,0.2282927,-0.1039986,0.3255951,-25.69186,-23.18588,-32.2951
60.013514519,14.30075,-19.21186,-5.148157,0.2257473,-0.09823075,0.3241624,-25.69186,-23.18588,-32.2951
60.023510456,16.51594,-29.30176,-7.28213400000001,0.2260358,-0.08746853,0.3313377,-25.69186,-23.18588,-32.2951
60.033507347,17.43894,-39.51037,-9.111257,0.2380777,-0.07990641,0.3351434,-25.7059,-22.42843,-32.68616
60.043503284,17.43894,-49.71898,-10.63553,0.2503505,-0.08440492,0.3480447,-25.7059,-22.42843,-32.68616
60.053499699,17.56201,-59.63083,-12.03785,0.2724066,-0.09127582,0.3460938,-25.7059,-22.42843,-32.68616
60.063495636,18.05427,-70.0174899999997,-13.56212,0.2947997,-0.08972555,0.3608902,-25.7059,-22.42843,-32.68616
60.073492527,18.05427,-80.7009199999999,-14.78154,0.3311869,-0.08122718,0.3613031,-25.7059,-22.42843,-32.68616
60.083488464,17.13128,-92.1559300000001,-15.63513,0.3599967,-0.08385342,0.3837467,-26.07197,-23.17834,-31.07238
60.093484879,17.43894,-103.4922,-16.48872,0.3981134,-0.08930354,0.3961246,-26.07197,-23.17834,-31.07238
60.103480816,17.13128,-114.5318,-17.64716,0.4439673,-0.09173778,0.4027453,-26.07197,-23.17834,-31.07238
60.113477707,17.43894,-125.0371,-18.74464,0.4869254,-0.095709,0.4069787,-26.07197,-23.17834,-31.07238
60.123473644,18.17734,-135.127,-19.84211,0.5369473,-0.08707725,0.392532,-26.07197,-23.17834,-31.07238
60.133470535,17.06974,-145.8105,-21.1225,0.5818685,-0.09208682,0.3852763,-28.33227,-23.17233,-28.38005
60.143466473,15.46988,-155.9004,-22.28094,0.6337102,-0.07664663,0.3674746,-28.33227,-23.17233,-28.38005
60.153462887,13.25468,-165.3967,-22.70774,0.7024731,-0.07970542,0.3625698,-28.33227,-23.17233,-28.38005
60.163458824,9.43962199999999,-174.2402,-23.07356,0.7428473,-0.05038195,0.3466989,-28.33227,-23.17233,-28.38005
60.173455715,6.239894,-182.8463,-23.56133,0.7940781,-0.05366869,0.3547462,-28.33227,-23.17233,-28.38005
60.183451653,0.5788364,-192.1053,-24.17104,0.8408031,-0.05082809,0.3517925,-31.67837,-25.44001,-23.68439
60.193448067,-3.974623,-199.7024,-25.45142,0.891124,-0.05752124,0.361278,-31.67837,-25.44001,-23.68439
60.203444004,-8.28194900000001,-205.6376,-27.1586,0.9506121,-0.05906858,0.3822321,-31.67837,-25.44001,-23.68439
60.213440895,-10.92788,-209.4362,-28.86578,1.004357,-0.04038125,0.3964909,-31.67837,-25.44001,-23.68439
60.223436832,-14.866,-211.0387,-29.96326,1.060764,-0.007408653,0.4260557,-31.67837,-25.44001,-23.68439
60.233433247,-17.01967,-211.5729,-29.90229,1.108387,0.02565702,0.4317071,-34.60667,-26.93661,-18.15103
60.243429661,-21.57313,-212.107,-30.39005,1.146457,0.02182953,0.4091487,-34.60667,-26.93661,-18.15103
60.253425598,-26.55732,-212.8193,-31.67044,1.208,-0.01280115,0.3683714,-34.60667,-26.93661,-18.15103
60.263422012,-27.91105,-214.4218,-32.82888,1.253536,-0.0510049,0.3434159,-34.60667,-26.93661,-18.15103
60.27341795,-24.52672,-217.3301,-35.02383,1.296609,-0.1142377,0.2969351,-34.60667,-26.93661,-18.15103
60.283414841,-17.94267,-222.0782,-38.19431,1.322936,-0.140961,0.2935461,-37.98641,-27.98293,-11.46228
60.293410778,-8.71268200000002,-226.4703,-41.36479,1.356949,-0.1360033,0.283914,-37.98641,-27.98293,-11.46228
60.303407192,0.948035800000003,-228.8444,-43.86459,1.387962,-0.1008975,0.2828937,-37.98641,-27.98293,-11.46228
60.31340313,6.60909300000002,-229.7347,-45.81566,1.396899,-0.03161632,0.2938676,-37.98641,-27.98293,-11.46228
60.323400021,7.655158,-229.4379,-46.30342,1.426831,0.03499292,0.2861411,-37.98641,-27.98293,-11.46228
60.333395958,3.778564,-228.429,-45.5108,1.422675,0.1004647,0.2808671,-40.25187,-28.69732,-3.992867
60.343392372,-2.805491,-226.7077,-44.65722,1.429171,0.1167027,0.2358654,-40.25187,-28.69732,-3.992867
60.353388786,-9.20494699999997,-224.7491,-42.88906,1.424819,0.08808557,0.1980729,-40.25187,-28.69732,-3.992867
60.363385201,-13.94301,-221.9595,-41.12091,1.410177,0.06280711,0.1756119,-40.25187,-28.69732,-3.992867
60.373381138,-15.91207,-218.3984,-40.38926,1.405187,0.01620195,0.1383036,-40.25187,-28.69732,-3.992867
60.383378029,-14.18914,-213.947,-39.77955,1.400787,-0.009285555,0.1239606,-39.46265,-32.05497,3.125979
60.393373966,-10.68175,-208.902,-39.71858,1.397766,-0.03035039,0.1120069,-39.46265,-32.05497,3.125979
60.40337038,-5.82061999999998,-203.5603,-39.4747,1.390176,-0.04185244,0.09288001,-39.46265,-32.05497,3.125979
60.413366318,-0.7748947,-198.3967,-38.86499,1.37789,-0.03622001,0.09768575,-39.46265,-32.05497,3.125979
60.423363209,3.717031,-193.1736,-38.0114,1.378244,-0.02959846,0.07710464,-38.68102,-35.03281,10.1783
60.433359146,8.27049000000001,-188.4848,-37.34072,1.385231,-0.03887754,0.05699466,-38.68102,-35.03281,10.1783
60.44335556,13.43928,-182.965,-37.09684,1.368032,-0.05799017,0.02352924,-38.68102,-35.03281,10.1783
60.453351498,21.00787,-177.0298,-36.06034,1.351508,-0.06099637,-0.003720013,-38.68102,-35.03281,10.1783
60.463348389,28.26879,-171.2133,-34.71898,1.335395,-0.06019025,-0.04006391,-38.68102,-35.03281,10.1783
60.473344326,34.29905,-166.8212,-32.15821,1.320458,-0.04363094,-0.0567923,-37.17458,-36.49667,15.68006
60.483341217,39.4063,-162.1917,-29.29258,1.31406,-0.04117067,-0.09267499,-37.17458,-36.49667,15.68006
60.493337155,43.71363,-156.1378,-27.03666,1.291914,-0.0301737,-0.1175252,-37.17458,-36.49667,15.68006
60.503333569,45.80576,-149.1935,-24.41492,1.25702,-0.01431916,-0.1150755,-37.17458,-36.49667,15.68006
60.513329506,44.32896,-142.7241,-21.79318,1.211787,0.007175581,-0.1111736,-37.17458,-36.49667,15.68006
60.523326397,39.96011,-135.958,-19.17143,1.181477,0.01242121,-0.1096864,-35.67928,-37.51297,21.63096
60.533322334,32.88378,-128.1828,-17.03746,1.140801,0.02474238,-0.1091401,-35.67928,-37.51297,21.63096
60.543318272,23.34613,-119.8735,-15.20833,1.102551,0.03759304,-0.1090767,-35.67928,-37.51297,21.63096
60.553314686,11.90095,-110.8519,-13.37921,1.054054,0.05120434,-0.1099528,-35.67928,-37.51297,21.63096
60.563311577,-0.4672285,-102.4239,-11.55009,1.029274,0.04729564,-0.1118229,-35.67928,-37.51297,21.63096
60.573307514,-11.29708,-93.3429699999999,-9.78193500000003,1.006247,0.02858984,-0.08832774,-33.12959,-37.8376,25.97351
60.583303452,-20.15786,-83.2530700000002,-8.50154899999998,0.9803457,0.006736158,-0.08396977,-33.12959,-37.8376,25.97351
60.593300342,-26.00352,-72.5102900000001,-6.91630899999997,0.9759147,-0.01661078,-0.07677739,-33.12959,-37.8376,25.97351
60.60329628,-29.08018,-61.1739900000002,-4.721362,0.9776824,-0.03244525,-0.05859051,-33.12959,-37.8376,25.97351
60.613292694,-29.32631,-49.54092,-3.014181,0.9714514,-0.06352386,-0.04277864,-33.12959,-37.8376,25.97351
60.623289585,-25.88045,-37.7298,-1.002146,0.9622226,-0.09084436,-0.03461972,-32.36078,-39.32998,28.76069
60.633285522,-19.8502,-25.62192,0.8879478,0.9551111,-0.10108,-0.02264029,-32.36078,-39.32998,28.76069
60.64328146,-12.77388,-12.5644,2.839012,0.958242,-0.08582672,-0.008770965,-32.36078,-39.32998,28.76069
60.653277874,-6.743618,0.730534499999999,4.546194,0.9608762,-0.07011488,0.003184799,-32.36078,-39.32998,28.76069
60.663273811,-1.944026,13.55065,6.31434600000001,0.9679904,-0.05979588,0.0002982834,-32.36078,-39.32998,28.76069
60.673270702,2.1787,26.90493,8.26540999999997,0.986237,-0.04530798,0.004091352,-31.23038,-39.69863,29.15807
60.68326664,4.763096,40.37791,10.46036,0.9985125,-0.02407785,0.01411458,-31.23038,-39.69863,29.15807
60.693263054,5.74762800000002,53.31673,12.71628,1.01325,-0.00428761,0.02078386,-31.23038,-39.69863,29.15807
60.703259468,5.378428,66.7303599999998,14.97219,1.040357,0.005559791,0.02934844,-31.23038,-39.69863,29.15807
60.713255882,3.655498,80.6781699999998,17.35005,1.077583,0.02142087,0.03597952,-31.23038,-39.69863,29.15807
60.72325182,0.3327035,93.7356899999998,19.9718,1.102199,0.03408206,0.03880481,-31.58433,-40.47196,27.99833
60.733248711,-4.159222,106.7339,22.41063,1.122551,0.04042073,0.05025353,-31.58433,-40.47196,27.99833
60.743244648,-8.71268200000002,119.2572,24.36169,1.140457,0.02073246,0.03730582,-31.58433,-40.47196,27.99833
60.753241062,-11.91241,131.2464,26.49567,1.161521,0.01480067,0.0339206,-31.58433,-40.47196,27.99833
60.763236999,-13.20461,142.8795,28.20285,1.194034,-0.004025337,0.03051874,-31.58433,-40.47196,27.99833
60.77323389,-13.20461,154.3345,29.17838,1.220013,-0.01232482,0.02329694,-32.3391,-39.73703,25.60221
60.783229828,-11.97394,165.1366,29.72712,1.240306,-0.02884849,0.03235877,-32.3391,-39.73703,25.60221
60.793226242,-9.26647999999999,175.4046,29.91003,1.258392,-0.03191907,0.02945657,-32.3391,-39.73703,25.60221
60.803222179,-5.205287,184.7229,30.15391,1.290731,-0.0415244,0.02509549,-32.3391,-39.73703,25.60221
60.81321907,-0.713361400000001,192.8542,30.15391,1.316758,-0.05218684,0.02505286,-32.3391,-39.73703,25.60221
60.823215008,3.840098,200.57,29.72712,1.346472,-0.05158662,0.02643663,-34.9073,-38.28113,20.09257
60.833211899,7.83975800000002,207.7516,29.91003,1.377374,-0.0363803,0.02829315,-34.9073,-38.28113,20.09257
60.843207836,9.93188800000003,214.8739,29.23935,1.391688,-0.0200088,0.03400689,-34.9073,-38.28113,20.09257
60.85320425,10.42415,219.5627,29.48323,1.416448,-0.01516369,0.03204818,-34.9073,-38.28113,20.09257
60.863200188,9.62422099999999,224.9044,29.30032,1.420221,-0.008136806,0.04831138,-34.9073,-38.28113,20.09257
60.873197079,8.88582200000002,228.2282,30.33682,1.44439,-0.02371292,0.04635895,-37.15994,-36.8901,14.13408
60.883193016,8.27049000000001,231.8487,30.15391,1.430802,-0.0005947713,0.05307675,-37.15994,-36.8901,14.13408
60.89318943,7.101359,233.7479,30.76362,1.43845,0.007331391,0.05306138,-37.15994,-36.8901,14.13408
60.903185368,4.516963,235.944,29.971,1.44181,0.01047133,0.07028345,-37.15994,-36.8901,14.13408
60.913182259,1.747968,237.2497,30.39779,1.415374,0.01814958,0.1167495,-37.15994,-36.8901,14.13408
60.923178196,-1.144094,238.4368,31.12944,1.42183,0.01212219,0.1344471,-38.30059,-34.67579,7.083036
60.93317461,-4.282289,238.9709,31.73915,1.425434,0.002085134,0.144972,-38.30059,-34.67579,7.083036
60.943171024,-5.63602,238.4368,33.08051,1.408975,-0.02918242,0.1622375,-38.30059,-34.67579,7.083036
60.953167438,-3.666957,237.5465,33.75119,1.394546,-0.06475259,0.1828506,-38.30059,-34.67579,7.083036
60.963163376,0.209637,236.122,33.56827,1.389816,-0.07200357,0.197218,-38.30059,-34.67579,7.083036
60.973160267,2.609433,234.1634,33.20245,1.387836,-0.06995858,0.2125354,-39.79998,-33.22554,-0.03123283
60.983156204,4.209297,232.6796,31.92206,1.374696,-0.09624847,0.2355367,-39.79998,-33.22554,-0.03123283
60.993152618,6.85522600000001,230.0681,31.92206,1.326985,-0.09718137,0.2896992,-39.79998,-33.22554,-0.03123283
61.003148556,11.47022,227.6346,30.94653,1.290328,-0.1166117,0.3165683,-39.79998,-33.22554,-0.03123283
61.013145447,16.76208,226.2102,30.09294,1.227161,-0.0988851,0.3721887,-39.8189,-30.63279,-8.301468
61.023141384,21.4386,225.1418,29.42226,1.182862,-0.07478428,0.3933171,-39.8189,-30.63279,-8.301468
61.033137321,21.254,224.3703,27.77605,1.159196,-0.06025784,0.3856974,-39.8189,-30.63279,-8.301468
61.043134213,17.43894,221.5213,28.69061,1.123074,-0.03074224,0.39676,-39.8189,-30.63279,-8.301468
61.05313015,12.14708,218.6131,28.87353,1.08394,-0.02204566,0.4226691,-39.8189,-30.63279,-8.301468
61.063126564,9.50115500000001,214.9926,28.9345,1.05644,-0.03666374,0.4246351,-38.32991,-28.77642,-15.00852
61.073122501,7.22442600000001,210.6005,28.99547,1.020039,-0.01841804,0.4261296,-38.32991,-28.77642,-15.00852
61.083119392,0.886502600000001,203.775,28.75159,0.9868541,-0.04122959,0.4477292,-38.32991,-28.77642,-15.00852
61.09311533,-0.3441621,196.4153,27.4712,0.9248365,-0.08547558,0.4727347,-38.32991,-28.77642,-15.00852
61.103111744,1.501835,187.6905,27.16635,0.8682461,-0.08233859,0.459911,-38.32991,-28.77642,-15.00852
61.113107681,-0.6518282,178.1941,24.84946,0.8020549,-0.06012815,0.481078,-35.70582,-27.35863,-22.09186
61.123104572,-1.944026,168.9945,24.05684,0.7375718,-0.05098243,0.5046383,-35.70582,-27.35863,-22.09186
61.13310051,-2.990091,160.8039,23.38616,0.6705495,-0.01178139,0.4726804,-35.70582,-27.35863,-22.09186
61.143096924,-10.55868,151.4262,21.86189,0.6122227,0.05791721,0.4622355,-35.70582,-27.35863,-22.09186
61.153093338,-22.74226,141.6331,20.70344,0.5614858,0.08629844,0.4340807,-35.70582,-27.35863,-22.09186
61.163089752,-35.47964,130.5342,21.37412,0.5021427,0.05363096,0.3911207,-32.02356,-26.23022,-26.84363
61.17308569,-44.52502,118.9604,21.49607,0.4463511,-0.01252264,0.3452917,-32.02356,-26.23022,-26.84363
61.183082581,-47.72475,106.5558,20.76442,0.3963585,-0.07538283,0.3281662,-32.02356,-26.23022,-26.84363
61.193078518,-44.52502,94.4479199999999,19.17917,0.3766882,-0.1182194,0.3095471,-32.02356,-26.23022,-26.84363
61.203074932,-36.77184,82.3400300000002,17.16714,0.3424855,-0.1393442,0.305305,-32.02356,-26.23022,-26.84363
61.213070869,-28.03412,70.46957,14.24054,0.302177,-0.1207248,0.3029776,-28.29038,-24.71391,-30.75845
61.223067761,-19.72713,59.3706699999999,11.19201,0.2728972,-0.09269859,0.2958428,-28.29038,-24.71391,-30.75845
61.233063698,-14.49681,48.44984,8.75317599999999,0.2366446,-0.05649643,0.2944609,-28.29038,-24.71391,-30.75845
61.243060112,-10.68175,37.46965,6.55822899999999,0.2194419,-0.04853582,0.298796,-28.29038,-24.71391,-30.75845
61.253056049,-6.37441899999998,27.26104,4.24134,0.2033823,-0.04993027,0.2873386,-28.29038,-24.71391,-30.75845
61.26305294,-2.805491,17.28984,2.046392,0.1883802,-0.05563782,0.2801876,-26.43796,-23.19804,-33.07467
61.273048878,1.194169,6.96253299999998,-0.5143797,0.182268,-0.0673817,0.2845084,-26.43796,-23.19804,-33.07467
61.283045769,5.686095,-3.305426,-2.709327,0.1789913,-0.07485399,0.2715945,-26.43796,-23.19804,-33.07467
61.293041706,8.63968899999998,-13.87015,-5.148157,0.1818264,-0.06982452,0.2840312,-26.43796,-23.19804,-33.07467
61.30303812,10.91642,-24.37552,-7.70892999999997,0.1948924,-0.06454027,0.302193,-26.43796,-23.19804,-33.07467
61.313034058,12.82395,-35.41506,-9.96484800000001,0.2034131,-0.07692307,0.3112743,-24.25197,-23.18163,-33.05845
61.323030949,15.16221,-46.15784,-12.34271,0.2176505,-0.08241605,0.3174723,-24.25197,-23.18163,-33.05845
61.333026886,17.43894,-57.07867,-14.59863,0.2391099,-0.08270078,0.3461496,-24.25197,-23.18163,-33.05845
61.3430233,19.65414,-68.7117400000001,-16.67163,0.2606114,-0.08552404,0.362863,-24.25197,-23.18163,-33.05845
61.353019238,21.9924,-79.9293399999997,-18.13493,0.2941525,-0.08085979,0.3752463,-24.25197,-23.18163,-33.05845
61.363016129,23.22306,-91.5624000000002,-19.29338,0.3248889,-0.08259012,0.3852433,-24.94069,-23.18352,-32.67654
61.373012066,23.96146,-103.3142,-20.26891,0.3654149,-0.1121406,0.4138948,-24.94069,-23.18352,-32.67654
61.38300848,26.97659,-114.5911,-21.06153,0.4164955,-0.133432,0.4195541,-24.94069,-23.18352,-32.67654
61.393004894,30.48399,-124.6217,-21.7322,0.464068,-0.1237408,0.4199473,-24.94069,-23.18352,-32.67654
61.403001309,32.51458,-134.5335,-22.46385,0.5124567,-0.1058646,0.4102868,-24.94069,-23.18352,-32.67654
61.412997246,32.08385,-144.9795,-22.82968,0.5567877,-0.07921191,0.4125955,-26.80633,-24.30869,-29.13685
61.422994137,28.94566,-155.2475,-23.1955,0.6121299,-0.06780408,0.4244606,-26.80633,-24.30869,-29.13685
61.432990074,25.93053,-164.2097,-23.37842,0.678688,-0.05733075,0.416206,-26.80633,-24.30869,-29.13685
61.442986488,21.8078,-171.332,-23.50036,0.7294955,-0.03838221,0.4122839,-26.80633,-24.30869,-29.13685
61.452982426,15.03915,-178.0981,-23.74424,0.7748691,-0.0157456,0.3983203,-26.80633,-24.30869,-29.13685
61.462979317,6.54756,-186.6449,-23.37842,0.8324035,-0.01826489,0.3704633,-30.54906,-25.44138,-24.83705
61.472975254,-2.990091,-196.438,-23.31745,0.8782012,-0.01783284,0.371819,-30.54906,-25.44138,-24.83705
61.482971668,-11.78934,-206.1718,-24.17104,0.9443995,-0.06546909,0.3865517,-30.54906,-25.44138,-24.83705
61.492967606,-14.12761,-213.4128,-25.20754,1.002837,-0.08965805,0.3783203,-30.54906,-25.44138,-24.83705
61.502964497,-15.4198,-219.8229,-27.09763,1.065778,-0.06802253,0.3762907,-30.54906,-25.44138,-24.83705
61.512960434,-14.43527,-223.7995,-28.92676,1.11499,-0.04171548,0.3833768,-33.91008,-27.31507,-18.5309
61.522957325,-15.2352,-226.589,-30.0852,1.164482,-0.004949076,0.3646166,-33.91008,-27.31507,-18.5309
61.532953262,-18.49647,-228.3102,-30.81685,1.205145,0.008733474,0.3382205,-33.91008,-27.31507,-18.5309
61.542949677,-23.35759,-230.0908,-31.42656,1.225991,0.01373278,0.3085111,-33.91008,-27.31507,-18.5309
61.552945614,-27.48032,-233.1178,-31.73141,1.265988,-0.01559755,0.2562841,-33.91008,-27.31507,-18.5309
61.562942505,-29.69551,-235.7886,-33.43859,1.310459,-0.07458623,0.2456932,-37.22737,-28.36093,-11.84169
61.572938442,-22.98839,-237.035,-34.0483,1.360383,-0.1126112,0.2307801,-37.22737,-28.36093,-11.84169
61.582934857,-15.9736,-239.053,-36.48713,1.38062,-0.1006102,0.2240416,-37.22737,-28.36093,-11.84169
61.592930794,-8.95881500000001,-239.7652,-38.86499,1.401505,-0.07107616,0.220169,-37.22737,-28.36093,-11.84169
61.602927685,-3.420824,-240.2994,-39.96246,1.421891,-0.04110112,0.2124685,-37.22737,-28.36093,-11.84169
61.612923622,-0.836427900000001,-241.0117,-40.32829,1.437104,0.004737569,0.1971158,-39.09449,-30.21357,-4.363416
61.622920036,-1.021028,-240.7149,-41.5477,1.450952,0.0194666,0.1836877,-39.09449,-30.21357,-4.363416
61.63291645,-1.574827,-240.062,-41.66965,1.479963,0.03104097,0.1644911,-39.09449,-30.21357,-4.363416
61.642912865,-2.005559,-238.1627,-41.30382,1.48249,0.05186794,0.1515598,-39.09449,-30.21357,-4.363416
61.652908802,-2.128626,-235.6106,-40.45023,1.498028,0.05449498,0.1395676,-39.46265,-32.05497,3.125979
61.662905693,-2.005559,-232.4056,-39.35276,1.499826,0.06214765,0.1223338,-39.46265,-32.05497,3.125979
61.67290163,-2.682425,-228.429,-38.37722,1.496997,0.05656219,0.10224,-39.46265,-32.05497,3.125979
61.682898045,-4.220756,-223.6808,-37.95043,1.473189,0.05257178,0.08936096,-39.46265,-32.05497,3.125979
61.692893982,-4.713021,-218.2797,-36.85295,1.457425,0.03572953,0.08843562,-39.46265,-32.05497,3.125979
61.702890873,-4.405355,-211.7509,-36.24325,1.442179,0.01680902,0.0717169,-38.31413,-34.64964,10.17905
61.71288681,-4.405355,-204.9848,-35.32869,1.425072,0.01926386,0.05834597,-38.31413,-34.64964,10.17905
61.722883224,-4.589955,-196.9128,-34.17024,1.40026,0.01743866,0.07178982,-38.31413,-34.64964,10.17905
61.732879162,-4.159222,-188.3067,-32.46306,1.387192,0.01285964,0.07755669,-38.31413,-34.64964,10.17905
61.742876053,-4.159222,-179.1071,-30.63394,1.362079,0.02703383,0.08764692,-38.31413,-34.64964,10.17905
61.75287199,-5.26682,-169.314,-28.86578,1.349761,0.03398748,0.07761651,-36.79984,-36.49386,15.68284
61.762868881,-7.78968299999997,-158.4525,-27.46346,1.307542,0.02501956,0.09157112,-36.79984,-36.49386,15.68284
61.772864819,-9.758747,-147.6504,-25.51239,1.283099,0.003102575,0.08587646,-36.79984,-36.49386,15.68284
61.782861233,-10.43561,-135.7799,-23.43939,1.243965,-0.01462154,0.09217074,-36.79984,-36.49386,15.68284
61.79285717,-9.69721300000001,-123.6127,-21.36638,1.217655,-0.04097521,0.08360901,-36.79984,-36.49386,15.68284
61.802854061,-8.09734899999998,-111.1487,-19.78114,1.188172,-0.05364484,0.09036374,-34.54381,-37.89143,20.86732
61.812849998,-6.49748500000001,-98.15051,-18.13493,1.145987,-0.06461726,0.09761874,-34.54381,-37.89143,20.86732
61.822846413,-4.897621,-84.9149399999998,-16.67163,1.121759,-0.07189033,0.09862001,-34.54381,-37.89143,20.86732
61.83284235,-3.051624,-71.3825999999998,-14.35474,1.098306,-0.06843106,0.1024886,-34.54381,-37.89143,20.86732
61.842839241,-2.620892,-57.4941399999999,-11.97688,1.07751,-0.05085333,0.1034775,-34.54381,-37.89143,20.86732
61.852835178,-3.851556,-43.30892,-9.41611100000001,1.061905,-0.05018537,0.1039831,-33.77303,-39.38761,23.20301
61.862831593,-5.75908599999999,-29.06436,-6.42854300000001,1.044443,-0.0543828,0.1078432,-33.77303,-39.38761,23.20301
61.872828007,-7.54354999999999,-14.64173,-3.562918,1.024159,-0.06399013,0.1107525,-33.77303,-39.38761,23.20301
61.882824421,-8.528082,-0.575217599999998,-0.3924382,1.018441,-0.07092822,0.1083714,-33.77303,-39.38761,23.20301
61.892820358,-8.28194900000001,13.25388,2.899983,1.014789,-0.0841515,0.1050311,-33.77303,-39.38761,23.20301
61.902817249,-7.05128400000001,27.08298,6.13143299999997,1.015826,-0.08756329,0.1016802,-32.33571,-39.74356,24.8282
61.912813187,-5.45142,40.73403,8.87511700000002,1.017376,-0.09247543,0.09258579,-32.33571,-39.74356,24.8282
61.922809601,-3.72849,54.44443,11.6188,1.022254,-0.09293519,0.08492019,-32.33571,-39.74356,24.8282
61.932805538,-1.944026,67.56129,14.30152,1.018643,-0.08235092,0.08109514,-32.33571,-39.74356,24.8282
61.942802429,-0.3441621,80.2033499999998,17.0452,1.045276,-0.07362512,0.07434641,-32.33571,-39.74356,24.8282
61.952798367,1.009569,93.0828200000001,19.91082,1.070846,-0.06003899,0.06999116,-33.07394,-40.13609,24.05066
61.962794781,1.317235,105.1313,22.83742,1.097151,-0.05947981,0.07425233,-33.07394,-40.13609,24.05066
61.972790718,1.501835,117.2392,25.64208,1.129568,-0.04716358,0.07562838,-33.07394,-40.13609,24.05066
61.982787609,2.301767,129.3471,27.89799,1.170513,-0.04780807,0.07603574,-33.07394,-40.13609,24.05066
61.992783546,3.286299,140.7428,30.03197,1.200514,-0.03648076,0.08076628,-33.07394,-40.13609,24.05066
62.002780437,3.901631,151.8417,32.22692,1.239327,-0.02747925,0.07782485,-33.43317,-40.16886,20.50037
62.012776375,4.024698,161.9909,34.23895,1.26792,-0.01914365,0.07729428,-33.43317,-40.16886,20.50037
62.022772789,2.978632,171.606,36.0071,1.304282,-0.009113394,0.08584268,-33.43317,-40.16886,20.50037
62.032768726,2.240234,180.6869,37.95817,1.339024,-0.0166266,0.09248412,-33.43317,-40.16886,20.50037
62.042765617,1.994101,189.2337,39.78729,1.354944,-0.008033513,0.09436845,-33.43317,-40.16886,20.50037
62.052761555,1.747968,197.0682,40.51894,1.373544,-0.01257809,0.08859429,-36.01601,-38.31953,16.53671
62.062757969,1.871034,203.8937,42.04321,1.391185,-0.01742578,0.1048364,-36.01601,-38.31953,16.53671
62.072753906,1.932567,210.7786,42.16515,1.400531,-0.02208737,0.106257,-36.01601,-38.31953,16.53671
62.082750797,2.240234,216.2983,42.77486,1.423472,-0.02402435,0.1105247,-36.01601,-38.31953,16.53671
62.092746735,2.1787,221.462,42.95777,1.418007,-0.01822647,0.1186685,-36.01601,-38.31953,16.53671
62.102743149,1.440302,225.9134,42.65292,1.413661,-0.02021662,0.1229838,-37.52534,-36.54579,10.19475
62.112739563,1.009569,229.2965,42.95777,1.410238,-0.01915007,0.1406968,-37.52534,-36.54579,10.19475
62.122735977,-0.2210956,232.1454,42.77486,1.41625,-0.02769928,0.1493029,-37.52534,-36.54579,10.19475
62.132731915,-1.082561,233.8667,42.71389,1.398994,-0.0167846,0.1579445,-37.52534,-36.54579,10.19475
62.142728806,-1.82096,234.935,42.59195,1.396146,-0.02067137,0.164172,-37.52534,-36.54579,10.19475
62.152724743,-2.067093,235.1724,42.40903,1.385535,-0.02605529,0.1828563,-39.41717,-34.33384,3.525149
62.162721157,-2.436292,234.5789,41.73835,1.376955,-0.03580768,0.1977097,-39.41717,-34.33384,3.525149
62.172717094,-1.390227,233.0357,41.31156,1.371612,-0.06260492,0.2015545,-39.41717,-34.33384,3.525149
62.182713985,1.255702,231.1364,40.64088,1.323372,-0.06252471,0.2083386,-39.41717,-34.33384,3.525149
62.192709923,4.763096,228.1095,40.45797,1.312003,-0.07969587,0.2150629,-39.41717,-34.33384,3.525149
62.202706337,6.97829199999999,224.7264,39.48244,1.291241,-0.08900119,0.2519519,-39.79681,-32.50134,-4.35681
62.212702274,11.28562,221.5807,38.99467,1.282404,-0.1108238,0.2759017,-39.79681,-32.50134,-4.35681
62.222699165,16.02368,217.4854,38.81176,1.239444,-0.1061386,0.2965541,-39.79681,-32.50134,-4.35681
62.232695103,20.39254,213.7462,37.59234,1.206513,-0.1162054,0.3296359,-39.79681,-32.50134,-4.35681
62.242691994,25.74593,210.9566,37.16555,1.158623,-0.1080537,0.3680034,-39.79681,-32.50134,-4.35681
62.252687931,31.16085,208.4045,35.82419,1.141217,-0.1151526,0.3732999,-39.82867,-29.51842,-11.46807
62.262684345,35.22205,204.6059,34.29992,1.109092,-0.09092967,0.3814855,-39.82867,-29.51842,-11.46807
62.272680283,38.29871,200.5106,32.53177,1.04838,-0.07483169,0.4131731,-39.82867,-29.51842,-11.46807
62.282677174,41.12923,196.356,29.84906,1.005447,-0.07162571,0.4314331,-39.82867,-29.51842,-11.46807
62.292673111,43.22137,192.498,27.59314,0.9657767,-0.03497005,0.4338857,-37.58233,-28.03678,-18.16753
62.302669525,41.9907,188.106,24.36169,0.945356,-0.01086149,0.4573652,-37.58233,-28.03678,-18.16753
62.312665463,39.28324,183.892,20.82539,0.8986667,0.01074484,0.4765842,-37.58233,-28.03678,-18.16753
62.322662354,36.63731,178.0754,18.20364,0.8725337,0.02733299,0.4871541,-37.58233,-28.03678,-18.16753
62.332658291,30.23785,173.3272,16.25258,0.8283172,0.07194051,0.4656838,-37.58233,-28.03678,-18.16753
62.342654705,17.00821,167.3326,14.85025,0.7718651,0.06860603,0.4887547,-34.96081,-26.97919,-22.86233
62.352651119,5.009229,160.3884,15.09414,0.6941065,0.05800354,0.5070788,-34.96081,-26.97919,-22.86233
62.362647534,-5.512953,153.2068,15.70384,0.6356865,0.05402486,0.4641099,-34.96081,-26.97919,-22.86233
62.372643471,-18.1888,144.6007,16.31355,0.5780608,0.06063071,0.4608586,-34.96081,-26.97919,-22.86233
62.382640362,-31.47998,133.7986,16.86229,0.5149506,0.04833,0.474372,-34.96081,-26.97919,-22.86233
62.392636299,-41.57143,121.8094,17.83782,0.4836537,0.001866474,0.4562526,-30.5229,-26.22224,-27.2195
62.402632713,-47.47862,110.9479,17.83782,0.4450318,-0.04377866,0.4371886,-30.5229,-26.22224,-27.2195
62.412628651,-49.63228,99.4335199999999,16.74035,0.391893,-0.06876248,0.4238876,-30.5229,-26.22224,-27.2195
62.422625542,-47.78629,87.3256399999999,15.27705,0.3673315,-0.08436896,0.4177129,-30.5229,-26.22224,-27.2195
62.432621479,-42.86362,76.5235100000002,13.63084,0.3334453,-0.0969423,0.3914535,-30.5229,-26.22224,-27.2195
62.442617893,-38.7409,65.8400800000001,11.31395,0.301698,-0.09329256,0.3809792,-27.53134,-25.09191,-31.13786
62.452613831,-32.71064,55.03795,9.11900000000001,0.2708024,-0.1090812,0.3685942,-27.53134,-25.09191,-31.13786
62.462610722,-25.20359,45.30416,7.28987799999999,0.2589387,-0.1264902,0.3504335,-27.53134,-25.09191,-31.13786
62.472606659,-16.712,36.22325,5.03396,0.2479349,-0.137429,0.3471054,-27.53134,-25.09191,-31.13786
62.48260355,-7.85121599999999,27.37975,2.778041,0.2278398,-0.1316667,0.3299102,-27.53134,-25.09191,-31.13786
62.492599487,-0.713361400000001,17.58661,0.583093999999999,0.2118241,-0.1091264,0.3318467,-24.939,-23.18679,-33.06355
62.502595902,4.578496,7.25929500000001,-1.794766,0.2006921,-0.1132821,0.3266028,-24.939,-23.18679,-33.06355
62.512591839,9.747288,-2.593198,-4.355537,0.1996192,-0.1079053,0.3323462,-24.939,-23.18679,-33.06355
62.52258873,13.93155,-12.44569,-6.42854300000001,0.1948894,-0.08950663,0.3352212,-24.939,-23.18679,-33.06355
62.532584667,15.83908,-23.24782,-8.80640299999999,0.1936819,-0.0767732,0.3486201,-24.939,-23.18679,-33.06355
62.542581082,15.59294,-34.76218,-10.81844,0.2081822,-0.06998962,0.3682147,-24.18165,-23.56152,-33.05596
62.552577019,15.16221,-45.97978,-12.58659,0.2265003,-0.08508134,0.3787154,-24.18165,-23.56152,-33.05596
62.56257391,15.90061,-56.66321,-14.04989,0.2398265,-0.09402023,0.3820445,-24.18165,-23.56152,-33.05596
62.572569847,16.82361,-67.3466300000001,-15.45222,0.2632589,-0.09581153,0.4011471,-24.18165,-23.56152,-33.05596
62.582566261,18.66961,-77.4958900000001,-16.42775,0.3004738,-0.1051845,0.4116133,-24.18165,-23.56152,-33.05596
62.592562675,19.83874,-86.5768099999999,-17.28134,0.3356212,-0.1082943,0.4206458,-24.55977,-23.55779,-32.28474
62.60255909,21.0694,-96.0731800000002,-18.07396,0.3673502,-0.1109726,0.4311198,-24.55977,-23.55779,-32.28474
62.612555981,23.34613,-105.3915,-18.98852,0.400722,-0.1233678,0.4382435,-24.55977,-23.55779,-32.28474
62.622551918,25.37673,-114.9472,-19.59823,0.4423218,-0.1326235,0.4520521,-24.55977,-23.55779,-32.28474
62.632548332,28.20726,-123.7907,-20.57376,0.4875611,-0.1282623,0.4591507,-24.55977,-23.55779,-32.28474
62.642544269,30.29939,-133.109,-21.30541,0.5299333,-0.1268428,0.4696051,-26.43606,-23.93206,-29.9101
62.652541161,31.59158,-142.0713,-22.09803,0.5773388,-0.1084956,0.4604248,-26.43606,-23.93206,-29.9101
62.662537098,30.05325,-151.3896,-22.89065,0.6274148,-0.07638407,0.4627222,-26.43606,-23.93206,-29.9101
62.672533512,26.60739,-159.7583,-23.37842,0.6839793,-0.05237463,0.4683603,-26.43606,-23.93206,-29.9101
62.682529449,21.56167,-166.5244,-23.01259,0.7312273,-0.02584416,0.4510424,-26.43606,-23.93206,-29.9101
62.69252634,12.88548,-172.519,-22.82968,0.7878153,-0.003410511,0.4437593,-29.40573,-26.20019,-25.59865
62.702522278,1.132635,-180.1755,-22.89065,0.8098036,0.01863687,0.4159579,-29.40573,-26.20019,-25.59865
62.712518692,-6.80515100000002,-187.1197,-22.52483,0.8590091,-0.007337079,0.39195,-29.40573,-26.20019,-25.59865
62.722515106,-12.95848,-193.1143,-22.03706,0.9004434,-0.03508031,0.3507273,-29.40573,-26.20019,-25.59865
62.73251152,-19.97326,-200.474,-22.76871,0.9521581,-0.03922943,0.3166594,-29.40573,-26.20019,-25.59865
62.742507458,-24.95745,-207.715,-23.80521,1.006372,-0.04597726,0.3117808,-33.52342,-27.63958,-19.75194
62.752504349,-29.63398,-215.0153,-25.63433,1.061295,-0.03861437,0.307376,-33.52342,-27.63958,-19.75194
62.762500286,-34.3105,-222.4344,-28.07316,1.111515,-0.01434962,0.3015393,-33.52342,-27.63958,-19.75194
62.7724967,-37.14103,-227.6574,-29.71938,1.17627,-0.03732784,0.3057395,-33.52342,-27.63958,-19.75194
62.782492638,-38.06403,-231.5153,-31.91432,1.204438,-0.03325665,0.2650104,-33.52342,-27.63958,-19.75194
62.792489529,-38.12556,-235.9667,-33.80442,1.234913,-0.02233668,0.2242755,-36.10226,-27.98903,-13.83488
62.802485466,-37.14103,-239.7652,-36.30422,1.284111,-0.02211379,0.1954751,-36.10226,-27.98903,-13.83488
62.81248188,-35.47964,-243.9199,-37.88946,1.3273,-0.01326268,0.166683,-36.10226,-27.98903,-13.83488
62.822477817,-34.18744,-246.9469,-40.02343,1.374767,-0.02404011,0.1608601,-36.10226,-27.98903,-13.83488
62.832474709,-31.04924,-249.321,-42.34032,1.397552,-0.0441618,0.1431182,-36.10226,-27.98903,-13.83488
62.842470646,-25.32665,-250.2706,-44.65722,1.434495,-0.06531683,0.141145,-38.71718,-29.85057,-6.749174
62.852467537,-16.46587,-250.508,-46.3644,1.468258,-0.0465822,0.1506528,-38.71718,-29.85057,-6.749174
62.862463474,-6.98975099999999,-249.2023,-47.76672,1.495792,-0.03398617,0.1400729,-38.71718,-29.85057,-6.749174
62.872459888,0.2711702,-248.0152,-48.25449,1.505026,-0.007265563,0.1194712,-38.71718,-29.85057,-6.749174
62.882455826,6.11682699999999,-246.294,-48.4374,1.509496,0.01419539,0.1185007,-38.71718,-29.85057,-6.749174
62.892452717,9.99342099999999,-243.2077,-47.82769,1.523255,0.03384788,0.1122501,-39.46008,-31.69477,0.7374401
62.902448654,13.31621,-239.884,-45.9376,1.534769,0.04322053,0.1026561,-39.46008,-31.69477,0.7374401
62.912445068,14.91608,-236.0854,-44.16945,1.531408,0.04002792,0.07969117,-39.46008,-31.69477,0.7374401
62.922441006,15.71601,-231.8714,-42.52324,1.518981,0.05282826,0.07157374,-39.46008,-31.69477,0.7374401
62.932437897,16.26981,-227.0045,-40.38926,1.502948,0.04993702,0.05580943,-38.69614,-33.90808,8.237206
62.942433834,15.77754,-221.366,-38.92596,1.487816,0.05097746,0.04291398,-38.69614,-33.90808,8.237206
62.952430248,14.42381,-214.8966,-37.27975,1.459326,0.06301835,0.03961052,-38.69614,-33.90808,8.237206
62.962426662,11.90095,-208.0117,-35.26772,1.430009,0.06732048,0.0420534,-38.69614,-33.90808,8.237206
62.972423077,8.76275599999999,-200.3553,-33.07277,1.398236,0.07249773,0.039236,-38.69614,-33.90808,8.237206
62.982419014,4.763096,-191.8085,-31.24364,1.375877,0.06968769,0.04597576,-36.41553,-36.87467,15.30065
62.992415905,0.5173032,-183.0837,-29.71938,1.345232,0.06655601,0.03550132,-36.41553,-36.87467,15.30065
63.002411842,-4.097689,-173.3499,-27.76831,1.31516,0.05918941,0.03890567,-36.41553,-36.87467,15.30065
63.012408257,-8.40501600000002,-162.6072,-26.73181,1.281064,0.03214772,0.02509337,-36.41553,-36.87467,15.30065
63.022404194,-11.11248,-151.5676,-24.96366,1.250208,0.01452576,0.02467312,-36.41553,-36.87467,15.30065
63.032401085,-12.65081,-139.6972,-23.92715,1.210006,0.001561007,0.02235366,-35.66804,-37.89986,20.85898
63.042397022,-13.32767,-127.6486,-22.82968,1.176753,-0.01796872,0.03103103,-35.66804,-37.89986,20.85898
63.052393436,-13.38921,-114.7098,-21.7322,1.137627,-0.03622249,0.03253967,-35.66804,-37.89986,20.85898
63.062389374,-12.71234,-101.6523,-20.32988,1.099626,-0.03640838,0.04122033,-35.66804,-37.89986,20.85898
63.072386265,-12.71234,-88.4760799999997,-19.11046,1.077739,-0.03886789,0.03216617,-35.66804,-37.89986,20.85898
63.082382202,-12.40468,-74.2908599999997,-17.40328,1.042878,-0.05071576,0.0341443,-33.09923,-38.99175,24.43158
63.092379093,-11.66628,-60.5804599999998,-15.39124,1.017777,-0.06334268,0.03610561,-33.09923,-38.99175,24.43158
63.102375507,-10.43561,-46.87006,-12.64756,0.9949808,-0.06922176,0.02705392,-33.09923,-38.99175,24.43158
63.112371445,-9.02034799999997,-32.98161,-10.08679,0.9787982,-0.06366632,0.03186646,-33.09923,-38.99175,24.43158
63.122368336,-7.605083,-19.21186,-7.16019200000001,0.974504,-0.06865444,0.02708947,-33.09923,-38.99175,24.43158
63.132364273,-6.62055200000002,-4.90794,-4.172625,0.9710667,-0.06726891,0.02661653,-31.94415,-40.86874,26.38507
63.142360687,-5.75908599999999,9.03986600000002,-1.611853,0.9680868,-0.06449109,0.01800664,-31.94415,-40.86874,26.38507
63.152356625,-5.143754,22.63156,1.375714,0.9910507,-0.06802581,0.006960267,-31.94415,-40.86874,26.38507
63.162353516,-4.466888,36.1639,4.180369,1.009081,-0.06819938,0.002143119,-31.94415,-40.86874,26.38507
63.172349453,-3.72849,49.75559,6.86308199999997,1.028999,-0.06487268,0.004021845,-31.94415,-40.86874,26.38507
63.182345867,-3.54389,63.3472799999998,9.78967999999997,1.046837,-0.05485843,-0.00223332,-31.55816,-41.25283,25.61588
63.192341805,-3.420824,76.2267500000001,12.28948,1.06736,-0.0578414,-0.0008326004,-31.55816,-41.25283,25.61588
63.202338696,-2.867025,89.0468499999998,15.03316,1.090577,-0.04864014,-0.001354019,-31.55816,-41.25283,25.61588
63.212334633,-1.944026,101.6296,18.26461,1.119989,-0.03203174,-0.002366721,-31.55816,-41.25283,25.61588
63.222331524,-2.190159,113.6781,21.25218,1.151966,-0.02214077,0.0004464446,-31.55816,-41.25283,25.61588
63.232327461,-3.051624,125.6673,24.36169,1.180423,-0.006505588,0.001349963,-32.68179,-40.89725,23.6705
63.242323875,-4.589955,137.3003,27.77605,1.211047,-0.002472625,0.004166994,-32.68179,-40.89725,23.6705
63.252319813,-6.49748500000001,148.5179,31.19041,1.240039,0.01082238,0.01368455,-32.68179,-40.89725,23.6705
63.262316704,-8.28194900000001,159.2607,34.78769,1.255865,-0.001468728,0.01701016,-32.68179,-40.89725,23.6705
63.272312641,-9.14341400000001,169.0539,37.95817,1.263347,-0.010488,0.02417808,-32.68179,-40.89725,23.6705
63.282309055,-8.528082,178.2535,40.8238,1.270479,-0.0268077,0.03086991,-33.04887,-40.54967,20.11817
63.292304993,-6.62055200000002,187.1563,43.20165,1.291147,-0.03758479,0.02987951,-33.04887,-40.54967,20.11817
63.302301884,-3.54389,195.1689,44.90884,1.316666,-0.04735557,0.02218032,-33.04887,-40.54967,20.11817
63.312297821,-0.1595624,202.8847,46.79893,1.319914,-0.03845232,0.03222246,-33.04887,-40.54967,20.11817
63.322294235,3.101699,209.6509,47.83543,1.329819,-0.04705184,0.02694307,-33.04887,-40.54967,20.11817
63.332290649,6.54756,215.23,48.81096,1.328161,-0.03628423,0.03890759,-34.87518,-38.70834,14.54757
63.342287064,9.31655499999998,219.5034,48.99387,1.345378,-0.04533487,0.02165117,-34.87518,-38.70834,14.54757
63.352283001,11.71635,223.3019,48.87193,1.347451,-0.02578168,0.02977832,-34.87518,-38.70834,14.54757
63.362279892,13.43928,226.0321,48.44514,1.370462,-0.03169692,0.02399681,-34.87518,-38.70834,14.54757
63.372275829,14.23921,228.1095,47.59155,1.375437,-0.01118031,0.02494001,-34.87518,-38.70834,14.54757
63.382272244,13.87001,229.4746,45.70145,1.404768,-0.01580141,0.04068308,-36.75467,-37.25056,8.656024
63.392268181,13.80848,230.0681,44.11621,1.401249,-0.009264198,0.07227355,-36.75467,-37.25056,8.656024
63.402265072,13.31621,228.9998,42.65292,1.424332,-0.01833398,0.09329299,-36.75467,-37.25056,8.656024
63.412261486,13.31621,227.3379,40.64088,1.42825,-0.01913634,0.1033365,-36.75467,-37.25056,8.656024
63.422257423,13.00855,224.6077,38.99467,1.420984,-0.02110085,0.1167498,-36.75467,-37.25056,8.656024
63.432254315,12.94702,221.9368,37.28749,1.397576,-0.01930811,0.150769,-38.65305,-34.72164,1.984731
63.442250252,13.13162,218.8505,36.25099,1.36626,-0.03764348,0.1795429,-38.65305,-34.72164,1.984731
63.452246666,14.36228,215.8829,35.94613,1.33287,-0.04914207,0.2164544,-38.65305,-34.72164,1.984731
63.46224308,16.57748,213.3901,37.04361,1.304644,-0.05042158,0.2437828,-38.65305,-34.72164,1.984731
63.472239494,18.17734,212.3217,37.04361,1.271316,-0.06539951,0.2720807,-38.65305,-34.72164,1.984731
63.482235432,19.83874,211.7282,38.01914,1.246274,-0.05439301,0.3075362,-39.04982,-32.12571,-5.578782
63.492232323,19.65414,211.5502,38.14108,1.22495,-0.05989648,0.3362893,-39.04982,-32.12571,-5.578782
63.50222826,20.82327,211.3721,39.3605,1.20331,-0.04905086,0.3468529,-39.04982,-32.12571,-5.578782
63.512224674,21.00787,211.5502,38.87273,1.196522,-0.07616961,0.3717577,-39.04982,-32.12571,-5.578782
63.522220612,23.22306,210.9566,38.32399,1.172841,-0.08621595,0.387116,-38.32184,-29.88752,-11.45492
63.532217503,27.96112,210.4225,37.04361,1.155027,-0.09774893,0.3866715,-38.32184,-29.88752,-11.45492
63.54221344,32.02232,207.3361,35.09254,1.11775,-0.08416063,0.4120975,-38.32184,-29.88752,-11.45492
63.552209854,34.42211,202.7066,30.94653,1.059087,-0.0726272,0.4715402,-38.32184,-29.88752,-11.45492
63.562205792,36.76038,196.7714,27.4712,1.012665,-0.06499384,0.5032051,-38.32184,-29.88752,-11.45492
63.572202683,41.00617,192.0826,25.03237,0.9687548,-0.03626281,0.4984885,-37.19803,-28.41759,-18.54972
63.58219862,34.23751,184.7822,21.55704,0.8791113,0.04072373,0.5024536,-37.19803,-28.41759,-18.54972
63.592195511,25.74593,175.5826,18.93529,0.820991,0.047854,0.5044674,-37.19803,-28.41759,-18.54972
63.602191448,15.34681,165.8488,18.38655,0.7747142,0.04689145,0.4992839,-37.19803,-28.41759,-18.54972
63.612187862,3.532432,156.0557,18.44753,0.739614,0.04684965,0.4644091,-37.19803,-28.41759,-18.54972
63.6221838,-7.23588399999998,146.678,19.48403,0.69767,0.04822696,0.4400745,-33.82217,-27.66807,-22.85027
63.632180691,-18.7426,136.8255,20.45956,0.6375999,0.02886732,0.4191269,-33.82217,-27.66807,-22.85027
63.642176628,-27.78798,126.973,21.31315,0.5690228,0.02154077,0.4039339,-33.82217,-27.66807,-22.85027
63.652173042,-34.24897,117.8921,21.25218,0.518141,0.00567214,0.3729193,-33.82217,-27.66807,-22.85027
63.66216898,-38.80243,108.5738,20.52053,0.4806405,-0.02204118,0.3461915,-33.82217,-27.66807,-22.85027
63.672165871,-40.89456,98.7806399999999,19.545,0.4312169,-0.03721084,0.3352743,-30.87853,-26.99231,-27.99224
63.682162285,-39.91003,88.3346300000001,17.89879,0.4028912,-0.0603124,0.3147509,-30.87853,-26.99231,-27.99224
63.692158222,-36.46417,78.0073199999998,16.19161,0.3666174,-0.07528805,0.2966321,-30.87853,-26.99231,-27.99224
63.702155113,-31.84918,67.5019500000002,13.63084,0.3293355,-0.08825651,0.2876074,-30.87853,-26.99231,-27.99224
63.712151051,-26.74192,56.40305,10.88715,0.2957342,-0.08940631,0.2876663,-30.87853,-26.99231,-27.99224
63.722147942,-20.89626,45.0074,8.57026399999998,0.2662989,-0.1051924,0.2724073,-27.89991,-25.47181,-30.75162
63.732143879,-14.06607,34.14592,6.43628699999998,0.2509624,-0.09283024,0.2757809,-27.89991,-25.47181,-30.75162
63.742140293,-8.22041599999999,23.22508,4.180369,0.2351238,-0.08017188,0.2595336,-27.89991,-25.47181,-30.75162
63.75213623,-4.405355,11.29526,1.985421,0.2173691,-0.06885567,0.2600402,-27.89991,-25.47181,-30.75162
63.762133121,-1.944026,-1.821617,-0.02661362,0.2118468,-0.06021344,0.2605262,-27.89991,-25.47181,-30.75162
63.772129059,0.640369699999998,-14.16691,-1.977678,0.2193449,-0.07027446,0.2600372,-26.44473,-23.18496,-31.52666
63.782125473,3.163232,-26.09674,-4.355537,0.2199588,-0.07709622,0.2566878,-26.44473,-23.18496,-31.52666
63.79212141,5.501495,-38.20462,-7.09922200000001,0.2365312,-0.07720211,0.2624018,-26.44473,-23.18496,-31.52666
63.802118301,8.14742399999997,-50.01574,-9.53805300000002,0.2528132,-0.08813165,0.2542405,-26.44473,-23.18496,-31.52666
63.812114239,10.85489,-61.2333399999997,-11.55009,0.2766007,-0.08324872,0.258505,-26.44473,-23.18496,-31.52666
63.822110653,12.51628,-71.6793599999999,-13.13533,0.2944509,-0.07364562,0.2603857,-26.07169,-23.17888,-31.13688
63.832107067,12.88548,-81.6505599999999,-14.2328,0.3186113,-0.06229772,0.2799622,-26.07169,-23.17888,-31.13688
63.842103481,11.77788,-91.9778700000002,-15.39124,0.3445959,-0.07041725,0.292362,-26.07169,-23.17888,-31.13688
63.852099419,9.99342099999999,-102.2458,-16.12289,0.3802845,-0.07645392,0.2990014,-26.07169,-23.17888,-31.13688
63.86209631,8.516623,-113.048,-16.97649,0.4228219,-0.08375169,0.3123293,-26.07169,-23.17888,-31.13688
63.872092247,7.90129099999998,-124.503,-18.25687,0.4789225,-0.08698171,0.3160609,-27.95414,-23.17606,-29.15127
63.882088661,6.54756,-135.8986,-19.59823,0.5445114,-0.07636963,0.3250368,-27.95414,-23.17606,-29.15127
63.892084599,2.486367,-148.5407,-20.87861,0.5992541,-0.05923007,0.3273298,-27.95414,-23.17606,-29.15127
63.90208149,-3.974623,-161.7762,-22.21997,0.656934,-0.06876805,0.3286675,-27.95414,-23.17606,-29.15127
63.912077427,-7.17435100000002,-174.4776,-23.50036,0.7158064,-0.08996698,0.3276131,-27.95414,-23.17606,-29.15127
63.922073841,-8.28194900000001,-186.5262,-25.0856,0.7771331,-0.1120718,0.3284691,-30.55354,-25.06756,-25.61308
63.932070732,-7.297417,-198.2186,-27.89025,0.848535,-0.1256858,0.3326553,-30.55354,-25.06756,-25.61308
63.942066669,-4.343822,-208.0711,-30.26811,0.9073201,-0.1162546,0.3335075,-30.55354,-25.06756,-25.61308
63.952063084,-3.605423,-216.0243,-33.43859,0.9703292,-0.09786578,0.3482288,-30.55354,-25.06756,-25.61308
63.962059498,-5.94368600000002,-222.6124,-36.85295,1.041817,-0.09007913,0.3543237,-30.55354,-25.06756,-25.61308
63.972055912,-1.513294,-225.4613,-37.95043,1.105821,-0.09897112,0.3594787,-34.2389,-26.18997,-20.15181
63.982051849,1.871034,-227.598,-36.67004,1.130178,-0.04794856,0.3067798,-34.2389,-26.18997,-20.15181
63.99204874,-0.03649592,-230.3876,-36.79198,1.163497,-0.03326032,0.2468959,-34.2389,-26.18997,-20.15181
64.002044678,-3.482357,-233.652,-36.67004,1.20371,-0.0215041,0.2233725,-34.2389,-26.18997,-20.15181
64.012041092,-8.22041599999999,-238.3408,-37.58461,1.258198,-0.04356949,0.1902615,-34.2389,-26.18997,-20.15181
64.022037029,-11.11248,-244.098,-38.98693,1.31661,-0.0662529,0.187294,-37.61417,-27.61012,-12.68703
64.03203392,-9.51261299999998,-247.6591,-40.38926,1.375394,-0.08251522,0.1948529,-37.61417,-27.61012,-12.68703
64.042029858,-5.389887,-249.7958,-41.9745,1.409061,-0.05907662,0.1876096,-37.61417,-27.61012,-12.68703
64.052026272,-3.790023,-252.0512,-44.16945,1.419625,0.0007625482,0.1722613,-37.61417,-27.61012,-12.68703
64.062022209,-5.020688,-254.8408,-45.20595,1.459015,0.03053059,0.1539991,-37.61417,-27.61012,-12.68703
64.0720191,-8.95881500000001,-255.9684,-46.54731,1.475907,0.06472233,0.1367321,-39.86757,-29.07813,-4.375061
64.082015038,-12.34314,-257.5116,-47.64478,1.512556,0.05827476,0.0964695,-39.86757,-29.07813,-4.375061
64.092011929,-13.45074,-257.8084,-48.0106,1.539964,0.05132098,0.07393043,-39.86757,-29.07813,-4.375061
64.102007866,-12.95848,-257.2149,-48.62031,1.573327,0.03865795,0.05186103,-39.86757,-29.07813,-4.375061
64.11200428,-11.29708,-255.4343,-49.35196,1.582855,0.04988687,0.03700567,-39.86757,-29.07813,-4.375061
64.122001171,-8.83574899999997,-253.1789,-49.83973,1.595178,0.04233333,0.03459326,-39.84695,-31.67416,3.508173
64.131997108,-6.00521899999998,-249.7958,-49.83973,1.598161,0.03887224,0.02166739,-39.84695,-31.67416,3.508173
64.141993523,-2.743958,-245.7005,-49.4739,1.5871,0.03078215,0.01116009,-39.84695,-31.67416,3.508173
64.15198946,0.2711702,-240.4775,-48.92517,1.565673,0.02975444,-0.001723849,-39.84695,-31.67416,3.508173
64.161986351,2.609433,-234.4829,-47.94963,1.537273,0.03692015,-0.006940522,-38.69227,-34.64591,10.95027
64.171982288,4.393897,-228.0135,-46.18148,1.515757,0.04083784,-0.01025406,-38.69227,-34.64591,10.95027
64.181978703,5.686095,-220.6538,-44.35236,1.469986,0.03891339,-0.0154381,-38.69227,-34.64591,10.95027
64.19197464,6.30142700000002,-212.2851,-42.70615,1.442399,0.05492546,-0.01156553,-38.69227,-34.64591,10.95027
64.201971531,5.87069500000003,-203.2042,-40.20635,1.4238,0.05949198,-0.003398488,-38.69227,-34.64591,10.95027
64.211967468,4.393897,-193.0549,-37.95043,1.388726,0.05874201,-0.00955864,-35.66994,-37.16585,17.69441
64.221964359,2.1787,-182.6683,-35.20675,1.346381,0.05661863,0.009180192,-35.66994,-37.16585,17.69441
64.231960297,-0.03649592,-171.6287,-32.76791,1.312319,0.05397998,0.00684737,-35.66994,-37.16585,17.69441
64.241956711,-2.497825,-160.055,-29.96326,1.271146,0.04111887,0.01792971,-35.66994,-37.16585,17.69441
64.251952648,-5.45142,-147.6504,-27.76831,1.235412,0.0239391,0.02326076,-35.66994,-37.16585,17.69441
64.261949539,-7.85121599999999,-134.8303,-24.71977,1.20066,0.006253324,0.02428305,-34.17136,-38.24936,23.19414
64.271945477,-10.49715,-121.5353,-22.28094,1.166693,-0.001124437,0.03487284,-34.17136,-38.24936,23.19414
64.281941891,-14.00454,-106.8753,-20.32988,1.138452,-0.002106933,0.04162239,-34.17136,-38.24936,23.19414
64.291937828,-16.77353,-91.7998100000002,-18.37881,1.104581,-0.04061377,0.04886999,-34.17136,-38.24936,23.19414
64.301934719,-17.20427,-76.3088500000003,-15.81804,1.074717,-0.05921433,0.04557681,-34.17136,-38.24936,23.19414
64.311930657,-16.28127,-60.6398200000001,-13.56212,1.054588,-0.07707961,0.04848795,-32.72089,-39.72622,27.21193
64.321927071,-14.55834,-45.14885,-10.94038,1.028938,-0.08624998,0.05762797,-32.72089,-39.72622,27.21193
64.331923485,-12.46621,-28.82695,-8.440578,1.02021,-0.08824774,0.07056526,-32.72089,-39.72622,27.21193
64.341919899,-11.91241,-12.86116,-5.513982,0.9953752,-0.0892726,0.06534448,-32.72089,-39.72622,27.21193
64.35191679,-12.58928,2.689163,-2.587386,0.9789139,-0.09494318,0.06537464,-32.72089,-39.72622,27.21193
64.361912727,-11.72781,18.35819,0.8879478,0.9778073,-0.1139518,0.06155285,-30.80339,-41.98775,28.01201
64.371909142,-9.20494699999997,34.02721,4.546194,0.9823201,-0.1206308,0.06537531,-30.80339,-41.98775,28.01201
64.381905079,-6.25135200000003,49.75559,7.83861499999998,0.9881639,-0.1205592,0.06057935,-30.80339,-41.98775,28.01201
64.39190197,-3.974623,64.83109,11.13104,0.9874932,-0.1108931,0.05627085,-30.80339,-41.98775,28.01201
64.401897907,-1.882493,79.6691800000002,14.60637,0.9980333,-0.1015397,0.04667854,-30.80339,-41.98775,28.01201
64.411894322,-0.6518282,94.1511599999997,18.32558,1.020412,-0.09966604,0.04376759,-30.41739,-42.37184,27.24281
64.421890259,0.5788364,108.0396,22.34966,1.042002,-0.08179384,0.03846101,-30.41739,-42.37184,27.24281
64.43188715,0.886502600000001,121.6907,25.94693,1.067147,-0.07165719,0.0298002,-30.41739,-42.37184,27.24281
64.441883087,0.824969399999999,134.6295,29.84906,1.101722,-0.07048813,0.02973962,-30.41739,-42.37184,27.24281
64.451879501,1.317235,147.5683,33.5073,1.140229,-0.07123781,0.02392977,-30.41739,-42.37184,27.24281
64.461875916,2.055634,160.0917,36.73875,1.181533,-0.06506764,0.02481333,-31.91041,-42.02943,24.06915
64.47187233,3.040166,171.6654,40.03117,1.220247,-0.05069641,0.02474215,-31.91041,-42.02943,24.06915
64.481868267,3.778564,182.4675,42.77486,1.260419,-0.03637094,0.01653263,-31.91041,-42.02943,24.06915
64.491865158,4.147764,192.8542,45.3966,1.304076,-0.02578518,0.01693238,-31.91041,-42.02943,24.06915
64.501861096,4.209297,202.4692,47.34766,1.346669,-0.01033473,0.02020418,-31.91041,-42.02943,24.06915
64.51185751,4.147764,211.8469,48.9329,1.391971,-0.009408987,0.023475,-34.11681,-40.18056,19.72127
64.521854401,4.209297,219.6814,50.3962,1.435313,-0.008093042,0.02052765,-34.11681,-40.18056,19.72127
64.531850338,4.64003,226.6257,51.67659,1.465942,-0.003954735,0.03483047,-34.11681,-40.18056,19.72127
64.541846752,5.070763,233.0357,52.71309,1.504506,-0.007539972,0.03763562,-34.11681,-40.18056,19.72127
64.55184269,5.378428,238.6742,53.13989,1.517875,0.007420841,0.05053002,-34.11681,-40.18056,19.72127
64.561839581,5.439962,242.5321,54.05445,1.549396,0.01597219,0.06722303,-36.3831,-37.97195,12.98438
64.571835518,4.086231,246.2119,53.20086,1.561618,0.01374009,0.06241654,-36.3831,-37.97195,12.98438
64.581831932,2.978632,248.6454,52.46921,1.547884,0.01899395,0.08206075,-36.3831,-37.97195,12.98438
64.591828346,1.624901,250.3073,51.8595,1.538563,-0.003517213,0.08495425,-36.3831,-37.97195,12.98438
64.60182476,1.378768,251.1382,50.51814,1.527583,-0.01525638,0.1002908,-36.3831,-37.97195,12.98438
64.611820698,1.747968,251.3162,49.72552,1.52115,-0.009275828,0.1304508,-37.90675,-35.44023,6.315869
64.621817589,1.624901,251.1975,48.99387,1.506207,-0.01776189,0.1381363,-37.90675,-35.44023,6.315869
64.631813526,1.071102,249.9511,48.20126,1.484926,-0.02577756,0.1577971,-37.90675,-35.44023,6.315869
64.64180994,1.809501,248.5267,46.12825,1.462045,-0.0522292,0.1841654,-37.90675,-35.44023,6.315869
64.651805878,6.11682699999999,247.1022,45.15272,1.411253,-0.07144406,0.2120163,-37.90675,-35.44023,6.315869
64.661802769,12.70088,245.6778,43.07971,1.380133,-0.1006154,0.2245211,-39.42605,-32.856,-1.642987
64.671798706,22.177,244.6094,41.73835,1.340708,-0.1027425,0.2365548,-39.42605,-32.856,-1.642987
64.68179512,31.22239,242.5321,40.03117,1.302313,-0.08211966,0.2366164,-39.42605,-32.856,-1.642987
64.691792011,37.56031,240.7515,37.71428,1.263854,-0.0572947,0.2711345,-39.42605,-32.856,-1.642987
64.701787949,42.05223,239.5051,34.48283,1.265767,-0.08093207,0.2859731,-39.42605,-32.856,-1.642987
64.711784363,47.77483,237.7839,32.16595,1.232821,-0.08990006,0.3329333,-39.81971,-30.26605,-9.916002
64.721780777,55.15881,236.4188,29.48323,1.207084,-0.09487414,0.3229293,-39.81971,-30.26605,-9.916002
64.731777191,61.31213,231.73,26.61761,1.161121,-0.06015934,0.3392721,-39.81971,-30.26605,-9.916002
64.741773128,65.0041299999999,227.3379,23.0813,1.117873,-0.03984198,0.3694926,-39.81971,-30.26605,-9.916002
64.751770019,68.1423300000001,221.5807,19.9718,1.070537,-0.01011024,0.3753103,-39.81971,-30.26605,-9.916002
64.761765957,62.2351300000001,213.6275,16.43549,1.026588,0.02128661,0.3964362,-37.95428,-28.41014,-17.00727
64.771762371,58.3585399999999,205.3182,14.5454,0.9454616,0.06088888,0.4386821,-37.95428,-28.41014,-17.00727
64.781758308,53.80508,195.7031,13.63084,0.8974049,0.07692545,0.4363689,-37.95428,-28.41014,-17.00727
64.791755199,39.83704,186.0286,12.53336,0.8445929,0.1385159,0.4307022,-37.95428,-28.41014,-17.00727
64.801751137,23.53073,176.7103,12.10657,0.8047125,0.1350535,0.4570943,-34.55932,-28.42787,-22.07777
64.811747551,8.516623,169.1132,13.5089,0.7505746,0.1372276,0.4399594,-34.55932,-28.42787,-22.07777
64.821743488,-8.651149,161.2193,14.36249,0.6781811,0.125404,0.4195099,-34.55932,-28.42787,-22.07777
64.831740379,-23.84986,153.4442,14.97219,0.6053552,0.1106561,0.3990619,-34.55932,-28.42787,-22.07777
64.841736793,-37.0795,144.8974,15.39899,0.5436626,0.04804191,0.3809997,-34.55932,-28.42787,-22.07777
64.851733208,-45.94029,135.1043,16.19161,0.4924471,-0.001792202,0.3562158,-30.85347,-28.44053,-26.82345
64.861729622,-49.44768,124.3615,15.52093,0.4418599,-0.05876704,0.3462686,-30.85347,-28.44053,-26.82345
64.871725559,-46.61715,113.3813,14.66734,0.4047681,-0.10763,0.3439529,-30.85347,-28.44053,-26.82345
64.88172245,-40.7715,101.867,13.56987,0.3506956,-0.1080369,0.3631903,-30.85347,-28.44053,-26.82345
64.894217491,-32.52604,88.7500899999998,12.41142,0.3058389,-0.08076049,0.3608686,-30.85347,-28.44053,-26.82345
64.901714802,-29.57245,80.85622,11.31395,0.277047,-0.05270265,0.3561258,-26.7521,-26.60444,-30.73719
64.914210319,-28.34178,66.3149000000001,9.36288400000001,0.2192229,-0.03533543,0.3610079,-26.7521,-26.60444,-30.73719
64.924206257,-26.74192,53.7322,8.02152600000002,0.1941989,-0.05249659,0.3452629,-26.7521,-26.60444,-30.73719
64.934202671,-22.00386,41.68367,6.49725800000001,0.174375,-0.08703137,0.3314277,-26.7521,-26.60444,-30.73719
64.944198608,-15.29674,29.33838,3.570661,0.1522024,-0.1001917,0.3218982,-26.7521,-26.60444,-30.73719
64.951695919,-10.00488,19.24847,1.07086,0.1386406,-0.1049866,0.305173,-24.21604,-25.07687,-32.27431
64.964191914,-1.574827,1.264706,-3.258064,0.1324406,-0.1125386,0.2898712,-24.21604,-25.07687,-32.27431
64.971688747,3.532432,-9.65613,-5.513982,0.1330414,-0.1189975,0.2731217,-24.21604,-25.07687,-32.27431
64.984184742,10.54722,-27.52119,-9.23319799999998,0.1457083,-0.1186814,0.2802782,-24.21604,-25.07687,-32.27431
64.994180679,16.20828,-40.28195,-11.18426,0.1674184,-0.1070714,0.2807159,-24.21604,-25.07687,-32.27431
65.00417757,20.26947,-51.4402,-12.52562,0.1837046,-0.09222845,0.2744622,-23.49264,-23.56018,-33.50237
65.014173508,22.5462,-62.2423299999999,-13.1963,0.2010975,-0.05837239,0.2725089,-23.49264,-23.56018,-33.50237
65.024169922,21.50014,-72.45094,-13.44018,0.2232034,-0.04189958,0.2724661,-23.49264,-23.56018,-33.50237
65.034165859,17.43894,-82.6002,-13.74503,0.2498099,-0.05735734,0.2781666,-23.49264,-23.56018,-33.50237
65.04416275,13.93155,-93.5210299999999,-13.74503,0.2790873,-0.08545823,0.2771657,-23.49264,-23.56018,-33.50237
65.054158688,12.39322,-105.1541,-13.74503,0.3134961,-0.1012697,0.2804598,-23.85871,-24.31008,-31.88858
65.064155102,11.65482,-118.271,-14.35474,0.3578817,-0.1031812,0.2942616,-23.85871,-24.31008,-31.88858
65.074151039,10.48569,-131.8033,-15.08639,0.4159294,-0.1056412,0.3247899,-23.85871,-24.31008,-31.88858
65.08414793,9.87035399999998,-144.6234,-15.33027,0.4745443,-0.08688836,0.3356901,-23.85871,-24.31008,-31.88858
65.094143868,8.27049000000001,-156.2565,-15.45222,0.5296536,-0.06348573,0.3312809,-23.85871,-24.31008,-31.88858
65.104140759,3.901631,-167.7115,-15.6961,0.5933037,-0.0277395,0.329725,-26.40969,-25.44367,-28.74098
65.114137173,-2.928558,-177.9201,-16.06192,0.6653792,0.0003586495,0.3238491,-26.40969,-25.44367,-28.74098
65.12413311,-11.60474,-188.2474,-16.12289,0.7149472,0.006932399,0.297918,-26.40969,-25.44367,-28.74098
65.134130001,-21.38853,-198.8121,-16.06192,0.7726849,-0.006194638,0.2786777,-26.40969,-25.44367,-28.74098
65.144125938,-30.55698,-209.8517,-17.1594,0.8262309,-0.02958732,0.2618402,-26.40969,-25.44367,-28.74098
65.154122353,-40.7715,-222.1969,-18.80561,0.8906189,-0.08450898,0.2808851,-29.77938,-26.57028,-24.0514
65.16411829,-38.5563,-230.2095,-20.57376,0.9562485,-0.1277654,0.297532,-29.77938,-26.57028,-24.0514
65.174115181,-36.1565,-237.866,-23.92715,1.026094,-0.1366604,0.2897553,-29.77938,-26.57028,-24.0514
65.184111118,-30.92618,-243.267,-28.49996,1.115382,-0.1162376,0.3106517,-29.77938,-26.57028,-24.0514
65.194107533,-25.63432,-246.116,-32.585,1.170664,-0.0756657,0.3234665,-29.77938,-26.57028,-24.0514
65.20410347,-21.20393,-249.5584,-36.06034,1.225672,-0.04694164,0.3166631,-34.21619,-27.69451,-18.14419
65.214100361,-19.23487,-252.7041,-39.90149,1.287302,-0.03373339,0.2993236,-34.21619,-27.69451,-18.14419
65.224096298,-17.69653,-254.6033,-43.25489,1.335211,-0.01715431,0.2552068,-34.21619,-27.69451,-18.14419
65.234093189,-15.4198,-257.8084,-46.85216,1.401849,-0.03677271,0.2507885,-34.21619,-27.69451,-18.14419
65.244089127,-10.62021,-261.2508,-50.51041,1.470524,-0.06129802,0.2367964,-34.21619,-27.69451,-18.14419
65.254085541,-3.297757,-263.5062,-52.94924,1.523223,-0.03947541,0.2242559,-38.36453,-27.97921,-10.69105
65.264082432,2.486367,-264.9307,-55.75389,1.554161,-0.0005624997,0.2146204,-38.36453,-27.97921,-10.69105
65.274078369,5.93222799999999,-266.0584,-57.88787,1.553224,0.0488008,0.1945091,-38.36453,-27.97921,-10.69105
65.284074783,6.239894,-267.6015,-58.1927199999997,1.551414,0.09279711,0.1739222,-38.36453,-27.97921,-10.69105
65.294070721,3.840098,-268.2544,-59.1682499999997,1.55427,0.1217995,0.1509381,-39.84627,-30.57994,-2.044937
65.304067612,1.378768,-267.8983,-58.4975799999997,1.566555,0.1417859,0.1312899,-39.84627,-30.57994,-2.044937
65.314063549,-1.390227,-266.7112,-57.4001000000002,1.573429,0.138257,0.1025643,-39.84627,-30.57994,-2.044937
65.324059963,-3.051624,-264.812,-55.69292,1.569726,0.1272606,0.07720903,-39.84627,-30.57994,-2.044937
65.334055901,-4.220756,-261.963,-53.80283,1.570932,0.1144745,0.05806718,-39.84627,-30.57994,-2.044937
65.344052792,-4.159222,-258.0458,-51.66885,1.572761,0.09438968,0.03653324,-38.69724,-33.5408,6.68717
65.354048729,-2.682425,-253.6537,-49.29099,1.575633,0.07031507,0.001598376,-38.69724,-33.5408,6.68717
65.36404562,-0.6518282,-248.4307,-47.15701,1.567965,0.06329898,-0.005086515,-38.69724,-33.5408,6.68717
65.374041557,2.1787,-242.1393,-44.96207,1.558023,0.04740329,-0.02133668,-38.69724,-33.5408,6.68717
65.384037972,6.48602699999999,-235.3732,-41.79159,1.536077,0.02205509,-0.03564917,-38.69724,-33.5408,6.68717
65.394034863,10.60875,-227.6574,-39.90149,1.507518,0.01170623,-0.04277536,-36.42619,-36.12376,14.13559
65.4040308,14.97761,-218.8732,-37.27975,1.485579,0.01220517,-0.04704443,-36.42619,-36.12376,14.13559
65.414027214,18.05427,-209.733,-34.23121,1.454863,0.01302543,-0.05034113,-36.42619,-36.12376,14.13559
65.424023151,19.10034,-199.8211,-31.42656,1.406256,0.03247026,-0.05073997,-36.42619,-36.12376,14.13559
65.434020043,18.11581,-189.2564,-28.86578,1.366232,0.03609247,-0.04636395,-36.42619,-36.12376,14.13559
65.44401598,15.22375,-178.1575,-26.24404,1.322607,0.04984829,-0.04198426,-34.52808,-38.65214,20.87138
65.454012394,10.36262,-166.1683,-24.04909,1.282263,0.04478739,-0.02994822,-34.52808,-38.65214,20.87138
65.464008331,4.701563,-153.8824,-22.03706,1.235144,0.03715418,-0.01885687,-34.52808,-38.65214,20.87138
65.474005222,-0.959494400000001,-140.5281,-20.51279,1.208925,0.0323592,-0.008281254,-34.52808,-38.65214,20.87138
65.48400116,-7.05128400000001,-126.699,-19.47629,1.184737,0.02320453,-0.0005795116,-34.52808,-38.65214,20.87138
65.493998051,-13.45074,-111.9796,-18.13493,1.137334,0.004949559,0.01865087,-32.71553,-39.73657,25.98643
65.503993988,-18.0042,-97.1415300000002,-16.7326,1.099448,-0.02731059,0.02686101,-32.71553,-39.73657,25.98643
65.513990402,-21.45006,-81.70991,-15.20833,1.073301,-0.03602677,0.0336089,-32.71553,-39.73657,25.98643
65.523987293,-23.48066,-66.0408900000001,-13.68406,1.041079,-0.05840793,0.04707097,-32.71553,-39.73657,25.98643
65.533983231,-22.98839,-50.01574,-11.12329,1.014647,-0.07779853,0.05621499,-32.71553,-39.73657,25.98643
65.543979645,-21.88079,-33.8719,-8.440578,0.9893268,-0.07877596,0.05721653,-30.45731,-40.83407,29.16971
65.553975582,-20.09633,-17.13453,-5.513982,0.9811636,-0.08528518,0.0538824,-30.45731,-40.83407,29.16971
65.563972473,-17.4504,-0.04104623,-2.343503,0.9874362,-0.08163246,0.06774923,-30.45731,-40.83407,29.16971
65.573968411,-14.25067,16.2215,1.07086,0.9820203,-0.07891592,0.05770788,-30.45731,-40.83407,29.16971
65.583964825,-11.23554,32.18729,4.851048,0.9842912,-0.07013727,0.05626593,-30.45731,-40.83407,29.16971
65.593960762,-9.69721300000001,48.44984,8.69220500000002,0.9956415,-0.05201652,0.04714853,-30.80847,-41.97795,29.17301
65.603957653,-9.63567999999999,64.0001599999998,12.47239,0.9978616,-0.04020479,0.05862745,-30.80847,-41.97795,29.17301
65.61395359,-10.06641,79.25372,16.37452,1.003652,-0.03718352,0.05765942,-30.80847,-41.97795,29.17301
65.623950004,-11.11248,94.2105099999998,19.91082,1.019588,-0.02962779,0.05236536,-30.80847,-41.97795,29.17301
65.633946419,-11.78934,108.277,23.0813,1.028417,-0.03292951,0.04421502,-30.80847,-41.97795,29.17301
65.643942833,-12.46621,121.9281,26.06887,1.049224,-0.0252951,0.03699814,-30.79383,-42.37138,27.62703
65.653939724,-13.69687,135.4011,29.11741,1.068671,-0.02301099,0.0321779,-30.79383,-42.37138,27.62703
65.663935661,-14.74294,148.2212,31.61721,1.087582,-0.01838671,0.01874361,-30.79383,-42.37138,27.62703
65.673932075,-15.2352,160.2104,34.42186,1.118749,-0.01724553,0.02299617,-30.79383,-42.37138,27.62703
65.683928013,-15.11214,171.7247,36.73875,1.145572,-0.01878216,0.009549671,-30.79383,-42.37138,27.62703
65.693924904,-13.51227,182.5862,39.23855,1.186554,-0.02135214,0.01187177,-31.90702,-42.03596,23.29514
65.703920841,-12.22008,192.9729,41.4335,1.229063,-0.001582503,0.009399695,-31.90702,-42.03596,23.29514
65.713917255,-11.11248,202.2912,43.56748,1.269429,0.002603437,0.007892521,-31.90702,-42.03596,23.29514
65.723913193,-9.51261299999998,210.7786,45.21369,1.310264,0.007783686,0.007820001,-31.90702,-42.03596,23.29514
65.733910084,-7.54354999999999,218.8505,46.8599,1.366429,0.001188471,0.015381,-31.90702,-42.03596,23.29514
65.743906021,-5.63602,226.2102,48.20126,1.420982,0.002169775,0.004756978,-33.78175,-40.95255,18.11513
65.753902435,-3.297757,232.6796,49.23776,1.458403,0.007917651,0.02096185,-33.78175,-40.95255,18.11513
65.763899326,-0.4672285,238.1994,50.45717,1.504808,0.002101483,0.02853967,-33.78175,-40.95255,18.11513
65.773895264,1.994101,243.6004,50.823,1.539711,0.01215554,0.04283351,-33.78175,-40.95255,18.11513
65.783892155,4.209297,247.5177,51.67659,1.571169,0.02413794,0.06287579,-33.78175,-40.95255,18.11513
65.793888092,5.316895,251.0195,50.94494,1.596201,0.01514176,0.08772042,-35.59959,-39.12756,10.60952
65.803884506,6.97829199999999,253.5716,49.90844,1.579647,0.01504279,0.1126353,-35.59959,-39.12756,10.60952
65.813880444,9.25502200000002,255.4709,49.23776,1.564694,0.007042499,0.1203206,-35.59959,-39.12756,10.60952
65.823877335,11.65482,256.5986,48.07932,1.550828,-0.006723789,0.1327913,-35.59959,-39.12756,10.60952
65.833873272,14.73148,256.836,46.8599,1.512955,-0.01369278,0.1433878,-35.59959,-39.12756,10.60952
65.843869686,17.43894,256.2425,46.55505,1.481029,-0.0002136967,0.1453543,-37.88058,-36.2211,3.933414
65.853865623,18.48501,255.4709,45.70145,1.457461,0.009678973,0.162143,-37.88058,-36.2211,3.933414
65.863862514,18.11581,254.1058,44.90884,1.420173,0.02370475,0.1823046,-37.88058,-36.2211,3.933414
65.873858452,18.17734,251.7317,44.29913,1.385895,0.006395843,0.1704044,-37.88058,-36.2211,3.933414
65.883854866,17.43894,247.8738,43.38457,1.35642,-0.006763941,0.1766806,-39.3923,-34.01668,-3.958915
65.893851757,16.76208,243.3037,41.92127,1.344211,-0.03132417,0.1743154,-39.3923,-34.01668,-3.958915
65.903847694,18.23887,238.2587,40.15311,1.318684,-0.07231423,0.2107422,-39.3923,-34.01668,-3.958915
65.913844585,24.08453,233.6886,38.08011,1.28977,-0.1157536,0.199318,-39.3923,-34.01668,-3.958915
65.923840523,32.14539,228.0501,37.04361,1.245423,-0.114957,0.2228453,-39.3923,-34.01668,-3.958915
65.933836937,39.89857,221.9962,35.15351,1.189327,-0.1115822,0.2349066,-38.30244,-30.65532,-12.28937
65.943832874,45.92883,214.5178,34.23895,1.131351,-0.08584291,0.2522298,-38.30244,-30.65532,-12.28937
65.953829765,48.02096,207.2174,33.81216,1.078594,-0.05204564,0.2891634,-38.30244,-30.65532,-12.28937
65.963825703,48.02096,200.9854,32.95856,1.016978,-0.01278415,0.3581757,-38.30244,-30.65532,-12.28937
65.973822117,40.63697,193.6851,31.25139,0.9771298,0.008108282,0.3907829,-38.30244,-30.65532,-12.28937
65.983818054,35.83738,189.0556,30.58071,0.9610313,0.009357708,0.4027751,-36.4362,-29.16614,-17.7661
65.993814945,31.89925,184.8416,29.17838,0.9252524,0.02027833,0.399006,-36.4362,-29.16614,-17.7661
66.003811359,26.36126,178.7283,26.61761,0.9100524,0.05099056,0.3894531,-36.4362,-29.16614,-17.7661
66.013807297,18.66961,171.7841,22.89839,0.8557436,0.08888502,0.3995881,-36.4362,-29.16614,-17.7661
66.023804188,8.332024,163.2967,20.15471,0.8027778,0.05542962,0.4159606,-36.4362,-29.16614,-17.7661
66.033800125,0.763436100000001,155.2248,18.63044,0.7250727,0.01546115,0.4113206,-33.11127,-28.80453,-22.90359
66.043797016,-5.328353,146.0845,17.47199,0.6383675,0.01374373,0.4109937,-33.11127,-28.80453,-22.90359
66.053792954,-12.03548,134.7482,16.55743,0.5685161,0.02246317,0.3996274,-33.11127,-28.80453,-22.90359
66.063789368,-21.01933,122.6403,15.52093,0.5066017,0.04989293,0.3978139,-33.11127,-28.80453,-22.90359
66.073785305,-31.23384,110.5918,16.31355,0.4511361,0.04542182,0.4007832,-33.11127,-28.80453,-22.90359
66.083782196,-40.0331,98.9586999999998,17.16714,0.4105739,0.02563801,0.397509,-30.11354,-28.05128,-26.43292
66.093778133,-44.70962,87.9191600000001,16.92326,0.3764598,-0.0004233771,0.3846536,-30.11354,-28.05128,-26.43292
66.103774548,-45.44802,75.9893299999999,15.94773,0.3486476,-0.02500332,0.3607796,-30.11354,-28.05128,-26.43292
66.113771439,-42.67902,63.9408,14.5454,0.3217913,-0.04859689,0.3364251,-30.11354,-28.05128,-26.43292
66.123767376,-37.01797,52.66386,12.28948,0.2930326,-0.07464019,0.3139889,-30.11354,-28.05128,-26.43292
66.13376379,-29.26478,41.38691,9.66773800000003,0.2634383,-0.1079365,0.2972989,-27.88757,-26.22598,-29.97355
66.143759728,-19.54253,30.28801,6.61919899999999,0.238366,-0.1227522,0.2724605,-27.88757,-26.22598,-29.97355
66.153756619,-9.63567999999999,18.89236,3.753573,0.2316166,-0.1268652,0.2624232,-27.88757,-26.22598,-29.97355
66.163752556,0.02503732,7.43735199999998,1.131831,0.2226006,-0.1139756,0.2566927,-27.88757,-26.22598,-29.97355
66.173749447,7.71669100000001,-4.017655,-1.185058,0.2137058,-0.08167658,0.2476069,-27.88757,-26.22598,-29.97355
66.183745384,12.51628,-14.87914,-3.258064,0.2098507,-0.05788897,0.2533505,-25.65763,-25.07785,-31.12396
66.193741798,14.36228,-26.21544,-5.270099,0.2179468,-0.04808037,0.2456766,-25.65763,-25.07785,-31.12396
66.203737736,15.34681,-37.31433,-6.85533900000003,0.2260668,-0.03906772,0.257146,-25.65763,-25.07785,-31.12396
66.213734627,15.65448,-48.29452,-8.68446200000001,0.2399404,-0.02509514,0.2671683,-25.65763,-25.07785,-31.12396
66.223730564,13.80848,-59.5121200000001,-10.2697,0.2564202,-0.0203873,0.2680955,-25.65763,-25.07785,-31.12396
66.233726978,11.28562,-70.8484300000002,-11.61106,0.2807315,-0.01742902,0.2733167,-25.3003,-24.31105,-30.73823
66.243723869,7.655158,-83.0750099999998,-12.58659,0.3110344,-0.02211866,0.2794865,-25.3003,-24.31105,-30.73823
66.253719807,3.532432,-95.3609500000002,-13.62309,0.3527632,-0.0381355,0.2976038,-25.3003,-24.31105,-30.73823
66.263716221,1.009569,-107.825,-14.84251,0.4065601,-0.04808699,0.3152199,-25.3003,-24.31105,-30.73823
66.273712158,-0.1595624,-119.1613,-16.00095,0.4655837,-0.05125047,0.3199036,-25.3003,-24.31105,-30.73823
66.283709049,-1.944026,-129.904,-17.28134,0.5141023,-0.04010465,0.3179018,-26.77657,-25.82684,-28.74173
66.293704987,-5.82061999999998,-141.7151,-18.37881,0.5518672,-0.02725386,0.3130469,-26.77657,-25.82684,-28.74173
66.303701878,-11.66628,-154.4759,-18.74464,0.607403,-0.02675663,0.300507,-26.77657,-25.82684,-28.74173
66.313697815,-18.12727,-167.7115,-19.2324,0.6645918,-0.03642711,0.2884454,-26.77657,-25.82684,-28.74173
66.323694229,-25.26512,-180.5909,-20.57376,0.7343345,-0.04006215,0.2715746,-26.77657,-25.82684,-28.74173
66.33369112,-33.20291,-193.7078,-22.64677,0.8032221,-0.07489233,0.2992209,-30.5412,-25.82173,-24.83502
66.343687058,-32.40298,-205.0441,-24.53686,0.8648483,-0.1123045,0.3259233,-30.5412,-25.82173,-24.83502
66.353683472,-29.63398,-215.1934,-28.13413,0.9202793,-0.1322452,0.3105174,-30.5412,-25.82173,-24.83502
66.363679409,-24.28059,-222.5531,-32.46306,1.011541,-0.1397101,0.3065316,-30.5412,-25.82173,-24.83502
66.3736763,-17.75807,-227.598,-36.48713,1.067277,-0.1234921,0.3121732,-30.5412,-25.82173,-24.83502
66.383672237,-12.22008,-232.2275,-39.16985,1.104154,-0.0900353,0.2776428,-34.2918,-26.57407,-20.53725
66.393668652,-7.17435100000002,-235.9073,-40.02343,1.137021,-0.07656819,0.2445603,-34.2918,-26.57407,-20.53725
66.403664589,-3.851556,-239.4091,-40.14538,1.169982,-0.04224321,0.2071651,-34.2918,-26.57407,-20.53725
66.41366148,-6.43595199999999,-244.6321,-41.36479,1.223232,-0.05021883,0.1764454,-34.2918,-26.57407,-20.53725
66.423657417,-8.09734899999998,-248.8462,-41.85256,1.285539,-0.07289547,0.165814,-34.2918,-26.57407,-20.53725
66.433654308,-8.83574899999997,-254.1285,-41.85256,1.344027,-0.07371877,0.1618836,-36.86337,-27.66788,-12.68113
66.443650723,-7.974283,-257.6897,-42.34032,1.396541,-0.06790518,0.1526976,-36.86337,-27.66788,-12.68113
66.45364666,-6.43595199999999,-260.2418,-42.64518,1.424659,-0.03432316,0.1507257,-36.86337,-27.66788,-12.68113
66.463643551,-7.85121599999999,-262.972,-43.62071,1.453349,0.02061648,0.1449186,-36.86337,-27.66788,-12.68113
66.473639488,-11.48168,-264.8713,-43.86459,1.49086,0.04634582,0.1142177,-36.86337,-27.66788,-12.68113
66.483635903,-16.28127,-267.1267,-44.4743,1.521192,0.06589682,0.1141598,-39.09618,-30.2103,-3.976414
66.49363184,-19.8502,-268.017,-45.44983,1.567543,0.03580785,0.07149347,-39.09618,-30.2103,-3.976414
66.503628731,-19.54253,-268.6699,-46.05954,1.606574,0.006726009,0.04846127,-39.09618,-30.2103,-3.976414
66.513624668,-14.866,-267.6609,-47.46187,1.63196,-0.02205614,0.03454572,-39.09618,-30.2103,-3.976414
66.523621082,-6.928217,-265.7616,-48.68128,1.653823,-0.04516869,0.01058475,-39.46435,-32.0517,3.512981
66.533617973,2.855566,-262.972,-48.98614,1.656309,-0.04818876,-0.006168966,-39.46435,-32.0517,3.512981
66.543613911,12.14708,-259.0548,-47.94963,1.631218,-0.03562547,-0.01282853,-39.46435,-32.0517,3.512981
66.553610325,19.7772,-253.8318,-47.21799,1.602446,-0.00848209,-0.01134963,-39.46435,-32.0517,3.512981
66.563606739,24.3922,-247.6591,-45.32789,1.583944,0.01628974,-0.02568104,-39.46435,-32.0517,3.512981
66.573603153,25.80746,-241.0117,-41.9745,1.55136,0.03905012,-0.01701573,-39.0687,-34.64545,11.3345
66.583599091,24.45373,-232.821,-38.80402,1.510511,0.0606227,-0.01407861,-39.0687,-34.64545,11.3345
66.593595982,21.0694,-223.7995,-35.26772,1.487397,0.07179354,-0.0178698,-39.0687,-34.64545,11.3345
66.603591919,16.39288,-214.2437,-31.48753,1.442808,0.08507068,-0.01061685,-39.0687,-34.64545,11.3345
66.613588333,10.48569,-204.2725,-28.49996,1.414676,0.07825027,-0.00482314,-39.0687,-34.64545,11.3345
66.62358427,4.147764,-192.9956,-26.30501,1.383043,0.07622012,0.0009754405,-36.06418,-36.46154,18.84892
66.633581161,-1.697893,-181.3032,-24.6588,1.343936,0.05704311,0.007748617,-36.06418,-36.46154,18.84892
66.643577576,-6.55901799999998,-168.4831,-22.70774,1.306293,0.03797836,0.02361216,-36.06418,-36.46154,18.84892
66.653573513,-9.57414700000003,-155.0101,-21.48832,1.266827,0.01201741,0.03325916,-36.06418,-36.46154,18.84892
66.663570404,-11.97394,-141.181,-20.20794,1.233392,0.002202905,0.04193434,-36.06418,-36.46154,18.84892
66.673566341,-14.55834,-126.699,-18.92755,1.205686,-0.00114171,0.05490506,-34.17841,-38.23574,24.80665
66.683562756,-17.2658,-111.5048,-17.76911,1.165406,-0.009598549,0.06742044,-34.17841,-38.23574,24.80665
66.69355917,-19.2964,-95.4796600000001,-16.36678,1.117803,-0.04357869,0.06799074,-34.17841,-38.23574,24.80665
66.703555584,-19.2964,-79.6325800000002,-14.84251,1.075446,-0.0716721,0.06328607,-34.17841,-38.23574,24.80665
66.713551521,-18.06573,-63.1326199999999,-12.95241,1.047827,-0.07998846,0.06381492,-34.17841,-38.23574,24.80665
66.723548412,-15.72747,-46.51395,-10.63553,1.013944,-0.09169856,0.07871287,-32.35571,-39.33978,27.59969
66.73354435,-12.83541,-29.12371,-8.01378300000002,1.000626,-0.1089082,0.08544058,-32.35571,-39.33978,27.59969
66.743540764,-10.49715,-12.32699,-5.148157,0.9756725,-0.103627,0.07926123,-32.35571,-39.33978,27.59969
66.753537655,-8.40501600000002,4.291677,-1.733795,0.9642283,-0.09132386,0.06779218,-32.35571,-39.33978,27.59969
66.763533592,-6.743618,20.25746,1.375714,0.9667414,-0.09579244,0.05199594,-32.35571,-39.33978,27.59969
66.773530006,-5.328353,35.27361,4.790077,0.9629895,-0.1036723,0.04865448,-31.2068,-40.83969,29.16415
66.783525944,-3.605423,50.70523,7.71667299999998,0.9650745,-0.110929,0.04769556,-31.2068,-40.83969,29.16415
66.793522835,-1.944026,66.01814,10.33842,0.9659625,-0.1066652,0.03381421,-31.2068,-40.83969,29.16415
66.803518772,-0.836427900000001,80.2626999999998,13.02113,0.9834241,-0.1024722,0.02947551,-31.2068,-40.83969,29.16415
66.813515186,0.5173032,94.80403,15.64287,1.012404,-0.08877919,0.02942146,-31.2068,-40.83969,29.16415
66.8235116,1.009569,108.7518,18.32558,1.047779,-0.07840971,0.02409279,-31.5686,-41.23267,28.00239
66.833508015,1.071102,122.6997,21.25218,1.086138,-0.07147498,0.008709697,-31.5686,-41.23267,28.00239
66.843504906,-0.03649592,136.4101,24.5446,1.125817,-0.05655926,0.01294387,-31.5686,-41.23267,28.00239
66.853500843,-0.7748947,149.2302,28.01994,1.163477,-0.06415517,0.004265805,-31.5686,-41.23267,28.00239
66.863497257,-0.2210956,161.3974,31.55624,1.204275,-0.05703626,0.003714273,-31.5686,-41.23267,28.00239
66.873493195,0.5173032,173.2679,34.84866,1.258233,-0.05020911,-0.004038764,-32.67731,-41.27107,24.44653
66.883490086,1.132635,184.4855,37.8972,1.292275,-0.04663404,-0.005534758,-32.67731,-41.27107,24.44653
66.893486023,2.301767,194.8721,40.64088,1.323258,-0.0358303,-0.00702728,-32.67731,-41.27107,24.44653
66.903482437,3.286299,204.4279,42.65292,1.365187,-0.03690619,-0.002792911,-32.67731,-41.27107,24.44653
66.913478374,4.270831,213.6275,44.3601,1.388936,-0.0301329,-0.004271785,-32.67731,-41.27107,24.44653
66.923475265,5.193829,221.4026,45.76242,1.417336,-0.03730301,0.0004663134,-34.50362,-39.42974,18.87593
66.93347168,6.91675899999997,228.4062,46.37213,1.43829,-0.03740128,-0.002441646,-34.50362,-39.42974,18.87593
66.943467617,8.57815600000002,234.4008,47.04281,1.455296,-0.03453908,0.008056644,-34.50362,-39.42974,18.87593
66.953464508,9.747288,240.3954,47.04281,1.48159,-0.03354681,0.006574823,-34.50362,-39.42974,18.87593
66.963460445,10.17802,245.4404,46.4331,1.482647,-0.01147871,0.02618892,-34.50362,-39.42974,18.87593
66.973457336,9.80882100000002,248.4673,46.79893,1.488707,0.003258737,0.03048174,-36.77646,-36.90417,12.13735
66.983453274,7.962824,250.7821,45.88437,1.500434,0.001546664,0.03046174,-36.77646,-36.90417,12.13735
66.993449688,5.563028,252.9188,44.60398,1.495092,0.001178889,0.05487853,-36.77646,-36.90417,12.13735
67.003445625,2.7325,253.631,44.66495,1.481421,0.00299292,0.07021632,-36.77646,-36.90417,12.13735
67.013442516,0.2711702,253.631,44.05524,1.479079,-0.00185136,0.07692172,-36.77646,-36.90417,12.13735
67.023438931,-2.190159,252.9781,43.62845,1.469074,-0.01354056,0.09560664,-38.29802,-34.31559,4.694497
67.033434868,-3.174691,251.8504,43.32359,1.462506,-0.02662406,0.1138074,-38.29802,-34.31559,4.694497
67.043431759,-3.974623,249.8324,43.07971,1.454312,-0.03099272,0.1320086,-38.29802,-34.31559,4.694497
67.053427696,-3.974623,247.2209,42.71389,1.423301,-0.03959446,0.1617366,-38.29802,-34.31559,4.694497
67.06342411,-2.067093,243.4224,41.67738,1.415202,-0.07514486,0.1708529,-38.29802,-34.31559,4.694497
67.073420048,0.7019029,238.7929,40.70185,1.372325,-0.1012303,0.1742844,-39.80357,-32.48826,-2.808802
67.083416939,7.470559,233.8073,40.27505,1.344593,-0.1294593,0.1762543,-39.80357,-32.48826,-2.808802
67.093412876,13.25468,228.5843,39.17758,1.285145,-0.1281943,0.2304367,-39.80357,-32.48826,-2.808802
67.103409767,21.31553,223.1239,38.99467,1.252827,-0.1451312,0.2549047,-39.80357,-32.48826,-2.808802
67.113406181,29.74559,219.5034,38.44593,1.195642,-0.1353422,0.2798879,-39.44159,-30.26978,-10.68723
67.123402119,33.49911,214.9332,37.22652,1.145483,-0.1110291,0.2837977,-39.44159,-30.26978,-10.68723
67.13339901,35.40665,211.6689,37.04361,1.09507,-0.07231732,0.3216831,-39.44159,-30.26978,-10.68723
67.143394947,34.66825,207.9297,36.79972,1.042196,-0.05856879,0.345222,-39.44159,-30.26978,-10.68723
67.153391361,32.32998,203.1221,35.94613,1.013859,-0.05407624,0.3663276,-39.44159,-30.26978,-10.68723
67.163387299,27.89959,197.7804,34.78769,0.9771022,-0.01685952,0.3706892,-37.21583,-27.71374,-17.77943
67.17338419,22.7308,193.4477,33.14148,0.9299535,0.003293071,0.391345,-37.21583,-27.71374,-17.77943
67.183380127,17.86967,188.4027,30.76362,0.907093,0.000809924,0.381814,-37.21583,-27.71374,-17.77943
67.193376541,10.97795,181.3992,27.71508,0.8719175,0.006126102,0.4014955,-37.21583,-27.71374,-17.77943
67.203373432,0.2711702,171.2499,25.45916,0.8188197,0.005751602,0.422167,-37.21583,-27.71374,-17.77943
67.21336937,-7.78968299999997,161.16,23.69101,0.759403,-0.02150961,0.4390277,-35.34144,-26.60546,-23.31864
67.223365784,-11.66628,151.8417,23.02033,0.7032877,-0.04361466,0.428124,-35.34144,-26.60546,-23.31864
67.233361721,-16.3428,143.0575,21.98383,0.6439127,-0.02136604,0.4387504,-35.34144,-26.60546,-23.31864
67.243358612,-22.24999,133.4424,21.80092,0.581736,-0.006190884,0.4259334,-35.34144,-26.60546,-23.31864
67.253354549,-29.81858,122.6997,21.73995,0.5124657,-0.002236036,0.4236602,-35.34144,-26.60546,-23.31864
67.26335144,-36.1565,111.8975,21.55704,0.4681321,-0.02896773,0.4127371,-31.65947,-25.47651,-28.00591
67.273347378,-38.49477,101.6296,21.43509,0.4390159,-0.06176426,0.3965248,-31.65947,-25.47651,-28.00591
67.283343792,-37.57177,91.65836,20.33762,0.4014199,-0.08398059,0.3865459,-31.65947,-25.47651,-28.00591
67.293340683,-33.20291,81.27169,18.26461,0.3748544,-0.0967417,0.377024,-31.65947,-25.47651,-28.00591
67.30333662,-27.35725,71.4191999999998,15.64287,0.3432787,-0.1023785,0.3603303,-31.65947,-25.47651,-28.00591
67.313333035,-21.81926,61.3293000000001,12.71628,0.3129761,-0.09768007,0.3551176,-28.29655,-24.33683,-31.14748
67.323328972,-16.09667,51.2394,9.30191299999998,0.2799702,-0.1046845,0.3513483,-28.29655,-24.33683,-31.14748
67.333325863,-10.18948,40.85273,6.49725800000001,0.2682833,-0.1055724,0.3327045,-28.29655,-24.33683,-31.14748
67.3433218,-4.959154,30.76283,3.936486,0.2437356,-0.09587456,0.3303519,-28.29655,-24.33683,-31.14748
67.353318214,-1.759426,19.66394,1.680568,0.2220728,-0.08421542,0.3236866,-28.29655,-24.33683,-31.14748
67.363314152,0.3327035,8.03087599999999,-0.5143797,0.2142043,-0.08054037,0.3174779,-26.46127,-22.05752,-33.14526
67.373311043,2.3633,-3.186722,-2.648356,0.2118035,-0.08258421,0.3117397,-26.46127,-22.05752,-33.14526
67.38330698,4.209297,-14.22626,-4.904274,0.2094682,-0.0879801,0.3112665,-26.46127,-22.05752,-33.14526
67.393303871,6.17836000000001,-24.96904,-7.28213400000001,0.207411,-0.0821675,0.3136615,-26.46127,-22.05752,-33.14526
67.403300285,7.655158,-36.30534,-9.35513999999998,0.2195716,-0.08092027,0.3174686,-26.46127,-22.05752,-33.14526
67.413296223,8.27049000000001,-47.76035,-11.48912,0.2352677,-0.08646778,0.3145712,-25.70561,-22.42898,-32.75066
67.423293114,9.56268799999997,-58.3250700000001,-13.56212,0.265687,-0.09753816,0.3135639,-25.70561,-22.42898,-32.75066
67.433289051,11.47022,-68.5930300000002,-15.33027,0.2848093,-0.1040469,0.3044393,-25.70561,-22.42898,-32.75066
67.443285465,13.56235,-79.0390499999998,-16.97649,0.3052768,-0.1041328,0.3039251,-25.70561,-22.42898,-32.75066
67.453281403,14.79301,-89.9598800000002,-19.04949,0.339587,-0.1145439,0.3134395,-25.70561,-22.42898,-32.75066
67.463278294,17.37741,-101.1775,-20.45182,0.3802116,-0.1238495,0.3238997,-26.0683,-23.18542,-31.91088
67.473274708,20.39254,-112.217,-22.28094,0.4217807,-0.1317533,0.3262222,-26.0683,-23.18542,-31.91088
67.483270645,23.22306,-123.3159,-23.74424,0.4726929,-0.1180164,0.3366585,-26.0683,-23.18542,-31.91088
67.493267536,23.40767,-134.7709,-25.0856,0.5289909,-0.1056222,0.348043,-26.0683,-23.18542,-31.91088
67.503263474,22.60773,-145.5137,-26.48792,0.5864569,-0.1033439,0.3666067,-26.0683,-23.18542,-31.91088
67.513259888,21.9924,-155.841,-27.1586,0.6372019,-0.1066008,0.3789621,-28.69915,-23.5555,-28.3808
67.523256302,20.63867,-165.0406,-28.13413,0.6897278,-0.1011764,0.3803048,-28.69915,-23.5555,-28.3808
67.533252716,17.93121,-174.1809,-28.6219,0.7375889,-0.08071855,0.3883519,-28.69915,-23.5555,-28.3808
67.543248654,15.34681,-182.9057,-28.74384,0.8009838,-0.08342376,0.3805849,-28.69915,-23.5555,-28.3808
67.553245545,10.36262,-191.3337,-28.80481,0.8590249,-0.06044916,0.3761706,-28.69915,-23.5555,-28.3808
67.563241959,3.470898,-198.8715,-29.10967,0.9201691,-0.07283872,0.3770244,-32.06884,-24.68211,-23.69122
67.573237896,1.747968,-204.2725,-28.80481,0.9760013,-0.08851644,0.3486951,-32.06884,-24.68211,-23.69122
67.583234787,-0.7748947,-209.9704,-27.95122,1.030195,-0.0686914,0.3270596,-32.06884,-24.68211,-23.69122
67.593230724,-4.713021,-215.3121,-29.35355,1.082836,-0.06971359,0.3140465,-32.06884,-24.68211,-23.69122
67.603227138,-7.72814899999999,-221.8408,-30.57297,1.123539,-0.08348764,0.3139791,-32.06884,-24.68211,-23.69122
67.613223076,-9.45108000000002,-227.598,-32.40209,1.170967,-0.09238787,0.3009772,-35.35954,-26.9357,-17.38259
67.623219967,-11.78934,-232.643,-34.90189,1.220851,-0.07574253,0.3128503,-35.35954,-26.9357,-17.38259
67.633216381,-14.43527,-237.0944,-37.46266,1.279187,-0.06821132,0.3194468,-35.35954,-26.9357,-17.38259
67.643212318,-16.40434,-239.1717,-39.0479,1.316843,-0.04952261,0.3155477,-35.35954,-26.9357,-17.38259
67.653209209,-14.98907,-240.1807,-40.08441,1.349409,-0.02005171,0.2795902,-35.35954,-26.9357,-17.38259
67.663205147,-17.69653,-242.6735,-41.66965,1.373413,-0.002001151,0.2355146,-37.98531,-28.35022,-9.912239
67.673202038,-19.97326,-243.089,-43.4378,1.40057,-0.02087157,0.2388222,-37.98531,-28.35022,-9.912239
67.683197975,-19.481,-242.6142,-44.59624,1.42763,-0.03505555,0.2234642,-37.98531,-28.35022,-9.912239
67.693194389,-15.29674,-241.3084,-45.26692,1.454942,-0.03656501,0.2119312,-37.98531,-28.35022,-9.912239
67.703190327,-9.94334599999999,-239.6465,-45.5108,1.456178,-0.02506221,0.1918259,-37.98531,-28.35022,-9.912239
67.713187218,-5.697553,-237.5692,-45.81566,1.471759,-0.02496932,0.1683485,-40.24461,-29.44169,-2.053802
67.723183632,-2.128626,-235.1358,-45.26692,1.473928,-0.0108824,0.1630767,-40.24461,-29.44169,-2.053802
67.733179569,0.7019029,-231.7527,-44.77916,1.477541,0.004213689,0.1587594,-40.24461,-29.44169,-2.053802
67.74317646,3.532432,-228.6664,-43.68168,1.49439,0.01451888,0.1333628,-40.24461,-29.44169,-2.053802
67.753172398,5.009229,-224.5117,-42.64518,1.502918,0.02722095,0.1223374,-39.07278,-33.17688,5.069854
67.763168812,5.93222799999999,-220.0009,-40.63314,1.492198,0.02689511,0.1099132,-39.07278,-33.17688,5.069854
67.773164749,6.42449400000002,-214.5999,-39.84052,1.475466,0.03512287,0.08936148,-39.07278,-33.17688,5.069854
67.78316164,7.16289200000002,-209.733,-38.68208,1.450094,0.03638552,0.06978377,-39.07278,-33.17688,5.069854
67.793158054,7.77822399999998,-203.5603,-38.25528,1.426493,0.02111727,0.04542146,-39.07278,-33.17688,5.069854
67.803154468,9.13195500000001,-197.2096,-37.64558,1.392835,0.02284692,0.04165108,-38.31474,-35.01365,12.11609
67.813150883,10.67029,-190.206,-36.9749,1.360151,0.02456071,0.03405039,-38.31474,-35.01365,12.11609
67.82314682,11.71635,-182.5496,-35.87742,1.332026,0.04283833,0.02117316,-38.31474,-35.01365,12.11609
67.833143711,10.85489,-174.4776,-34.65801,1.318883,0.04208395,0.02023912,-38.31474,-35.01365,12.11609
67.843139648,8.63968899999998,-165.4561,-33.80442,1.296301,0.0507961,0.01214045,-38.31474,-35.01365,12.11609
67.853136063,5.686095,-155.7223,-31.60947,1.272693,0.06250892,0.01552862,-36.42767,-36.85124,18.07416
67.863132,1.563368,-145.1576,-29.41452,1.275762,0.05483837,0.02031101,-36.42767,-36.85124,18.07416
67.873128891,-2.743958,-134.118,-26.85375,1.256642,0.06139977,0.03517851,-36.42767,-36.85124,18.07416
67.883125305,-8.15888299999997,-122.3663,-24.59783,1.231634,0.0439723,0.04336238,-36.42767,-36.85124,18.07416
67.893121242,-12.46621,-109.9023,-21.79318,1.211951,0.02868152,0.06110795,-36.42767,-36.85124,18.07416
67.903118134,-15.72747,-95.8357700000002,-19.2324,1.206374,0.01460624,0.075,-34.55228,-37.87508,22.80233
67.913114071,-19.23487,-81.23509,-16.36678,1.197082,0.01711555,0.1037301,-34.55228,-37.87508,22.80233
67.923110485,-22.92686,-66.1002299999999,-13.74503,1.16357,-0.01458978,0.1100182,-34.55228,-37.87508,22.80233
67.933106899,-24.95745,-51.08408,-11.3062,1.118577,-0.05770737,0.1153721,-34.55228,-37.87508,22.80233
67.943103313,-24.15752,-34.99959,-8.62349000000001,1.087589,-0.09432314,0.1106498,-34.55228,-37.87508,22.80233
67.953099251,-20.52706,-19.92409,-5.696894,1.04518,-0.1194405,0.1126444,-33.45994,-39.752,24.81986
67.963096142,-16.09667,-4.90794,-2.95321,1.01796,-0.1227931,0.1237,-33.45994,-39.752,24.81986
67.973092556,-11.60474,10.28627,0.03435714,0.9956998,-0.1309816,0.1266124,-33.45994,-39.752,24.81986
67.983088493,-8.15888299999997,25.065,3.082895,0.9731997,-0.1266282,0.1199504,-33.45994,-39.752,24.81986
67.993085384,-6.12828500000002,39.07216,6.07046300000003,0.964283,-0.1191126,0.1108711,-33.45994,-39.752,24.81986
68.003081322,-4.959154,52.66386,9.05803,0.9568989,-0.1155157,0.09509003,-32.68855,-40.88418,25.21851
68.013077736,-3.54389,65.6026700000001,12.16754,0.9553629,-0.1117112,0.08934882,-32.68855,-40.88418,25.21851
68.023073673,-2.990091,78.3040799999999,15.15511,0.9674578,-0.1071163,0.08741225,-32.68855,-40.88418,25.21851
68.033070564,-2.867025,90.8274200000001,18.20364,0.9823563,-0.0961707,0.08307627,-32.68855,-40.88418,25.21851
68.043066978,-2.867025,102.6979,20.76442,0.9988525,-0.09249145,0.07778222,-32.68855,-40.88418,25.21851
68.053062916,-3.297757,114.0936,23.99586,1.027896,-0.08220319,0.07725038,-33.07056,-40.14262,23.27666
68.063059807,-4.036156,125.5486,26.61761,1.059366,-0.07140297,0.07432127,-33.07056,-40.14262,23.27666
68.073055744,-5.389887,136.3507,29.72712,1.088324,-0.05685698,0.06134549,-33.07056,-40.14262,23.27666
68.083052635,-6.80515100000002,146.7374,32.16595,1.134517,-0.05156647,0.06174218,-33.07056,-40.14262,23.27666
68.093048573,-8.34348200000003,156.6492,34.5438,1.169417,-0.04160459,0.06598596,-33.07056,-40.14262,23.27666
68.103044987,-9.57414700000003,166.383,36.86069,1.211693,-0.0354854,0.05921062,-33.05674,-40.16932,20.11615
68.113041878,-9.82028000000001,174.9297,38.75079,1.240361,-0.0309964,0.0629881,-33.05674,-40.16932,20.11615
68.123037815,-9.20494699999997,183.0017,40.51894,1.290624,-0.03484959,0.06433719,-33.05674,-40.16932,20.11615
68.133034229,-7.48201700000002,190.0646,42.28709,1.335069,-0.04030188,0.0628254,-33.05674,-40.16932,20.11615
68.143030167,-4.589955,196.8308,43.26262,1.373132,-0.04280671,0.07855269,-33.05674,-40.16932,20.11615
68.153027058,-1.205627,203.1221,43.87233,1.422396,-0.04518237,0.08421034,-35.9994,-38.71678,14.53923
68.163022995,2.055634,208.5825,45.27466,1.440791,-0.03839204,0.09614092,-35.9994,-38.71678,14.53923
68.173019409,4.64003,213.3901,45.27466,1.457849,-0.03853219,0.09706837,-35.9994,-38.71678,14.53923
68.183015347,7.470559,216.7138,45.3966,1.468991,-0.03482711,0.1061409,-35.9994,-38.71678,14.53923
68.193012238,10.17802,219.7408,44.90884,1.466656,-0.04021422,0.106625,-35.9994,-38.71678,14.53923
68.203008652,12.94702,221.9962,44.42107,1.466578,-0.03571508,0.1205027,-37.51518,-36.5654,7.872741
68.213005066,14.97761,223.5393,43.20165,1.452833,-0.03004129,0.1329681,-37.51518,-36.5654,7.872741
68.22300148,15.65448,224.3109,42.47001,1.444218,-0.01135972,0.175093,-37.51518,-36.5654,7.872741
68.232997418,15.22375,224.3109,41.8603,1.431053,-0.01049442,0.1918659,-37.51518,-36.5654,7.872741
68.242994309,15.16221,224.3703,41.4335,1.402378,-0.01443622,0.1947884,-37.51518,-36.5654,7.872741
68.252990246,14.79301,223.8361,41.12865,1.376944,-0.008949511,0.21206,-38.65277,-34.72219,1.920231
68.26298666,14.11615,223.0052,41.00671,1.355879,-0.002303717,0.2403311,-38.65277,-34.72219,1.920231
68.272983551,13.43928,222.5303,40.57991,1.33229,-0.01716816,0.2599976,-38.65277,-34.72219,1.920231
68.282979488,13.50081,221.462,40.88477,1.303739,-0.02727124,0.2796716,-38.65277,-34.72219,1.920231
68.292975903,15.03915,220.2156,40.57991,1.277972,-0.05648157,0.276374,-38.65277,-34.72219,1.920231
68.30297184,17.43894,218.6131,39.60438,1.25293,-0.0719221,0.2893432,-39.80099,-32.12806,-5.197341
68.312968731,20.76174,217.0106,39.05564,1.229181,-0.07790678,0.3238436,-39.80099,-32.12806,-5.197341
68.322964668,25.06906,215.9422,37.34846,1.188377,-0.08441703,0.3377951,-39.80099,-32.12806,-5.197341
68.332961083,30.42245,213.9836,37.10458,1.162182,-0.09002552,0.3655997,-39.80099,-32.12806,-5.197341
68.342957974,34.17598,212.7372,35.45837,1.127337,-0.07648566,0.3804928,-39.05979,-30.28059,-12.29696
68.352953911,34.85284,209.4135,33.5073,1.101845,-0.06818973,0.386278,-39.05979,-30.28059,-12.29696
68.362950325,34.36058,205.5556,32.4708,1.069834,-0.04966868,0.4083435,-39.05979,-30.28059,-12.29696
68.372946739,32.88378,200.9854,30.51974,1.018271,-0.05386967,0.4323633,-39.05979,-30.28059,-12.29696
68.382943153,32.32998,195.7624,29.17838,0.9865862,-0.02724786,0.4362403,-39.05979,-30.28059,-12.29696
68.392939091,26.66893,189.3524,26.92246,0.9368568,0.0006551254,0.45977,-36.82498,-28.41151,-18.15994
68.402935982,22.177,182.6456,24.60557,0.8827137,0.004208918,0.4871423,-36.82498,-28.41151,-18.15994
68.412931919,16.76208,173.9801,23.32519,0.8398046,0.005852279,0.4939167,-36.82498,-28.41151,-18.15994
68.422928333,13.07008,167.1546,21.73995,0.8025137,-0.00663042,0.484892,-36.82498,-28.41151,-18.15994
68.432925224,4.64003,160.0323,20.76442,0.7521556,0.05327431,0.4490712,-36.82498,-28.41151,-18.15994
68.442921162,-5.574486,153.0287,20.15471,0.695694,0.04964136,0.439599,-34.25439,-27.74183,-23.69168
68.452917576,-17.88113,142.9982,19.48403,0.6224167,0.03291889,0.4167594,-34.25439,-27.74183,-23.69168
68.462913513,-28.71098,131.0683,19.48403,0.5565833,0.009063127,0.3948659,-34.25439,-27.74183,-23.69168
68.472910404,-36.8949,118.8417,19.545,0.5079814,-0.02416225,0.3739018,-34.25439,-27.74183,-23.69168
68.482906342,-40.83303,107.09,19.545,0.4655946,-0.05090811,0.3572324,-34.25439,-27.74183,-23.69168
68.492902756,-41.87909,95.45691,18.0817,0.4126899,-0.06220638,0.3520632,-30.15095,-25.84888,-28.37976
68.502899647,-40.2177,84.2393099999997,16.13064,0.3811321,-0.06882785,0.333934,-30.15095,-25.84888,-28.37976
68.512895584,-36.8949,72.96236,14.05763,0.3491331,-0.07787458,0.317242,-30.15095,-25.84888,-28.37976
68.522892475,-32.58757,61.8041200000001,11.49686,0.3228055,-0.07759831,0.2981448,-30.15095,-25.84888,-28.37976
68.532888413,-26.98805,50.76458,9.30191299999998,0.289739,-0.08187252,0.2742747,-30.15095,-25.84888,-28.37976
68.542884827,-21.63466,39.78439,7.04599500000001,0.2708295,-0.08721519,0.2623446,-27.17232,-24.32839,-31.13914
68.552880764,-16.1582,27.79521,5.094931,0.2520674,-0.1002861,0.2552021,-27.17232,-24.32839,-31.13914
68.562877655,-9.758747,15.50927,3.204837,0.2398514,-0.124286,0.2609724,-27.17232,-24.32839,-31.13914
68.572874069,-2.313226,3.816858,1.131831,0.2273224,-0.1318534,0.2576462,-27.17232,-24.32839,-31.13914
68.582870007,4.701563,-8.05361600000002,-1.124087,0.2244763,-0.1100422,0.2576456,-27.17232,-24.32839,-31.13914
68.592866897,9.80882100000002,-19.98344,-3.623888,0.2205398,-0.08186083,0.265781,-26.42703,-23.94949,-31.97411
68.602862835,11.90095,-31.79456,-6.12369000000003,0.2230971,-0.06238579,0.2643358,-26.42703,-23.94949,-31.97411
68.612859249,12.27015,-43.66504,-8.25766700000002,0.2278863,-0.05790892,0.2652834,-26.42703,-23.94949,-31.97411
68.622855186,11.77788,-55.35745,-10.02582,0.2449439,-0.05806663,0.2642966,-26.42703,-23.94949,-31.97411
68.632852077,11.83942,-66.6937599999998,-11.42815,0.2709364,-0.06671141,0.2723893,-26.42703,-23.94949,-31.97411
68.642848492,11.71635,-77.67395,-12.95241,0.3040711,-0.06647253,0.2799887,-26.42703,-23.94949,-31.97411
68.652844906,10.79335,-89.0102499999998,-14.72057,0.3329594,-0.07358474,0.2899902,-26.42703,-23.94949,-31.97411
68.66284132,9.43962199999999,-100.584,-15.93998,0.3731335,-0.08483867,0.3009304,-26.42703,-23.94949,-31.97411
68.672837257,9.378088,-111.9796,-17.1594,0.4167821,-0.09939922,0.3147367,-26.42703,-23.94949,-31.97411
68.682834148,10.05495,-123.3753,-18.6227,0.4680659,-0.1056576,0.3165632,-26.42703,-23.94949,-31.97411
68.692830086,10.48569,-134.4742,-19.78114,0.5287634,-0.09423167,0.3188474,-27.56508,-23.93123,-28.82194
68.7028265,8.57815600000002,-145.2763,-21.1225,0.5802997,-0.08776723,0.3297631,-27.56508,-23.93123,-28.82194
68.712823391,5.74762800000002,-156.1378,-22.21997,0.6333218,-0.08282336,0.3306265,-27.56508,-23.93123,-28.82194
68.722819328,0.824969399999999,-167.8895,-22.70774,0.6798624,-0.0703246,0.3214492,-27.56508,-23.93123,-28.82194
68.732815742,-6.00521899999998,-179.76,-23.92715,0.7499468,-0.09103885,0.3490898,-27.56508,-23.93123,-28.82194
68.74281168,-6.68208499999998,-189.6718,-24.41492,0.7955788,-0.1075522,0.3576289,-30.55495,-25.06483,-25.29058
68.752808571,-7.420484,-199.2869,-25.63433,0.8473873,-0.08929261,0.3824198,-30.55495,-25.06483,-25.29058
68.762804508,-7.48201700000002,-206.706,-27.89025,0.9269552,-0.09630523,0.3999902,-30.55495,-25.06483,-25.29058
68.772800922,-7.35895000000002,-211.7509,-29.71938,1.00531,-0.09000209,0.4414881,-30.55495,-25.06483,-25.29058
68.782797813,-6.31288499999999,-214.1844,-31.42656,1.052681,-0.06964167,0.4399646,-30.55495,-25.06483,-25.29058
68.792793751,-6.62055200000002,-215.4901,-31.97529,1.095224,-0.0518853,0.4298357,-34.6778,-26.18998,-19.76805
68.802790642,-10.00488,-216.5585,-32.70694,1.139697,-0.0339163,0.3857246,-34.6778,-26.18998,-19.76805
68.812786579,-11.42014,-217.152,-32.88986,1.185562,-0.06396662,0.3483234,-34.6778,-26.18998,-19.76805
68.822782993,-13.32767,-219.7635,-33.49957,1.230499,-0.09720091,0.2836459,-34.6778,-26.18998,-19.76805
68.832778931,-13.08154,-222.6124,-34.4751,1.272005,-0.1281118,0.2677885,-34.6778,-26.18998,-19.76805
68.842775822,-11.91241,-227.42,-36.5481,1.318663,-0.1468241,0.299298,-37.97974,-28.05668,-12.68744
68.852772236,-7.420484,-229.6754,-39.10888,1.346599,-0.1284142,0.3389664,-37.97974,-28.05668,-12.68744
68.862768173,-2.190159,-230.1502,-40.26732,1.374369,-0.07563294,0.3647475,-37.97974,-28.05668,-12.68744
68.872765064,0.0865705500000002,-228.9038,-40.75508,1.375784,0.004509581,0.3575457,-37.97974,-28.05668,-12.68744
68.882761002,-3.297757,-228.5477,-40.20635,1.359483,0.06689935,0.3073076,-37.97974,-28.05668,-12.68744
68.892757416,-10.62021,-228.2509,-39.71858,1.359223,0.07957599,0.2594472,-39.11441,-29.07959,-5.208004
68.902753353,-17.94267,-227.8948,-38.98693,1.386115,0.0476009,0.2120295,-39.11441,-29.07959,-5.208004
68.912750244,-21.38853,-226.2923,-38.74305,1.404158,-0.005785696,0.1804258,-39.11441,-29.07959,-5.208004
68.922746658,-19.35793,-224.571,-38.37722,1.425311,-0.04303091,0.1535982,-39.11441,-29.07959,-5.208004
68.932743072,-14.12761,-221.9002,-39.53567,1.437675,-0.05314931,0.1363505,-39.11441,-29.07959,-5.208004
68.942739487,-8.09734899999998,-218.5765,-40.57217,1.456779,-0.05869091,0.1267471,-39.47301,-31.30461,1.896418
68.952735424,-1.82096,-214.5999,-40.87703,1.454031,-0.04230214,0.1181333,-39.47301,-31.30461,1.896418
68.962732315,3.717031,-210.7419,-41.36479,1.452948,-0.03724575,0.08894079,-39.47301,-31.30461,1.896418
68.972728252,8.332024,-206.2312,-41.60868,1.437801,-0.009513936,0.07220989,-39.47301,-31.30461,1.896418
68.982724667,11.10102,-201.6017,-40.938,1.412111,0.008794253,0.05741411,-39.45518,-33.53008,8.616618
68.992721558,12.76242,-196.7941,-40.02343,1.400837,0.01176255,0.03446134,-39.45518,-33.53008,8.616618
69.002717495,13.19315,-191.1557,-39.16985,1.369339,0.02803416,0.02206908,-39.45518,-33.53008,8.616618
69.012713909,12.82395,-185.1017,-37.70655,1.355607,0.03257402,0.01682752,-39.45518,-33.53008,8.616618
69.022709847,11.53175,-178.2168,-35.63354,1.341365,0.03793094,-0.004206382,-39.45518,-33.53008,8.616618
69.032706738,9.93188800000003,-170.7978,-34.23121,1.316477,0.03985138,-0.006077793,-37.56953,-35.36495,14.89719
69.042703152,7.101359,-162.7852,-32.76791,1.28478,0.04122594,0.0001985976,-37.56953,-35.36495,14.89719
69.052699089,4.147764,-154.1198,-30.39005,1.268754,0.03855417,0.008363017,-37.56953,-35.36495,14.89719
69.06269598,1.317235,-144.6234,-28.37802,1.247993,0.02850412,0.01701616,-37.56953,-35.36495,14.89719
69.072691917,-0.7748947,-134.949,-25.57336,1.234445,0.02336826,0.01608395,-37.56953,-35.36495,14.89719
69.082688332,-3.113158,-124.4436,-23.1955,1.208742,0.01715635,0.03000907,-36.0555,-37.20863,20.46548
69.092684746,-5.94368600000002,-113.7008,-20.63473,1.191353,0.009077212,0.03434864,-36.0555,-37.20863,20.46548
69.10268116,-8.71268200000002,-101.5336,-17.95202,1.16761,0.002492652,0.05640623,-36.0555,-37.20863,20.46548
69.112678051,-11.35861,-88.6541400000003,-15.33027,1.150856,-0.01327443,0.06888247,-36.0555,-37.20863,20.46548
69.122673988,-13.51227,-75.5372599999999,-12.52562,1.130113,-0.02434428,0.07227152,-36.0555,-37.20863,20.46548
69.132670403,-15.29674,-62.4797399999999,-9.96484800000001,1.108505,-0.04123178,0.0790136,-34.22624,-38.62964,23.26021
69.14266634,-16.21974,-48.35387,-7.46504600000002,1.086289,-0.07754704,0.08815462,-34.22624,-38.62964,23.26021
69.152663231,-15.11214,-34.04995,-5.087187,1.056995,-0.1004879,0.08725445,-34.22624,-38.62964,23.26021
69.162659168,-12.58928,-19.44927,-2.343503,1.029532,-0.1170139,0.0930495,-34.22624,-38.62964,23.26021
69.172655582,-9.45108000000002,-5.204702,0.4611524,1.008002,-0.1120062,0.1026573,-34.22624,-38.62964,23.26021
69.182652473,-7.17435100000002,9.03986600000002,3.387749,1.007973,-0.1105884,0.09834976,-33.45994,-39.752,24.81986
69.192648411,-6.12828500000002,22.92832,6.31434600000001,0.9975437,-0.1000862,0.1002795,-33.45994,-39.752,24.81986
69.202644825,-5.082221,36.34195,8.99705900000003,0.9971383,-0.1044808,0.09884565,-33.45994,-39.752,24.81986
69.212640762,-3.974623,49.57753,11.6188,0.9921936,-0.1007085,0.09693899,-33.45994,-39.752,24.81986
69.222637653,-3.236224,62.3976399999997,14.30152,0.9944736,-0.09242005,0.09501858,-33.45994,-39.752,24.81986
69.232633591,-2.559358,74.6835800000002,17.10617,1.005041,-0.08452832,0.08494803,-33.45038,-40.13563,24.43489
69.242630482,-2.190159,86.9695200000001,20.21568,1.029313,-0.07972795,0.07916156,-33.45038,-40.13563,24.43489
69.252626896,-2.128626,98.60258,23.02033,1.043426,-0.07907282,0.0671724,-33.45038,-40.13563,24.43489
69.262622833,-2.005559,109.7608,25.88596,1.064479,-0.08456276,0.05900131,-33.45038,-40.13563,24.43489
69.272619724,-1.697893,121.0378,28.14188,1.094566,-0.07826862,0.04458996,-33.45038,-40.13563,24.43489
69.282615662,-0.6518282,131.6025,29.78809,1.130775,-0.08634405,0.03974316,-33.4478,-39.77543,22.04635
69.292612076,0.886502600000001,141.7518,31.19041,1.161937,-0.0853477,0.02820275,-33.4478,-39.77543,22.04635
69.302608013,3.163232,151.1888,32.10497,1.195795,-0.07211886,0.02000453,-33.4478,-39.77543,22.04635
69.312604904,4.947696,160.151,32.71468,1.226238,-0.05833555,0.02664797,-33.4478,-39.77543,22.04635
69.322601318,5.93222799999999,168.1636,33.38536,1.265532,-0.04875965,0.03231992,-33.4478,-39.77543,22.04635
69.332597256,6.239894,176.0574,33.9341,1.312006,-0.03216412,0.04611333,-34.88114,-39.062,17.71011
69.342594147,5.99376100000001,183.061,34.78769,1.3512,-0.01720973,0.05561268,-34.88114,-39.062,17.71011
69.352590084,4.086231,189.6491,35.33643,1.368418,0.0001866543,0.06084252,-34.88114,-39.062,17.71011
69.362586498,1.624901,194.6347,36.73875,1.391827,-0.0008086874,0.06080197,-34.88114,-39.062,17.71011
69.372583389,-1.328694,199.561,37.65331,1.396149,0.002735314,0.06701501,-34.88114,-39.062,17.71011
69.382579327,-3.54389,203.7156,38.5069,1.421221,-0.008860843,0.07319579,-37.14531,-37.28353,12.5881
69.392576218,-5.020688,207.2174,39.48244,1.417934,-0.01512021,0.08660325,-37.14531,-37.28353,12.5881
69.402572155,-6.18981900000001,210.1257,39.78729,1.411381,-0.0292718,0.09427553,-37.14531,-37.28353,12.5881
69.412568569,-6.18981900000001,212.0843,40.70185,1.394448,-0.03523586,0.1163211,-37.14531,-37.28353,12.5881
69.422564507,-5.205287,214.1023,41.00671,1.394697,-0.04828558,0.1235026,-37.14531,-37.28353,12.5881
69.432561398,-4.405355,215.0519,41.92127,1.382344,-0.03859149,0.1474505,-38.2989,-34.67906,6.696034
69.442557812,-4.036156,215.8235,42.83583,1.3697,-0.03973423,0.1560872,-38.2989,-34.67906,6.696034
69.452553749,-3.851556,215.7642,43.56748,1.348759,-0.03998565,0.1738311,-38.2989,-34.67906,6.696034
69.46255064,-3.974623,215.4674,44.23816,1.33187,-0.04842681,0.1906129,-38.2989,-34.67906,6.696034
69.472546578,-2.497825,214.8145,44.72592,1.321117,-0.07236268,0.2002093,-38.2989,-34.67906,6.696034
69.482542992,0.3942367,213.8055,45.03078,1.297823,-0.07703846,0.2174799,-39.80614,-32.84846,-0.4202623
69.492538929,4.086231,212.3811,44.60398,1.286919,-0.09255398,0.2447817,-39.80614,-32.84846,-0.4202623
69.50253582,9.19348799999997,211.4315,44.60398,1.271192,-0.1105243,0.2797498,-39.80614,-32.84846,-0.4202623
69.512532234,15.16221,210.1851,43.56748,1.239422,-0.1309396,0.2946463,-39.80614,-32.84846,-0.4202623
69.522528648,22.42313,208.2858,43.07971,1.202288,-0.1252025,0.3114597,-39.80614,-32.84846,-0.4202623
69.532525063,28.45339,207.7516,40.64088,1.173775,-0.1371828,0.3383127,-40.2032,-30.25198,-7.919273
69.542521,34.85284,206.4458,38.38496,1.146988,-0.1368226,0.3823884,-40.2032,-30.25198,-7.919273
69.552517891,41.00617,206.0304,36.06807,1.128397,-0.1320103,0.4173556,-40.2032,-30.25198,-7.919273
69.562514305,48.20556,205.3182,34.78769,1.101826,-0.09287662,0.3968131,-40.2032,-30.25198,-7.919273
69.572510243,48.32862,202.9441,32.4708,1.07418,-0.04766975,0.4049854,-39.07911,-28.78259,-15.07858
69.582507134,43.22137,199.739,29.91003,1.043807,-0.01258555,0.428001,-39.07911,-28.78259,-15.07858
69.592503071,36.63731,194.516,28.5077,1.002667,-0.001087513,0.445777,-39.07911,-28.78259,-15.07858
69.602499485,29.25332,188.2247,26.80052,0.9747248,0.007474885,0.432902,-39.07911,-28.78259,-15.07858
69.612495422,17.80814,179.6186,24.36169,0.9031904,0.028507,0.4430714,-39.07911,-28.78259,-15.07858
69.622492313,8.63968899999998,169.6474,22.34966,0.8475197,0.008941337,0.4431734,-36.83234,-27.72781,-19.77616
69.632488727,-0.3441621,158.4298,20.88636,0.7818427,0.003287829,0.4452037,-36.83234,-27.72781,-19.77616
69.642484665,-6.25135200000003,147.687,19.78888,0.7328965,-0.011404,0.4323713,-36.83234,-27.72781,-19.77616
69.652481556,-13.26614,137.1816,18.44753,0.6909427,-0.009562873,0.4056437,-36.83234,-27.72781,-19.77616
69.662477493,-21.69619,126.3201,17.53296,0.6402554,-0.009899468,0.3722318,-36.83234,-27.72781,-19.77616
69.672474384,-26.61885,115.6961,17.22811,0.5880241,-0.03155588,0.3488782,-34.28863,-25.84986,-24.86283
69.682470322,-28.95712,104.7752,16.74035,0.5431342,-0.05506366,0.3197694,-34.28863,-25.84986,-24.86283
69.692466736,-28.71098,94.5072699999999,16.43549,0.5013244,-0.08669701,0.298793,-34.28863,-25.84986,-24.86283
69.702463627,-26.55732,84.7734799999999,15.45996,0.4626179,-0.101633,0.29025,-34.28863,-25.84986,-24.86283
69.712459564,-21.88079,75.9893299999999,14.42346,0.4233709,-0.1136201,0.2864929,-34.28863,-25.84986,-24.86283
69.722455978,-16.1582,67.6799999999999,12.83822,0.3952476,-0.1209395,0.290851,-30.53355,-25.47134,-28.38457
69.732451916,-9.57414700000003,59.9641999999998,10.82618,0.3760443,-0.1107949,0.272696,-30.53355,-25.47134,-28.38457
69.742448807,-4.036156,51.2394,8.26540999999997,0.340746,-0.09929545,0.2780189,-30.53355,-25.47134,-28.38457
69.752445221,0.3327035,42.33654,6.07046300000003,0.3181246,-0.08793943,0.2933698,-30.53355,-25.47134,-28.38457
69.762441158,4.45543,33.55239,3.753573,0.3077447,-0.07974313,0.3087002,-30.53355,-25.47134,-28.38457
69.772438049,6.36295999999998,25.18371,1.802509,0.2853349,-0.05385731,0.3183042,-28.31397,-23.57284,-30.76454
69.782433987,5.070763,16.04345,-0.3314674,0.2782775,-0.04061314,0.3470276,-28.31397,-23.57284,-30.76454
69.792430401,2.855566,5.894191,-2.221561,0.2681637,-0.04646003,0.367147,-28.31397,-23.57284,-30.76454
69.802426815,1.624901,-4.017655,-3.501947,0.2695062,-0.06576589,0.3786354,-28.31397,-23.57284,-30.76454
69.812423229,1.071102,-14.10756,-5.39204,0.2721013,-0.07383526,0.3939474,-28.31397,-23.57284,-30.76454
69.822419643,0.5788364,-25.2658,-7.46504600000002,0.2850638,-0.08894944,0.4135503,-27.93922,-23.57003,-30.76175
69.832416058,1.440302,-36.30534,-8.86737299999999,0.30505,-0.1145059,0.4451081,-27.93922,-23.57003,-30.76175
69.842412472,4.147764,-45.74237,-10.6965,0.3375897,-0.1340445,0.4699423,-27.93922,-23.57003,-30.76175
69.852408409,8.76275599999999,-53.28012,-12.15979,0.368527,-0.1464528,0.4808989,-27.93922,-23.57003,-30.76175
69.8624053,12.70088,-60.5804599999998,-13.62309,0.3972289,-0.1432016,0.5086053,-27.93922,-23.57003,-30.76175
69.872401237,16.26981,-67.8808099999999,-14.96445,0.4256517,-0.1511896,0.5300938,-27.94261,-23.56349,-29.98775
69.882397652,20.5156,-74.0534499999997,-15.51319,0.4571137,-0.1654962,0.5448785,-27.94261,-23.56349,-29.98775
69.892394543,24.63833,-79.2764599999998,-15.93998,0.4860413,-0.1744637,0.564452,-27.94261,-23.56349,-29.98775
69.90239048,27.71499,-84.9742899999999,-16.42775,0.507917,-0.1715579,0.5691988,-27.94261,-23.56349,-29.98775
69.912386894,30.05325,-92.9275100000002,-17.03746,0.5334867,-0.1579542,0.5667579,-27.94261,-23.56349,-29.98775
69.922382832,29.68406,-101.8897,-17.52522,0.5727157,-0.1449868,0.571472,-29.43093,-24.32565,-28.83381
69.932379723,27.96112,-110.7332,-18.01299,0.620099,-0.12502,0.5799986,-29.43093,-24.32565,-28.83381
69.942376137,24.5768,-118.9238,-17.89105,0.6605269,-0.09864179,0.5607783,-29.43093,-24.32565,-28.83381
69.952372074,18.73114,-126.5209,-17.34231,0.6944678,-0.06411322,0.5434815,-29.43093,-24.32565,-28.83381
69.962368965,9.00888899999998,-134.8303,-16.97649,0.7244521,-0.02690508,0.5089622,-29.43093,-24.32565,-28.83381
69.972364902,-3.974623,-143.377,-16.67163,0.7590049,-0.02490496,0.493587,-32.04186,-25.82971,-24.45914
69.982361794,-11.66628,-148.7781,-15.81804,0.7923669,-0.0376075,0.4672104,-32.04186,-25.82971,-24.45914
69.992358208,-20.404,-154.654,-15.45222,0.8153455,-0.04222348,0.4441999,-32.04186,-25.82971,-24.45914
70.002354145,-27.54185,-159.2241,-16.06192,0.843685,-0.04664581,0.4307515,-32.04186,-25.82971,-24.45914
70.012351036,-33.20291,-163.4975,-15.75707,0.8773733,-0.07613053,0.4283075,-32.04186,-25.82971,-24.45914
70.022346973,-36.83337,-165.9902,-15.93998,0.9105709,-0.07932271,0.4325576,-34.2918,-26.57407,-20.53725
70.032343388,-37.6333,-167.296,-16.67163,0.9450316,-0.09813655,0.4262809,-34.2918,-26.57407,-20.53725
70.042339325,-37.38717,-168.0676,-17.46425,0.9789091,-0.1114806,0.4348396,-34.2918,-26.57407,-20.53725
70.052336216,-35.4181,-168.305,-18.92755,1.01283,-0.1281078,0.4031987,-34.2918,-26.57407,-20.53725
70.06233263,-33.44904,-169.314,-20.26891,1.02793,-0.154239,0.3826004,-34.2918,-26.57407,-20.53725
70.072328568,-26.80345,-171.1539,-21.97609,1.062571,-0.2092502,0.350011,-36.85911,-27.31096,-15.45667
70.082325459,-17.01967,-174.7744,-23.98812,1.083576,-0.2123552,0.3370536,-36.85911,-27.31096,-15.45667
70.092321396,-6.12828500000002,-178.3949,-26.36598,1.121761,-0.2210784,0.363311,-36.85911,-27.31096,-15.45667
70.10231781,4.64003,-182.3715,-28.01219,1.155453,-0.1983874,0.3804751,-36.85911,-27.31096,-15.45667
70.112314701,13.80848,-184.7456,-29.41452,1.174121,-0.1285027,0.3832961,-36.85911,-27.31096,-15.45667
70.122310638,17.68507,-186.3481,-30.02423,1.188241,-0.05068798,0.3598012,-39.49701,-27.66742,-10.31408
70.132307529,15.22375,-187.4758,-30.39005,1.18781,-0.002290953,0.3392107,-39.49701,-27.66742,-10.31408
70.142303467,9.747288,-188.7816,-29.84132,1.191455,0.009959357,0.2894293,-39.49701,-27.66742,-10.31408
70.152299881,3.840098,-189.5531,-28.6219,1.205103,0.008972006,0.2582983,-39.49701,-27.66742,-10.31408
70.162295818,0.3942367,-189.197,-27.70734,1.232541,-0.0257983,0.2228448,-39.8614,-29.45522,-3.986032
70.172293186,-1.205627,-187.7132,-27.82928,1.236465,-0.02719176,0.2214026,-39.8614,-29.45522,-3.986032
70.182289124,-2.436292,-185.4578,-28.25608,1.254021,-0.02774221,0.2295079,-39.8614,-29.45522,-3.986032
70.192285061,-2.867025,-182.5496,-28.13413,1.268373,-0.01325669,0.2414436,-39.8614,-29.45522,-3.986032
70.202281952,-4.159222,-179.1665,-28.37802,1.260742,0.003425035,0.2223095,-39.8614,-29.45522,-3.986032
70.212277889,-6.00521899999998,-176.2582,-28.07316,1.253796,0.00938135,0.1979127,-40.22617,-31.30315,2.729361
70.222274303,-8.03581600000002,-172.8158,-28.31705,1.273059,-0.004317231,0.1993184,-40.22617,-31.30315,2.729361
70.232271195,-7.78968299999997,-168.6611,-27.5854,1.273302,-0.01753374,0.1883141,-40.22617,-31.30315,2.729361
70.242267132,-6.80515100000002,-164.091,-26.91472,1.266936,-0.01637713,0.1691819,-40.22617,-31.30315,2.729361
70.252263546,-4.836088,-159.8176,-26.18307,1.261106,-0.01755192,0.1596208,-40.22617,-31.30315,2.729361
70.26225996,-3.72849,-155.0694,-26.42695,1.251624,-0.03199827,0.1414552,-39.84226,-32.77872,7.835777
70.272256374,-2.190159,-149.7277,-26.24404,1.240893,-0.03187346,0.1252023,-39.84226,-32.77872,7.835777
70.282252312,-0.2210956,-144.2079,-25.75628,1.226368,-0.03712952,0.1132646,-39.84226,-32.77872,7.835777
70.292249203,1.563368,-138.2133,-25.6953,1.21177,-0.03848193,0.1032403,-39.84226,-32.77872,7.835777
70.302245617,3.224765,-131.9814,-25.51239,1.195691,-0.0389268,0.0893897,-39.84226,-32.77872,7.835777
70.312241554,4.270831,-125.0371,-25.20754,1.170481,-0.02007494,0.07985727,-38.70718,-34.25194,12.56075
70.322238445,2.055634,-118.6864,-25.20754,1.161031,-0.01015337,0.06934251,-38.70718,-34.25194,12.56075
70.332234383,2.301767,-111.2674,-25.14657,1.15978,-0.02134597,0.07030473,-38.70718,-34.25194,12.56075
70.342230797,2.486367,-103.6109,-24.59783,1.140122,-0.01251902,0.06842242,-38.70718,-34.25194,12.56075
70.352227688,0.886502600000001,-96.6666999999998,-23.80521,1.137718,-0.01465502,0.05263415,-38.70718,-34.25194,12.56075
70.362223625,-0.0980291399999998,-88.7134899999998,-22.70774,1.132325,-0.01277395,0.05742882,-36.81923,-35.72606,16.51729
70.372220039,-2.313226,-80.5228700000002,-21.7322,1.112727,-0.007443881,0.04501864,-36.81923,-35.72606,16.51729
70.382215977,-4.713021,-72.3322399999998,-20.81764,1.111565,-0.02356871,0.03784617,-36.81923,-35.72606,16.51729
70.392212868,-5.882153,-64.0822500000002,-19.29338,1.105369,-0.03100658,0.03498743,-36.81923,-35.72606,16.51729
70.402209282,-6.43595199999999,-55.77292,-17.83008,1.105574,-0.04231515,0.02015413,-36.81923,-35.72606,16.51729
70.412205696,-6.43595199999999,-47.22618,-15.93998,1.103345,-0.05363234,0.009632257,-35.68774,-36.46199,18.46469
70.42220211,-6.25135200000003,-38.85749,-13.98892,1.099205,-0.0669267,-0.0004071986,-35.68774,-36.46199,18.46469
70.432198048,-5.020688,-30.84492,-11.97688,1.097749,-0.06756861,-0.0142832,-35.68774,-36.46199,18.46469
70.442194939,-4.405355,-22.35754,-10.14776,1.08703,-0.06785495,-0.02240023,-35.68774,-36.46199,18.46469
70.452190876,-3.051624,-14.52302,-8.07475399999999,1.08231,-0.07633202,-0.03578996,-35.68774,-36.46199,18.46469
70.46218729,-1.082561,-7.28203499999998,-6.48951399999998,1.080522,-0.08522834,-0.04822752,-34.98418,-37.58428,20.08838
70.472184181,2.3633,-0.04104623,-4.53845,1.07537,-0.09662084,-0.06065859,-34.98418,-37.58428,20.08838
70.482180119,6.17836000000001,6.90318100000002,-2.831269,1.074307,-0.09247451,-0.08315087,-34.98418,-37.58428,20.08838
70.492176533,8.701222,13.25388,-0.819233500000002,1.061846,-0.07769162,-0.08696157,-34.98418,-37.58428,20.08838
70.50217247,9.50115500000001,19.36718,0.826976999999997,1.051782,-0.06096146,-0.0955627,-34.98418,-37.58428,20.08838
70.512169361,8.88582200000002,24.70889,2.778041,1.035632,-0.05745002,-0.1017569,-35.28991,-37.90359,20.08776
70.522165775,8.39355700000002,29.57578,4.729106,1.032219,-0.05761833,-0.1127582,-35.28991,-37.90359,20.08776
70.532161713,8.14742399999997,34.08656,6.61919899999999,1.032328,-0.0634738,-0.1156283,-35.28991,-37.90359,20.08776
70.542158604,8.45508999999998,38.7754,8.63123399999998,1.023558,-0.0636997,-0.1213559,-35.28991,-37.90359,20.08776
70.552154541,8.57815600000002,42.87072,11.07007,1.014789,-0.06389488,-0.1237334,-35.28991,-37.90359,20.08776
70.562150955,8.20895699999999,46.78797,13.20404,1.006848,-0.05632056,-0.1285073,-34.91685,-37.89751,20.47754
70.572147846,7.83975800000002,50.52717,15.45996,1.000415,-0.05111547,-0.1299332,-34.91685,-37.89751,20.47754
70.582143784,7.470559,53.91026,17.47199,0.999808,-0.04485848,-0.135198,-34.91685,-37.89751,20.47754
70.592140674,6.97829199999999,56.87787,19.1182,0.9949706,-0.04698116,-0.144282,-34.91685,-37.89751,20.47754
70.602136612,7.28595900000003,59.5487299999998,20.33762,1.00213,-0.0391129,-0.1495609,-34.91685,-37.89751,20.47754
70.612133026,7.83975800000002,61.6854100000003,21.06927,1.015655,-0.03314597,-0.1639433,-35.67371,-37.21943,18.85575
70.622128963,8.88582200000002,63.3472799999998,21.49607,1.029832,-0.03590873,-0.177846,-35.67371,-37.21943,18.85575
70.632125854,10.05495,64.41562,21.61801,1.04012,-0.0392562,-0.1941346,-35.67371,-37.21943,18.85575
70.642122269,11.77788,65.0685,21.19121,1.042931,-0.03343515,-0.2013197,-35.67371,-37.21943,18.85575
70.652118206,13.19315,65.6026700000001,20.5815,1.054022,-0.02747684,-0.2113906,-35.67371,-37.21943,18.85575
70.662115097,14.54688,65.0091499999999,19.78888,1.05144,-0.01978789,-0.2152167,-36.44001,-36.09707,17.2961
70.672111034,15.59294,64.0595099999998,18.93529,1.050834,-0.0134914,-0.2161744,-36.44001,-36.09707,17.2961
70.682107449,15.77754,62.7537499999999,18.0817,1.04883,-0.01064605,-0.2195217,-36.44001,-36.09707,17.2961
70.69210434,14.79301,60.9138300000001,17.35005,1.041368,-0.002519301,-0.2180751,-36.44001,-36.09707,17.2961
70.702100277,13.80848,59.0739099999998,16.37452,1.032548,0.0002922664,-0.2104032,-36.44001,-36.09707,17.2961
70.712096691,12.33168,56.81852,16.0087,1.014849,0.00871585,-0.2075031,-37.57291,-35.35841,15.67119
70.722093105,10.79335,54.38507,15.39899,1.00462,0.008522527,-0.206528,-37.57291,-35.35841,15.67119
70.732089519,8.94735499999999,52.01098,15.03316,0.9962736,0.01171975,-0.2108215,-37.57291,-35.35841,15.67119
70.74208641,6.91675899999997,49.69624,14.48443,0.9835724,0.01341696,-0.2103212,-37.57291,-35.35841,15.67119
70.752082348,5.74762800000002,47.02538,14.05763,0.9724897,0.006946555,-0.2031216,-37.57291,-35.35841,15.67119
70.762078762,5.501495,43.93906,13.44792,0.9706695,0.0001249599,-0.2012023,-37.96447,-34.23324,14.11432
70.772074699,6.17836000000001,41.09015,13.02113,0.9648588,-0.001995021,-0.2078917,-37.96447,-34.23324,14.11432
70.78207159,6.79369299999999,38.00382,12.53336,0.9579654,0.001730002,-0.2107521,-37.96447,-34.23324,14.11432
70.792067528,6.79369299999999,34.97685,11.67977,0.9559284,0.006632514,-0.2016569,-37.96447,-34.23324,14.11432
70.802063942,6.36295999999998,31.65312,10.94812,0.9485769,0.00893891,-0.1992518,-39.11845,-32.72352,13.71087
70.812060833,5.87069500000003,28.15133,10.33842,0.9437987,0.004037729,-0.1934993,-39.11845,-32.72352,13.71087
70.82205677,5.439962,24.41213,9.78967999999997,0.9410139,-0.003275709,-0.1901425,-39.11845,-32.72352,13.71087
70.832053184,5.439962,20.91034,9.36288400000001,0.9411241,-0.0090829,-0.1877483,-39.11845,-32.72352,13.71087
70.842049122,5.501495,17.4679,9.30191299999998,0.9387636,-0.01295127,-0.1805646,-39.11845,-32.72352,13.71087
70.852046013,4.763096,13.90676,8.57026399999998,0.9444119,-0.002034919,-0.1681343,-39.12124,-32.35297,12.54783
70.862042427,3.593965,10.34562,7.83861499999998,0.9419409,-0.0001048771,-0.1643018,-39.12124,-32.35297,12.54783
70.872038841,2.055634,7.02188600000003,7.10696599999998,0.9458683,-0.00138861,-0.1537797,-39.12124,-32.35297,12.54783
70.882035255,0.7019029,3.698153,6.31434600000001,0.9488289,-0.00323002,-0.1489986,-39.12124,-32.35297,12.54783
70.892031193,-0.0980291399999998,0.3744203,5.521726,0.9480038,-0.0109205,-0.1379879,-39.12124,-32.35297,12.54783
70.902028084,-0.2826288,-2.711903,4.668135,0.9565397,-0.02437138,-0.1394351,-39.87661,-31.98205,12.08874
70.912024498,0.0865705500000002,-5.442111,3.631632,0.9639843,-0.03147833,-0.1356176,-39.87661,-31.98205,12.08874
70.922020435,0.5788364,-7.93491100000001,2.839012,0.9682237,-0.02357564,-0.1308413,-39.87661,-31.98205,12.08874
70.932017326,0.209637,-10.66512,2.046392,0.974537,-0.02250534,-0.133724,-39.87661,-31.98205,12.08874
70.942013264,-0.4672285,-13.21727,1.314743,0.9805203,-0.02964116,-0.129904,-39.87661,-31.98205,12.08874
70.952009678,-1.082561,-15.29461,0.705035500000001,0.9888685,-0.03276816,-0.1179534,-39.51759,-31.21853,12.08747
70.962006569,-1.390227,-17.60935,0.3392109,0.9908625,-0.03515847,-0.1179562,-39.51759,-31.21853,12.08747
70.972002506,-2.067093,-19.44927,-0.1485551,0.9972221,-0.03649503,-0.1184455,-39.51759,-31.21853,12.08747
70.98199892,-3.174691,-21.4079,-0.758262800000002,1.012424,-0.04151812,-0.1160779,-39.51759,-31.21853,12.08747
70.991994858,-4.589955,-22.83236,-1.246029,1.018085,-0.05738971,-0.1103407,-39.51759,-31.21853,12.08747
71.001991749,-5.882153,-24.19746,-1.307,1.022368,-0.07760058,-0.09790002,-39.87859,-31.97824,12.54024
71.011988163,-6.743618,-25.1471,-0.758262800000002,1.029427,-0.09002542,-0.09025191,-39.87859,-31.97824,12.54024
71.021984577,-5.82061999999998,-26.03738,0.644064800000001,1.023196,-0.09547634,-0.08832534,-39.87859,-31.97824,12.54024
71.031980991,-5.205287,-26.98702,1.924451,1.02162,-0.08983409,-0.1055528,-39.87859,-31.97824,12.54024
71.041976929,-5.020688,-28.35213,2.412217,1.01098,-0.06816816,-0.1045827,-39.87859,-31.97824,12.54024
71.05197382,-6.62055200000002,-29.71723,2.351246,1.010299,-0.05805579,-0.1131984,-39.50723,-31.96889,13.31703
71.061970234,-9.63567999999999,-30.42946,2.046392,1.017992,-0.05257599,-0.1151276,-39.50723,-31.96889,13.31703
71.071966171,-12.15854,-30.72622,2.168334,1.014442,-0.07110314,-0.1141595,-39.50723,-31.96889,13.31703
71.081963062,-12.83541,-30.84492,2.229305,1.013393,-0.09292982,-0.1074519,-39.50723,-31.96889,13.31703
71.091959,-11.42014,-30.60752,2.290275,1.008831,-0.109599,-0.1136612,-39.50723,-31.96889,13.31703
71.101955414,-8.71268200000002,-30.42946,1.802509,1.008811,-0.1086538,-0.1165329,-39.50444,-32.33944,14.48006
71.111952305,-5.574486,-29.77658,1.314743,1.008914,-0.1139357,-0.1098316,-39.50444,-32.33944,14.48006
71.121948242,-2.559358,-29.06436,0.766006299999998,1.00526,-0.1008129,-0.1016928,-39.50444,-32.33944,14.48006
71.131944656,-0.897961100000003,-28.94565,0.1562987,1.013628,-0.07921354,-0.09597006,-39.50444,-32.33944,14.48006
71.141940594,-0.836427900000001,-27.10573,0.2172694,1.049363,-0.0604741,-0.03717233,-39.50444,-32.33944,14.48006
71.151937485,1.132635,-21.58596,-2.16059,1.026538,-0.01286069,-0.04193056,-39.49827,-32.71653,14.86909
71.161933422,-0.897961100000003,-23.18847,-2.465444,0.9971439,-0.03122923,-0.07393918,-39.49827,-32.71653,14.86909
71.171929836,-3.605423,-22.773,-3.623888,1.046889,-0.007345744,-0.06733198,-39.49827,-32.71653,14.86909
71.181926727,-6.743618,-18.14352,-3.258064,1.067069,-0.01739212,-0.04056432,-39.49827,-32.71653,14.86909
71.191922665,-6.68208499999998,-15.53201,-3.806801,1.028085,-0.017865,-0.06107501,-39.49827,-32.71653,14.86909
71.201919556,-6.25135200000003,-15.88813,-5.148157,1.013281,-0.03434708,-0.07779511,-39.49996,-32.71326,15.25609
71.211915493,-5.94368600000002,-14.64173,-5.574953,1.032338,-0.06315339,-0.08069237,-39.49996,-32.71326,15.25609
71.221911907,-4.159222,-11.97087,-5.087187,1.045365,-0.08240824,-0.08884592,-39.49996,-32.71326,15.25609
71.231908798,-1.267161,-9.65613,-3.806801,1.025137,-0.0949038,-0.08306453,-39.49996,-32.71326,15.25609
71.241904736,1.871034,-8.17232,-2.648356,1.008958,-0.08998335,-0.09452342,-39.49996,-32.71326,15.25609
71.25190115,4.270831,-6.74786400000002,-2.404473,1.010606,-0.07391912,-0.095009,-39.5115,-32.32582,16.09257
71.261897087,5.255362,-5.085997,-2.221561,1.011505,-0.07005768,-0.09979732,-39.5115,-32.32582,16.09257
71.271893978,5.070763,-3.186722,-1.794766,1.008917,-0.06177324,-0.09165915,-39.5115,-32.32582,16.09257
71.281890392,4.578496,-1.524855,-1.489912,1.012418,-0.0665547,-0.09070687,-39.5115,-32.32582,16.09257
71.29188633,3.901631,0.1370109,-1.063116,1.010974,-0.06758583,-0.09405412,-39.5115,-32.32582,16.09257
71.301883221,3.163232,2.036287,-1.124087,1.015727,-0.0611703,-0.09358548,-39.50363,-32.70617,16.0946
71.311879158,2.3633,3.757505,-1.185058,1.019533,-0.05621375,-0.09120052,-39.50363,-32.70617,16.0946
71.321875572,1.501835,5.597429,-1.489912,1.022646,-0.06640528,-0.09646766,-39.50363,-32.70617,16.0946
71.331872463,1.317235,7.31864699999998,-2.038649,1.024694,-0.07172333,-0.09790558,-39.50363,-32.70617,16.0946
71.341868401,2.1787,8.86180899999999,-2.709327,1.018444,-0.07623345,-0.09932926,-39.50363,-32.70617,16.0946
71.351865292,3.101699,10.58303,-3.380006,1.02482,-0.0785986,-0.1060398,-39.12888,-32.70336,16.09738
71.361861229,3.717031,11.82943,-3.806801,1.021722,-0.06947517,-0.1113011,-39.12888,-32.70336,16.09738
71.371857643,4.024698,13.13518,-3.928742,1.021666,-0.06660009,-0.1156089,-39.12888,-32.70336,16.09738
71.381854534,3.778564,14.14417,-3.989713,1.027411,-0.06115001,-0.1165775,-39.12888,-32.70336,16.09738
71.391850472,3.655498,14.9751,-3.867772,1.02254,-0.06123308,-0.1151333,-38.73842,-33.46126,16.10422
71.401846886,3.409365,15.39057,-3.319035,1.01996,-0.05346952,-0.1108236,-38.73842,-33.46126,16.10422
71.411842823,2.7325,16.04345,-3.075152,1.017977,-0.05152107,-0.1060349,-38.73842,-33.46126,16.10422
71.421839714,1.809501,16.63697,-2.587386,1.015972,-0.0486889,-0.1108179,-38.73842,-33.46126,16.10422
71.431836128,1.378768,16.81503,-2.587386,1.014538,-0.05018383,-0.1117721,-38.73842,-33.46126,16.10422
71.441832066,1.071102,17.05243,-2.465444,1.014006,-0.04773831,-0.1089004,-39.12691,-32.70717,15.64588
71.451828957,0.886502600000001,17.52725,-2.465444,1.008664,-0.04886397,-0.1141551,-39.12691,-32.70717,15.64588
71.461824894,0.886502600000001,17.70531,-2.16059,1.003818,-0.05048333,-0.1213249,-39.12691,-32.70717,15.64588
71.471821308,1.317235,17.82402,-2.221561,1.001924,-0.05346712,-0.1246708,-39.12691,-32.70717,15.64588
71.481818199,1.686435,17.64596,-1.977678,0.9950671,-0.05167637,-0.1265737,-39.12691,-32.70717,15.64588
71.491814137,1.871034,17.64596,-2.09962,0.9944966,-0.04734926,-0.1304024,-39.11566,-33.09407,14.8739
71.501811028,1.440302,17.52725,-1.916707,0.9940096,-0.04735888,-0.1304015,-39.11566,-33.09407,14.8739
71.511806965,1.132635,17.11179,-1.977678,0.9921619,-0.05272758,-0.1289612,-39.11566,-33.09407,14.8739
71.521803379,1.317235,16.69632,-2.038649,0.9927045,-0.05561058,-0.1265685,-39.11566,-33.09407,14.8739
71.53180027,1.563368,16.34021,-1.916707,0.9902133,-0.05277047,-0.1294364,-39.11566,-33.09407,14.8739
71.541796208,1.809501,15.92474,-2.038649,0.9896553,-0.04883255,-0.1227363,-38.73923,-33.09452,14.48968
71.551792622,1.624901,15.56863,-1.977678,0.9919979,-0.04397949,-0.1284846,-38.73923,-33.09452,14.48968
71.561788559,1.009569,14.9751,-2.038649,0.995507,-0.04928622,-0.1318394,-38.73923,-33.09452,14.48968
71.57178545,0.640369699999998,14.14417,-1.855736,0.9978999,-0.04671713,-0.1217941,-38.73923,-33.09452,14.48968
71.581781864,0.0865705500000002,13.31324,-1.794766,0.9999291,-0.05109437,-0.1265823,-38.73923,-33.09452,14.48968
71.591777801,-0.2210956,12.42295,-1.611853,1.001427,-0.05300855,-0.1265844,-38.73585,-33.10106,13.71568
71.601774692,-0.4056953,11.53267,-1.489912,1.007724,-0.05088772,-0.120853,-38.73585,-33.10106,13.71568
71.61177063,-0.2826288,10.40497,-1.307,1.00241,-0.05347066,-0.1261074,-38.73585,-33.10106,13.71568
71.621767044,-0.2826288,9.21792299999998,-1.246029,0.9989381,-0.05009381,-0.1213165,-38.73585,-33.10106,13.71568
71.631763935,-0.713361400000001,7.91217099999998,-1.063116,0.9959506,-0.04678195,-0.1246622,-38.73585,-33.10106,13.71568
71.641759872,-0.959494400000001,7.08123799999999,-0.819233500000002,0.9983958,-0.04720204,-0.122752,-38.73415,-33.10433,13.32867
71.651756287,-0.897961100000003,6.19095299999997,-0.941174999999998,1.000832,-0.04714953,-0.1222777,-38.73415,-33.10433,13.32867
71.661752701,-1.021028,4.944553,-0.819233500000002,0.9960256,-0.05060659,-0.1179612,-38.73415,-33.10433,13.32867
71.671749115,-0.6518282,3.757505,-0.575350499999998,0.9921373,-0.0511869,-0.1198686,-38.73415,-33.10433,13.32867
71.681746006,-0.713361400000001,2.86722,-0.3924382,0.9935426,-0.04828297,-0.124179,-38.73415,-33.10433,13.32867
71.691741943,-0.7748947,1.85823,-0.2704967,0.9934996,-0.04577076,-0.1150866,-39.09933,-33.49077,12.94092
71.701738357,-1.390227,0.7898869,-0.1485551,0.9992257,-0.03936233,-0.1174911,-39.09933,-33.49077,12.94092
71.711734295,-1.574827,-0.04104623,-0.1485551,0.9973692,-0.0442321,-0.1146152,-39.09933,-33.49077,12.94092
71.721731186,-1.45176,-0.871979399999998,-0.1485551,0.9921478,-0.05162878,-0.1150828,-39.09933,-33.49077,12.94092
71.7317276,-1.205627,-1.406151,-0.2704967,0.9940048,-0.04673705,-0.1155658,-39.09933,-33.49077,12.94092
71.741723537,-1.021028,-2.355788,-0.3314674,0.9954019,-0.04332102,-0.1170049,-39.11845,-32.72352,13.71087
71.751720428,-1.144094,-3.186722,-0.758262800000002,0.9953573,-0.04086148,-0.1136554,-39.11845,-32.72352,13.71087
71.761716366,-1.082561,-3.89895,-1.063116,1.000184,-0.03828816,-0.1084001,-39.11845,-32.72352,13.71087
71.77171278,-1.267161,-4.551826,-1.428941,0.9982004,-0.0363485,-0.1045686,-39.11845,-32.72352,13.71087
71.781709671,-1.513294,-5.026645,-1.672824,0.9962268,-0.03486387,-0.09738687,-39.11845,-32.72352,13.71087
71.791705608,-1.882493,-5.679521,-1.916707,1.000619,-0.03530252,-0.1017016,-38.73585,-33.10106,13.71568
71.801702023,-2.190159,-6.21369200000003,-2.404473,0.9976537,-0.03282612,-0.09021124,-38.73585,-33.10106,13.71568
71.811698437,-2.067093,-6.510454,-2.709327,0.9992226,-0.03868783,-0.09691253,-38.73585,-33.10106,13.71568
71.821694851,-1.944026,-6.74786400000002,-3.075152,1.003248,-0.04539833,-0.0954821,-38.73585,-33.10106,13.71568
71.831691742,-1.205627,-6.92592099999999,-3.380006,1.005575,-0.03948596,-0.09165906,-38.73585,-33.10106,13.71568
71.841687679,-0.6518282,-7.10397800000001,-3.501947,1.004581,-0.03856441,-0.09500761,-39.48363,-33.10995,13.32311
71.851684093,-0.6518282,-7.10397800000001,-4.050683,1.0104,-0.03695653,-0.09118955,-39.48363,-33.10995,13.32311
71.864179611,-0.590294999999998,-6.92592099999999,-4.416508,1.012752,-0.03260239,-0.09837341,-39.48363,-33.10995,13.32311
71.874176025,-0.4672285,-7.04462500000003,-4.782333,1.019555,-0.03142592,-0.09072836,-39.48363,-33.10995,13.32311
71.884171963,-0.897961100000003,-7.16332999999998,-5.148157,1.018573,-0.03092868,-0.08737674,-38.35324,-33.4786,13.72048
71.894168854,-1.205627,-6.98527300000001,-5.39204,1.017725,-0.03780564,-0.09359498,-38.35324,-33.4786,13.72048
71.904164791,-1.144094,-6.80721599999998,-5.453011,1.019114,-0.03384679,-0.08881266,-38.35324,-33.4786,13.72048
71.914161205,-1.082561,-6.56980699999999,-5.75786499999998,1.012267,-0.03254618,-0.09119394,-38.35324,-33.4786,13.72048
71.924158096,-1.205627,-5.97628299999998,-6.06271899999999,1.010275,-0.03009003,-0.08401246,-38.35324,-33.4786,13.72048
71.934154034,-1.328694,-5.85757799999998,-5.94077699999999,1.012284,-0.03354404,-0.09406517,-38.34876,-33.85242,14.49652
71.944150448,-1.45176,-5.679521,-5.94077699999999,1.009823,-0.03206903,-0.08688263,-38.34876,-33.85242,14.49652
71.954146862,-1.574827,-5.442111,-5.513982,1.011255,-0.03065311,-0.0945427,-38.34876,-33.85242,14.49652
71.964143276,-1.759426,-5.264054,-5.453011,1.011863,-0.03687938,-0.08592778,-38.34876,-33.85242,14.49652
71.974140167,-2.067093,-4.433121,-5.331069,1.013758,-0.03389559,-0.08258183,-38.34876,-33.85242,14.49652
71.984136105,-2.005559,-4.077007,-5.087187,1.011991,-0.04367565,-0.08544768,-39.09824,-33.85805,14.49096
71.994132519,-1.390227,-3.305426,-5.026216,1.0086,-0.04469697,-0.08352721,-39.09824,-33.85805,14.49096
72.004128456,-0.897961100000003,-2.88996,-4.660391,1.007643,-0.04573603,-0.0887896,-39.09824,-33.85805,14.49096
72.014125347,-0.2210956,-2.355788,-4.294567,1.010041,-0.04375804,-0.09023003,-39.09824,-33.85805,14.49096
72.024121761,0.0865705500000002,-1.999674,-4.233596,1.013377,-0.03983969,-0.09406545,-39.09824,-33.85805,14.49096
72.034117699,-0.0980291399999998,-1.228094,-3.928742,1.017671,-0.03484718,-0.08880989,-38.71564,-34.23559,14.49576
72.04411459,-1.021028,-0.812627099999999,-3.136122,1.0128,-0.03494342,-0.08880138,-38.71564,-34.23559,14.49576
72.054110527,-1.697893,-0.2784557,-2.709327,1.017359,-0.04404238,-0.08402122,-38.71564,-34.23559,14.49576
72.064106941,-1.882493,0.0776585000000002,-2.09962,1.01301,-0.04611593,-0.08879887,-38.71564,-34.23559,14.49576
72.074103832,-1.82096,0.7898869,-1.733795,1.018893,-0.0478996,-0.0840229,-38.71564,-34.23559,14.49576
72.08409977,-1.205627,1.383411,-1.550883,1.019866,-0.04792424,-0.08881035,-38.3409,-34.23278,14.49854
72.094096184,-0.590294999999998,1.85823,-1.185058,1.018369,-0.0459969,-0.0873725,-38.3409,-34.23278,14.49854
72.104092598,-0.03649592,2.273696,-1.002146,1.023247,-0.04644348,-0.09360238,-38.3409,-34.23278,14.49854
72.114089012,-0.0980291399999998,2.807868,-0.697292,1.019764,-0.04263354,-0.09455445,-38.3409,-34.23278,14.49854
72.124085426,-0.0980291399999998,2.86722,-0.697292,1.016841,-0.04271322,-0.09694221,-38.3409,-34.23278,14.49854
72.134081841,0.02503732,3.223334,-0.3924382,1.016372,-0.04367243,-0.09454827,-37.96447,-34.23324,14.11432
72.144078255,0.4557699,3.460744,-0.02661362,1.017034,-0.05285277,-0.09023988,-37.96447,-34.23324,14.11432
72.154074192,1.071102,4.11362,0.1562987,1.01309,-0.050558,-0.09645508,-37.96447,-34.23324,14.11432
72.164071083,1.317235,3.994915,0.4611524,1.015407,-0.04417744,-0.09454646,-37.96447,-34.23324,14.11432
72.174067497,1.009569,4.172972,0.766006299999998,1.00643,-0.03316499,-0.09309791,-37.96447,-34.23324,14.11432
72.184063435,0.5788364,4.054267,1.07086,1.007485,-0.03756587,-0.09836295,-37.96447,-34.23324,14.11432
72.194060326,0.2711702,4.291677,1.314743,1.005978,-0.03514838,-0.09644665,-37.96447,-34.23324,14.11432
72.20405674,0.3327035,4.232325,1.619597,1.005075,-0.03911956,-0.1036227,-37.96447,-34.23324,14.11432
72.214052677,0.948035800000003,4.529086,1.619597,1.002162,-0.03964551,-0.1017032,-37.96447,-34.23324,14.11432
72.224049568,1.317235,4.588439,1.86348,0.9976323,-0.03195116,-0.1007401,-37.96447,-34.23324,14.11432
72.234045506,1.071102,4.588439,2.107363,1.000482,-0.02802049,-0.1021818,-37.95491,-34.61686,13.72935
72.24404192,0.5788364,4.469734,2.107363,0.9980195,-0.02658499,-0.09930643,-37.95491,-34.61686,13.72935
72.254038811,0.2711702,4.469734,1.924451,1.000923,-0.02557328,-0.1012261,-37.95491,-34.61686,13.72935
72.264034748,0.1481038,4.410382,1.86348,1.001797,-0.02022822,-0.1031433,-37.95491,-34.61686,13.72935
72.274031162,-0.03649592,4.291677,1.802509,1.004784,-0.02355325,-0.1012333,-37.95491,-34.61686,13.72935
72.284027577,-0.0980291399999998,4.11362,1.619597,1.001906,-0.02605296,-0.1026634,-38.32796,-34.62294,13.33957
72.294023991,0.0865705500000002,4.054267,1.314743,1.013128,-0.02680314,-0.1026828,-38.32796,-34.62294,13.33957
72.304020882,0.640369699999998,3.87621,1.314743,1.01073,-0.02875919,-0.09884946,-38.32796,-34.62294,13.33957
72.314016819,0.948035800000003,3.579448,1.009889,1.007256,-0.02544378,-0.1007586,-38.32796,-34.62294,13.33957
72.324013233,0.7019029,3.460744,0.705035500000001,1.012007,-0.01906337,-0.1041185,-38.32796,-34.62294,13.33957
72.334009171,0.886502600000001,3.163982,0.583093999999999,1.011593,-0.02295909,-0.1041168,-38.72968,-33.47815,14.10471
72.344006062,0.824969399999999,2.748515,0.2782402,1.009103,-0.02008825,-0.1036346,-38.72968,-33.47815,14.10471
72.354002476,0.7019029,2.451753,0.03435714,1.011178,-0.02689869,-0.1089008,-38.72968,-33.47815,14.10471
72.363998413,0.886502600000001,2.214344,0.03435714,1.011484,-0.01713434,-0.1045967,-38.72968,-33.47815,14.10471
72.373995304,0.5788364,1.739525,-0.0875843799999999,1.003297,-0.02207655,-0.09596676,-38.72968,-33.47815,14.10471
72.383991242,0.640369699999998,1.561468,-0.1485551,1.005839,-0.02794535,-0.1055412,-37.97063,-33.85615,13.72529
72.393987656,0.7019029,1.027296,-0.2095259,1.005214,-0.02068173,-0.1069777,-37.97063,-33.85615,13.72529
72.403984547,0.763436100000001,0.849239199999998,-0.2095259,1.005749,-0.02304385,-0.1007565,-37.97063,-33.85615,13.72529
72.413980484,0.2711702,0.6118298,-0.3924382,1.003772,-0.02166017,-0.1045821,-37.97063,-33.85615,13.72529
72.423976898,-0.03649592,0.493125,-0.3314674,1.001814,-0.02123924,-0.1074502,-37.97063,-33.85615,13.72529
72.433973312,-0.4672285,-0.159751,-0.3314674,0.9979007,-0.02027887,-0.100265,-38.34368,-33.86223,13.33551
72.443969727,-0.897961100000003,-0.3378081,-0.1485551,0.9960534,-0.02563441,-0.09738895,-38.34368,-33.86223,13.33551
72.453966618,-0.897961100000003,-0.3971605,-0.3924382,1.000473,-0.02752156,-0.1007462,-38.34368,-33.86223,13.33551
72.463962555,-0.590294999999998,-0.753274699999998,-0.3924382,0.9979998,-0.02565736,-0.1040924,-38.34368,-33.86223,13.33551
72.473958969,-0.4056953,-0.931331799999999,-0.3924382,1.001448,-0.02747159,-0.09739788,-38.71056,-34.2454,13.33476
72.483954907,-0.5287617,-1.050037,-0.3314674,1.007879,-0.03274691,-0.1036292,-38.71056,-34.2454,13.33476
72.493951798,-0.4056953,-1.109389,-0.3924382,1.007761,-0.02640568,-0.1007592,-38.71056,-34.2454,13.33476
72.503948212,-0.4056953,-1.406151,-0.3924382,1.014194,-0.03161517,-0.09981191,-38.71056,-34.2454,13.33476
72.513944149,-0.1595624,-1.762265,-0.575350499999998,1.009783,-0.03024011,-0.099326,-38.71056,-34.2454,13.33476
72.52394104,-0.03649592,-1.821617,-0.697292,1.009812,-0.0316535,-0.09453993,-37.96447,-34.23324,14.11432
72.533937454,-0.03649592,-1.88097,-0.697292,1.012202,-0.02916341,-0.093109,-37.96447,-34.23324,14.11432
72.543933392,-0.2210956,-1.88097,-0.575350499999998,1.017073,-0.02908473,-0.09503182,-37.96447,-34.23324,14.11432
72.553930283,-0.5287617,-2.059026,-0.697292,1.01119,-0.02728789,-0.09837206,-37.96447,-34.23324,14.11432
72.56392622,-0.590294999999998,-2.118379,-0.575350499999998,1.012147,-0.02625762,-0.09406681,-37.96447,-34.23324,14.11432
72.573922634,-0.590294999999998,-2.355788,-0.575350499999998,1.008901,-0.03510819,-0.09836605,-37.97063,-33.85615,13.72529
72.583919525,-0.5287617,-2.118379,-0.3924382,1.011255,-0.03066189,-0.09549984,-37.97063,-33.85615,13.72529
72.593915462,-0.3441621,-1.940322,-0.453409,1.008315,-0.02969983,-0.09023064,-37.97063,-33.85615,13.72529
72.603911877,-0.7748947,-1.999674,-0.453409,1.00976,-0.02865993,-0.08592623,-37.97063,-33.85615,13.72529
72.613908291,-1.082561,-1.88097,-0.3924382,1.010686,-0.02627771,-0.0931071,-37.97063,-33.85615,13.72529
72.623904705,-0.959494400000001,-1.821617,-0.5143797,1.010228,-0.02768756,-0.08688446,-37.96894,-33.85942,13.33829
72.633901596,-0.959494400000001,-1.524855,-0.5143797,1.006405,-0.03165064,-0.08687677,-37.96894,-33.85942,13.33829
72.643897533,-0.4672285,-1.109389,-0.5143797,1.009336,-0.03209621,-0.08879606,-37.96894,-33.85942,13.33829
72.653893948,-0.4056953,-1.168741,-0.636321199999998,1.009319,-0.03107203,-0.0830534,-37.96894,-33.85942,13.33829
72.663889885,-0.7748947,-0.812627099999999,-0.636321199999998,1.007811,-0.02869404,-0.08544426,-37.96894,-33.85942,13.33829
72.673886776,-1.021028,-0.634569900000002,-0.697292,1.007828,-0.02970067,-0.08927264,-38.33752,-34.23932,13.72454
72.68388319,-0.590294999999998,-0.5158652,-0.697292,1.005972,-0.03457044,-0.08639669,-38.33752,-34.23932,13.72454
72.693879127,-0.4056953,-0.5158652,-0.697292,1.011441,-0.04026738,-0.08353329,-38.33752,-34.23932,13.72454
72.703876018,0.0865705500000002,0.01830613,-0.697292,1.010924,-0.03889434,-0.09166854,-38.33752,-34.23932,13.72454
72.713872433,0.3327035,0.1963632,-0.636321199999998,1.013783,-0.03540993,-0.08880296,-38.33752,-34.23932,13.72454
72.72386837,0.3327035,0.493125,-0.453409,1.00929,-0.02968058,-0.09023234,-37.96108,-34.23977,13.34032
72.733865261,-0.03649592,0.493125,-0.2704967,1.013719,-0.03202277,-0.09023946,-37.96108,-34.23977,13.34032
72.743861198,-0.0980291399999998,0.6118298,-0.1485551,1.019241,-0.04067377,-0.09168258,-37.96108,-34.23977,13.34032
72.753857613,0.02503732,0.967944,-0.02661362,1.016229,-0.03583441,-0.08737139,-37.96108,-34.23977,13.34032
72.763854504,0.1481038,1.205353,0.1562987,1.017579,-0.03002029,-0.09216101,-37.96108,-34.23977,13.34032
72.773850441,0.1481038,1.442763,0.2172694,1.011779,-0.03256897,-0.09262881,-38.33921,-34.23605,14.11154
72.783847332,0.209637,1.502115,0.1562987,1.012359,-0.0373599,-0.0864071,-38.33921,-34.23605,14.11154
72.793843269,0.4557699,1.680172,0.2172694,1.012294,-0.03400346,-0.09119362,-38.33921,-34.23605,14.11154
72.803839683,0.886502600000001,1.798877,0.2782402,1.00984,-0.03308445,-0.09166814,-38.33921,-34.23605,14.11154
72.813836575,0.886502600000001,2.095639,0.3392109,1.011726,-0.0296149,-0.0883223,-38.33921,-34.23605,14.11154
72.823832512,0.4557699,2.333049,0.583093999999999,1.007347,-0.03029262,-0.09980032,-38.71226,-34.24213,13.72176
72.833828926,0.209637,2.392401,0.5221233,1.007891,-0.03314928,-0.09453619,-38.71226,-34.24213,13.72176
72.843824863,0.640369699999998,2.629811,0.4611524,1.009405,-0.03610082,-0.1017167,-38.71226,-34.24213,13.72176
72.853821754,0.640369699999998,2.629811,0.5221233,1.011171,-0.02632515,-0.09932943,-38.71226,-34.24213,13.72176
72.863818169,0.640369699999998,2.570458,0.5221233,1.006293,-0.02587857,-0.09309955,-38.71226,-34.24213,13.72176
72.873814106,0.0865705500000002,2.392401,0.4611524,1.002885,-0.02590643,-0.08878642,-38.7044,-34.62249,13.72379
72.883810997,0.0865705500000002,2.333049,0.583093999999999,1.005364,-0.02833101,-0.09357587,-38.7044,-34.62249,13.72379
72.893807411,0.2711702,2.392401,0.583093999999999,1.007765,-0.0262784,-0.08688053,-38.7044,-34.62249,13.72379
72.903803349,-0.03649592,2.570458,0.826976999999997,1.008287,-0.02826449,-0.09262384,-38.7044,-34.62249,13.72379
72.91380024,-0.0980291399999998,2.095639,0.948918600000002,1.005796,-0.02541999,-0.0950131,-38.7044,-34.62249,13.72379
72.923796177,-0.1595624,1.976934,0.826976999999997,1.007313,-0.02829691,-0.09405785,-38.33752,-34.23932,13.72454
72.933793068,0.0865705500000002,1.917582,0.705035500000001,1.00393,-0.02983033,-0.09500872,-38.33752,-34.23932,13.72454
72.943789482,0.5788364,2.273696,0.583093999999999,1.002882,-0.02597666,-0.09644362,-38.33752,-34.23932,13.72454
72.953785419,0.824969399999999,2.095639,0.4611524,1.005824,-0.02688166,-0.09549135,-38.33752,-34.23932,13.72454
72.96378231,1.255702,1.976934,0.4001817,1.00529,-0.02447564,-0.09692676,-38.33752,-34.23932,13.72454
72.973778248,1.009569,2.095639,0.0953278999999999,1.004246,-0.02050346,-0.08544015,-38.71056,-34.2454,13.33476
72.983774662,0.3327035,1.798877,-0.1485551,1.007635,-0.01956113,-0.09597497,-38.71056,-34.2454,13.33476
72.993771553,0.0865705500000002,1.680172,-0.1485551,1.005777,-0.02447041,-0.0974062,-38.71056,-34.2454,13.33476
73.00376749,0.02503732,1.502115,-0.3314674,1.014086,-0.02575092,-0.09598463,-38.71056,-34.2454,13.33476
73.013763905,0.3327035,1.502115,-0.2704967,1.008756,-0.02729651,-0.09406063,-38.71056,-34.2454,13.33476
73.023759842,0.02503732,1.442763,-0.453409,1.012119,-0.02481789,-0.09598144,-39.087,-34.24494,13.71898
73.033756733,-0.2210956,1.027296,-0.453409,1.009573,-0.01907638,-0.1002857,-39.087,-34.24494,13.71898
73.043753147,-0.6518282,0.908591599999999,-0.3314674,1.008223,-0.0248861,-0.09501748,-39.087,-34.24494,13.71898
73.053749084,-0.6518282,0.730534499999999,-0.3924382,1.004812,-0.02499297,-0.09931868,-39.087,-34.24494,13.71898
73.063745976,-0.590294999999998,0.7898869,-0.5143797,1.002854,-0.02454132,-0.09883682,-39.07575,-34.63184,12.947
73.07374239,-0.6518282,0.4337727,-0.3314674,1.001006,-0.02991441,-0.09787505,-39.07575,-34.63184,12.947
73.083738327,-0.7748947,0.3744203,-0.2704967,1.003424,-0.0288816,-0.09644381,-39.07575,-34.63184,12.947
73.093735218,-0.4672285,-0.1003986,-0.3314674,0.9946926,-0.03100226,-0.09690661,-39.07575,-34.63184,12.947
73.103731155,-0.2826288,-0.2191033,-0.2095259,0.9977531,-0.03820021,-0.09356006,-39.07575,-34.63184,12.947
73.113728046,-0.0980291399999998,-0.3378081,-0.3314674,0.9937016,-0.03000171,-0.09164081,-38.33582,-34.24258,13.33754
73.123724461,-0.2210956,-0.634569900000002,-0.3314674,0.9966152,-0.0294582,-0.09164602,-38.33582,-34.24258,13.33754
73.133720398,-0.0980291399999998,-0.931331799999999,-0.2704967,0.9981574,-0.03384069,-0.09595478,-38.33582,-34.24258,13.33754
73.143717289,0.1481038,-1.228094,-0.3314674,0.9982031,-0.03626511,-0.09547565,-38.33582,-34.24258,13.33754
73.153713226,0.3327035,-1.64356,-0.3924382,0.999611,-0.03328216,-0.09117169,-38.33582,-34.24258,13.33754
73.163709641,0.5173032,-1.762265,-0.2704967,1.001982,-0.02984688,-0.09261244,-37.95322,-34.62013,13.34235
73.173706532,0.3942367,-1.940322,-0.453409,1.003978,-0.03219769,-0.08830813,-37.95322,-34.62013,13.34235
73.183702469,0.2711702,-2.177731,-0.697292,1.007395,-0.03267315,-0.09453545,-37.95322,-34.62013,13.34235
73.193698883,0.3942367,-1.940322,-0.819233500000002,1.007386,-0.03218299,-0.09405698,-37.95322,-34.62013,13.34235
73.203695774,0.2711702,-2.059026,-0.941174999999998,1.006375,-0.03024603,-0.09261999,-37.95322,-34.62013,13.34235
73.213691711,0.640369699999998,-1.821617,-0.880204299999999,1.010354,-0.03455845,-0.09454013,-38.33752,-34.23932,13.72454
73.223688126,0.4557699,-2.177731,-0.880204299999999,1.009759,-0.02866871,-0.08688339,-38.33752,-34.23932,13.72454
73.233684063,0.3942367,-2.355788,-0.819233500000002,1.014593,-0.02666892,-0.09119951,-38.33752,-34.23932,13.72454
73.243680954,0.209637,-2.118379,-0.819233500000002,1.01942,-0.02409999,-0.08642282,-38.33752,-34.23932,13.72454
73.253677368,-0.2210956,-1.821617,-1.185058,1.016523,-0.02565013,-0.09024598,-38.33752,-34.23932,13.72454
73.263673782,-0.0980291399999998,-1.762265,-1.124087,1.014639,-0.02908457,-0.08976325,-37.97681,-33.47906,13.33626
73.273670197,0.4557699,-1.64356,-1.002146,1.014584,-0.02618317,-0.09119962,-37.97681,-33.47906,13.33626
73.283666134,0.886502600000001,-1.406151,-1.002146,1.015558,-0.02615514,-0.09024417,-37.97681,-33.47906,13.33626
73.293663025,0.640369699999998,-1.228094,-0.880204299999999,1.019372,-0.02172824,-0.09264484,-37.97681,-33.47906,13.33626
73.303659439,0.5173032,-0.9906842,-0.880204299999999,1.02438,-0.02893159,-0.09408744,-37.97681,-33.47906,13.33626
73.313655377,0.640369699999998,-0.812627099999999,-0.758262800000002,1.019103,-0.03341809,-0.09503424,-38.32796,-34.62294,13.33957
73.323652268,0.5788364,-0.5158652,-0.636321199999998,1.011191,-0.02724839,-0.09406488,-38.32796,-34.62294,13.33957
73.333648205,0.5173032,-0.3378081,-0.636321199999998,1.019436,-0.02513735,-0.09360123,-38.32796,-34.62294,13.33957
73.343644619,0.2711702,-0.04104623,-0.636321199999998,1.009659,-0.02332972,-0.08736315,-38.32796,-34.62294,13.33957
73.35364151,-0.2210956,0.01830613,-0.3924382,1.005284,-0.02389332,-0.08639824,-38.32796,-34.62294,13.33957
73.363637447,-0.6518282,0.1370109,-0.2095259,1.011175,-0.0262242,-0.08832221,-38.32965,-34.61967,13.72657
73.373633862,-0.5287617,0.2557156,-0.0875843799999999,1.00535,-0.02725415,-0.0820903,-38.32965,-34.61967,13.72657
73.383630753,-0.3441621,0.493125,-0.0875843799999999,1.006847,-0.02919026,-0.08448529,-38.32965,-34.61967,13.72657
73.39362669,-0.2826288,0.6118298,0.03435714,1.006323,-0.02726562,-0.08544203,-38.32965,-34.61967,13.72657
73.403623104,-0.2826288,0.7898869,0.1562987,1.005311,-0.02536377,-0.08783364,-38.32965,-34.61967,13.72657
73.413619518,-0.2826288,0.908591599999999,0.2782402,1.001468,-0.02838167,-0.09069762,-38.34368,-33.86223,13.33551
73.423615933,-0.0980291399999998,0.967944,0.4001817,1.003004,-0.03220377,-0.0868707,-38.34368,-33.86223,13.33551
73.433612824,0.2711702,1.027296,0.0953278999999999,1.006385,-0.03071862,-0.09118415,-38.34368,-33.86223,13.33551
73.443608761,0.640369699999998,1.086649,0.2172694,1.009796,-0.03062053,-0.0878401,-38.34368,-33.86223,13.33551
73.453605175,0.763436100000001,1.442763,-0.0875843799999999,1.013628,-0.02717393,-0.0911977,-38.34368,-33.86223,13.33551
73.463602066,0.4557699,1.383411,-0.0875843799999999,1.017598,-0.03097865,-0.09072506,-38.33582,-34.24258,13.33754
73.473598003,0.640369699999998,1.62082,-0.2095259,1.013249,-0.03304342,-0.09454556,-38.33582,-34.24258,13.33754
73.483594418,0.4557699,1.383411,-0.2095259,1.011714,-0.0292257,-0.09885105,-38.33582,-34.24258,13.33754
73.493590355,0.209637,1.502115,-0.2704967,1.011714,-0.02921692,-0.0978939,-38.33582,-34.24258,13.33754
73.503587246,-0.0980291399999998,1.62082,-0.1485551,1.010712,-0.02779645,-0.09980682,-38.33582,-34.24258,13.33754
73.51358366,-0.2826288,1.917582,-0.0875843799999999,1.011228,-0.02917388,-0.09215015,-38.32796,-34.62294,13.33957
73.523579598,-0.03649592,1.680172,0.0953278999999999,1.013709,-0.03157213,-0.09406816,-38.32796,-34.62294,13.33957
73.533576489,0.1481038,1.798877,0.1562987,1.013165,-0.02871985,-0.09981086,-38.32796,-34.62294,13.33957
73.543572426,0.3942367,1.739525,0.2172694,1.010758,-0.03019453,-0.09645626,-38.32796,-34.62294,13.33957
73.55356884,0.824969399999999,1.917582,0.4001817,1.007367,-0.03122903,-0.0959715,-38.32796,-34.62294,13.33957
73.563565731,0.640369699999998,1.85823,0.583093999999999,1.012183,-0.02821822,-0.09598067,-38.71226,-34.24213,13.72176
73.573561669,0.3942367,2.154992,0.826976999999997,1.008645,-0.02151565,-0.09932626,-38.71226,-34.24213,13.72176
