Time (s),Gyroscope X (deg/s),Gyroscope Y (deg/s),Gyroscope Z (deg/s),Accelerometer X (g),Accelerometer Y (g),Accelerometer Z (g),Magnetometer X (uT),Magnetometer Y (uT),Magnetometer Z (uT)
55.200582981,-0.2544402,0.2828905,-0.3087828,0.9974479,-0.1015419,-0.1643725,-42.34754,-29.43719,7.799789
55.210580349,-0.1310735,0.3419434,-0.613018999999999,0.9980724,-0.1088011,-0.1624574,-42.34754,-29.43719,7.799789
55.220578194,-0.0692016899999997,0.2228838,-0.612306500000002,0.9991114,-0.1121559,-0.1595869,-42.34754,-29.43719,7.799789
55.230575562,-0.00765883199999998,0.3412153,-0.672488999999997,1.001593,-0.1145366,-0.1595906,-42.34754,-29.43719,7.799789
55.240573406,0.3614535,0.2815089,-0.671625100000002,1.003742,-0.1251936,-0.1605487,-42.3335,-30.19464,8.190847
55.250570774,0.853072000000002,0.2811553,-0.609715100000001,1.005065,-0.1179178,-0.1648601,-42.3335,-30.19464,8.190847
55.260568619,1.036446,0.2808768,-0.791746700000001,0.997613,-0.1102592,-0.1614991,-42.3335,-30.19464,8.190847
55.270565987,0.5430713,-0.0754411199999997,-0.790771299999998,1.000158,-0.1160447,-0.1619806,-42.3335,-30.19464,8.190847
55.280564308,0.3579247,0.1618954,-0.606999800000001,1.000637,-0.1155317,-0.1600672,-42.3335,-30.19464,8.190847
55.290561676,0.04990567,0.1617666,-0.4842193,1.001113,-0.1150934,-0.1662897,-41.59019,-29.81192,7.807379
55.300559521,-0.3807544,0.2208785,-0.1179014,0.9990022,-0.106318,-0.1586311,-41.59019,-29.81192,7.807379
55.310556889,-0.4418673,0.2206943,0.2479755,1.002016,-0.1111178,-0.1586351,-41.59019,-29.81192,7.807379
55.320554733,-0.625911999999997,0.101731,0.5523837,1.001041,-0.1111722,-0.162462,-41.59019,-29.81192,7.807379
55.330552101,-0.5022913,-0.1356758,0.734602200000001,0.9981106,-0.1106915,-0.1567141,-41.59019,-29.81192,7.807379
55.340549946,0.05186811,-0.254266,1.099389,0.9995705,-0.1107065,-0.1615024,-41.9551,-30.19891,7.355124
55.350547791,0.4209251,-0.1947434,1.098085,1.000591,-0.1130941,-0.1591107,-41.9551,-30.19891,7.355124
55.360545158,0.850858300000002,-0.0758686700000002,1.279675,0.9990102,-0.1068388,-0.1624595,-41.9551,-30.19891,7.355124
55.37054348,0.788140500000002,-0.313071,1.156261,1.003168,-0.09455552,-0.156727,-41.9551,-30.19891,7.355124
55.380540848,0.233506,-0.01612094,1.154866,1.002708,-0.09601365,-0.1557687,-41.9551,-30.19891,7.355124
55.390538693,-0.07443408,-0.1347122,0.9097044,1.005245,-0.1012826,-0.1529003,-41.59019,-29.81192,7.807379
55.40053606,-0.3817748,0.1026987,1.030465,1.003422,-0.1082095,-0.1624669,-41.59019,-29.81192,7.807379
55.410533905,-0.3197041,0.1618662,0.5416536,1.005003,-0.114456,-0.1581608,-41.59019,-29.81192,7.807379
55.420531273,0.4802816,0.636332699999999,0.4191466,0.996061,-0.105413,-0.1595833,-41.59019,-29.81192,7.807379
55.430529118,0.3567085,0.635663900000001,0.05279558,1.001788,-0.09896503,-0.1576806,-41.96494,-29.81474,7.804598
55.440526486,0.1102435,0.5162539,0.1136426,1.003196,-0.09598207,-0.1533767,-41.96494,-29.81474,7.804598
55.45052433,-0.0744753500000001,0.4561412,-0.2521332,1.004784,-0.1027802,-0.1562492,-41.96494,-29.81474,7.804598
55.460521698,-0.1359923,0.692828699999998,-0.3737771,1.007643,-0.09931336,-0.1552979,-41.96494,-29.81474,7.804598
55.47052002,0.04868158,0.751366700000001,-0.3733459,1.004767,-0.1017823,-0.1533779,-41.96494,-29.81474,7.804598
55.480516911,0.04865906,0.6910519,-0.2510313,1.004775,-0.1022901,-0.1557707,-41.59609,-29.43538,7.353848
55.490515232,0.1714518,0.808776800000002,-0.2506968,1.003306,-0.1017893,-0.1509825,-41.59609,-29.43538,7.353848
55.5005126,0.1096259,0.7485018,-0.2504394,1.005198,-0.09890205,-0.1581652,-41.59609,-29.43538,7.353848
55.510510445,0.3555439,0.747543000000002,-0.1280876,1.002476,-0.1096378,-0.1572005,-41.59609,-29.43538,7.353848
55.520507813,0.3551553,0.984013499999999,-0.4326081,1.002413,-0.106233,-0.1567227,-41.59609,-29.43538,7.353848
55.530505657,0.2317973,0.686053000000002,-0.3101232,0.9985508,-0.1082926,-0.1610226,-41.58823,-29.81574,7.355877
55.540503025,0.4160093,0.981561699999999,-0.3096954,0.9985329,-0.1073123,-0.1600657,-41.58823,-29.81574,7.355877
55.55050087,0.2924975,1.039532,-0.3702771,0.9999958,-0.1072351,-0.1548039,-41.58823,-29.81574,7.355877
55.560498238,0.04605521,1.09743,-0.3090137,0.9955665,-0.1048798,-0.1533611,-41.58823,-29.81574,7.355877
55.570496082,-0.138583,1.096089,-0.3087213,0.9986248,-0.1121479,-0.1576717,-41.58823,-29.81574,7.355877
55.580494404,-0.0767404499999998,1.213305,-0.3083144,1.000167,-0.1165173,-0.1605448,-42.33771,-29.82136,7.350316
55.590491772,0.1078976,1.211837,-0.1860239,1.006906,-0.1119712,-0.1562505,-42.33771,-29.82136,7.350316
55.600489617,0.599892700000001,0.973054100000002,-0.124762,1.004874,-0.1077036,-0.1634267,-42.33771,-29.82136,7.350316
55.610486984,0.1687544,1.090499,-0.002606317,1.003828,-0.1037841,-0.157683,-42.33771,-29.82136,7.350316
55.620484829,-0.1389498,0.910979300000001,-0.1854962,1.00676,-0.1042166,-0.1581665,-42.33771,-29.82136,7.350316
55.630482197,-0.2616484,1.028503,-0.1244073,1.004938,-0.111082,-0.161033,-42.34754,-29.43719,7.799789
55.640480041,-0.4458422,0.730653999999997,0.0586612200000001,1.00399,-0.1125981,-0.1653382,-42.34754,-29.43719,7.799789
55.650477409,0.04677107,0.4330303,-0.0632582800000001,1.001693,-0.1198711,-0.1586323,-42.34754,-29.43719,7.799789
55.660475254,0.2927293,0.5511912,-0.002303794,1.000168,-0.1165129,-0.1600662,-42.34754,-29.43719,7.799789
55.670472622,0.4154088,0.4912024,-0.002320051,1.001104,-0.1145988,-0.1653326,-42.34754,-29.43719,7.799789
55.680470943,0.1688507,0.4311958,-0.002451211,1.003955,-0.1105936,-0.1586386,-41.58036,-30.19609,7.357904
55.690467834,0.1071247,0.1933194,0.05848434,0.9986753,-0.1151942,-0.1720283,-41.58036,-30.19609,7.357904
55.700466156,0.1069515,0.2522798,0.1802758,1.001583,-0.1140815,-0.1629407,-41.58036,-30.19609,7.357904
55.710463524,0.04524531,-0.1633918,-0.0637762400000001,1.001528,-0.1111669,-0.1629414,-41.58036,-30.19609,7.357904
55.720461368,0.1067604,0.0741482900000002,0.1799954,1.00245,-0.1081585,-0.154808,-41.58036,-30.19609,7.357904
55.730458736,-0.1393134,-0.2819472,0.2406635,1.000391,-0.1023855,-0.1567202,-41.59609,-29.43538,7.353848
55.740456581,-0.5697165,-0.2816863,0.3013511,1.00345,-0.1096448,-0.1600737,-41.59609,-29.43538,7.353848
55.750453949,-0.0769475800000001,-0.2812393,0.3619817,0.9976951,-0.1146311,-0.1614981,-41.59609,-29.43538,7.353848
55.760451794,-0.01518244,-0.3401265,0.1787679,0.9990094,-0.1068652,-0.165331,-41.59609,-29.43538,7.353848
55.770450115,0.1078258,-0.5175514,0.2396099,0.9970167,-0.104431,-0.1605424,-41.59609,-29.43538,7.353848
55.780447006,0.2307761,-0.576197800000001,0.1783382,1.001924,-0.1062865,-0.1615076,-42.33601,-29.82463,6.963314
55.790445328,0.107613,-0.575697799999999,0.05624927,1.003304,-0.1018507,-0.1576825,-42.33601,-29.82463,6.963314
55.800442696,-0.01547263,-0.5157714,0.1780435,1.002836,-0.1028319,-0.1576815,-42.33601,-29.82463,6.963314
55.81044054,-0.0769091399999999,-0.574513200000001,0.1168875,1.001819,-0.1003301,-0.1476302,-42.33601,-29.82463,6.963314
55.820437908,-0.3228875,-0.633199899999997,0.1777497,0.9979284,-0.1009675,-0.1557591,-42.33601,-29.82463,6.963314
55.830435753,-0.1379402,-0.6323859,0.2385355,1.00052,-0.1091378,-0.1514543,-42.33968,-29.81755,7.801817
55.840433121,0.1082887,-0.3943312,-0.005513102,1.006191,-0.09981921,-0.1543381,-42.33968,-29.81755,7.801817
55.850430965,0.2313737,-0.0972045400000001,-0.005467892,1.002854,-0.103799,-0.1572027,-42.33968,-29.81755,7.801817
55.860428333,0.1081326,0.02167819,-0.0664317800000001,1.001817,-0.100396,-0.1548089,-42.33968,-29.81755,7.801817
55.870426178,0.16953,-0.1563689,-0.1274723,1.002222,-0.0960145,-0.1548107,-42.33968,-29.81755,7.801817
55.880423546,-0.5073165,-0.2749144,-0.06643713,1.00465,-0.09542795,-0.1490722,-42.33968,-29.81755,7.801817
55.890421867,-0.5066987,-0.0966611700000002,-0.0663728100000001,1.00328,-0.1003013,-0.1476328,-42.33968,-29.81755,7.801817
55.900418758,-0.3829765,-0.1559108,-0.005261242,1.000826,-0.09939542,-0.1495431,-42.33968,-29.81755,7.801817
55.91041708,-0.3823795,-0.1556776,-0.1880329,1.003379,-0.1056666,-0.1500245,-42.33968,-29.81755,7.801817
55.920414448,0.04865946,0.02246314,-0.1879116,1.002017,-0.1110871,-0.155285,-42.33968,-29.81755,7.801817
55.930412292,0.4791184,0.2003243,-0.3095022,1.002844,-0.1033396,-0.1600742,-41.96914,-29.44146,6.964067
55.94040966,0.4784973,0.2592386,-0.4919108,1.002826,-0.1023549,-0.1586387,-41.96914,-29.44146,6.964067
55.950407505,0.4163244,0.2588757,-0.4912164,1.003352,-0.1042093,-0.1500248,-41.96914,-29.44146,6.964067
55.96040535,0.1083092,0.3771621,-0.795204299999998,1.003478,-0.111067,-0.1562447,-41.96914,-29.44146,6.964067
55.970402718,0.1082118,0.5546709,-0.7332538,1.005554,-0.1178336,-0.1567252,-41.95707,-30.19509,7.806626
55.980401039,0.4154522,0.7319754,-0.671285399999997,1.004074,-0.1169041,-0.1581586,-41.95707,-30.19509,7.806626
55.99039793,0.4764249,0.671740900000001,-0.4265401,1.001069,-0.1126031,-0.1595902,-41.95707,-30.19509,7.806626
56.000396252,-0.01622674,0.552211,-0.3650336,0.999931,-0.1038611,-0.1576761,-41.95707,-30.19509,7.806626
56.01039362,-0.4467457,0.6108139,-0.3035278,1.000904,-0.103877,-0.1615064,-41.95707,-30.19509,7.806626
56.020391464,-0.692143599999999,0.4913606,-0.3641173,1.000961,-0.1067169,-0.15337,-41.58823,-29.81574,7.355877
56.030388832,-0.752594799999999,0.4313537,-0.1199301,1.006033,-0.1173075,-0.1533761,-41.58823,-29.81574,7.355877
56.040386677,0.04793455,0.549349,0.0630370200000002,1.003055,-0.1144813,-0.1567217,-41.58823,-29.81574,7.355877
56.050384045,0.3552506,0.3707137,0.1238903,0.994719,-0.1117348,-0.1571865,-41.58823,-29.81574,7.355877
56.060381889,0.723733199999999,0.3704158,0.3674071,0.9990023,-0.1063136,-0.1581525,-41.58823,-29.81574,7.355877
56.070379257,0.5383211,0.1327462,0.183995,0.9985507,-0.108297,-0.1615012,-42.32984,-30.20172,7.352344
56.080377102,0.3532771,0.3699144,0.183649,1.003918,-0.1086725,-0.1610319,-42.32984,-30.20172,7.352344
56.09037447,0.660402999999999,0.4881358,0.0614768500000002,1.006426,-0.112528,-0.1629496,-42.32984,-30.20172,7.352344
56.100372791,0.782620700000001,0.6063765,0.1222172,1.003946,-0.1101034,-0.1581601,-42.32984,-30.20172,7.352344
56.110370159,0.597192499999998,0.3685223,0.1220254,1.00595,-0.1129751,-0.1576843,-42.32984,-30.20172,7.352344
56.120368004,0.4734726,0.0714094499999997,0.182728,1.004426,-0.1095773,-0.1548111,-42.33601,-29.82463,6.963314
56.130365849,0.1039104,0.1898754,0.121566,1.004398,-0.1081376,-0.1567257,-42.33601,-29.82463,6.963314
56.140363216,0.04222734,0.3082484,0.1824032,1.005306,-0.1047575,-0.1610353,-42.33601,-29.82463,6.963314
56.150361061,-0.2653759,0.2485275,0.0603282799999997,1.004351,-0.1057307,-0.1591191,-42.33601,-29.82463,6.963314
56.160358429,-0.3265951,0.01102955,0.3040589,1.000454,-0.1058253,-0.1610266,-42.33601,-29.82463,6.963314
56.170356274,-0.3876988,-0.04828076,0.2427637,1.003802,-0.1022961,-0.1543332,-41.58823,-29.81574,7.355877
56.180353642,-0.5102203,-0.04816419,0.3033338,1.002772,-0.09941398,-0.1557679,-41.58823,-29.81574,7.355877
56.190351963,-0.5095794,-0.04802915,0.4249135,0.9936552,-0.1068437,-0.1514429,-41.58823,-29.81574,7.355877
56.200349331,-0.1398173,0.0706985900000001,0.3635048,0.9970466,-0.1058093,-0.1519277,-41.58823,-29.81574,7.355877
56.210347176,0.4138482,-0.04805768,0.3630673,0.9950508,-0.1034716,-0.1576677,-41.58823,-29.81574,7.355877
56.220344544,0.413309,0.0707447100000001,0.1798331,0.999867,-0.1004696,-0.1586341,-41.59806,-29.43157,7.805351
56.230342388,0.351276,-0.1665113,0.1795689,1.002774,-0.09935253,-0.1490679,-41.59806,-29.43157,7.805351
56.240339756,0.2278842,-0.107043,0.0573635299999998,1.00198,-0.109166,-0.1576784,-41.59806,-29.43157,7.805351
56.250337601,0.4737309,-0.04770528,-0.2474474,1.007475,-0.1163597,-0.1591218,-41.59806,-29.43157,7.805351
56.260334969,0.903539899999999,0.01168837,-0.3080116,1.009277,-0.1085359,-0.1576912,-41.59806,-29.43157,7.805351
56.270332813,0.902463000000001,0.0709514899999999,-0.4903838,1.006813,-0.1071662,-0.1619945,-41.96494,-29.81474,7.804598
56.280330181,0.1632786,0.0708623699999998,-0.3679795,1.004748,-0.1008328,-0.155771,-41.96494,-29.81474,7.804598
56.290328503,-0.698063099999998,-0.1665242,-0.3065657,1.006119,-0.09591994,-0.1529032,-41.96494,-29.81474,7.804598
56.300326347,-1.189182,-0.4629278,-0.3672088,1.007302,-0.1071171,-0.1576882,-41.96494,-29.81474,7.804598
56.310323715,-1.126155,-0.3437721,-0.2449401,1.005637,-0.1221879,-0.1548099,-41.96494,-29.81474,7.804598
56.32032156,-0.5096012,-0.10608,-0.000902637800000002,0.9987782,-0.1204585,-0.1634128,-41.9728,-29.43438,7.80257
56.330318928,0.2291092,-0.1651873,-0.000767469400000002,0.9962882,-0.1175833,-0.162452,-41.9728,-29.43438,7.80257
56.340316773,0.659302800000002,-0.5209821,0.1209835,0.9970533,-0.1063696,-0.1600634,-41.9728,-29.43438,7.80257
56.35031414,0.658378100000001,-0.579680100000001,0.2427156,0.9964493,-0.1000117,-0.154321,-41.9728,-29.43438,7.80257
56.360311985,0.2271664,-0.6383044,0.4252273,0.9975061,-0.1043511,-0.152886,-41.9728,-29.43438,7.80257
56.370309353,-0.2036583,-0.5780011,0.5467113,1.000539,-0.1100918,-0.1495398,-41.97083,-29.43819,7.351068
56.380307674,0.104167,-0.577219200000003,0.6070337,1.004652,-0.1217652,-0.1595941,-41.97083,-29.43819,7.351068
56.390304566,0.4731776,-0.5171792,0.667184600000002,1.003696,-0.1227516,-0.1591136,-41.97083,-29.43819,7.351068
56.400302887,0.7187355,-0.635252999999998,0.788307199999997,1.004523,-0.1150129,-0.1648599,-41.97083,-29.43819,7.351068
56.410300255,0.533233,-0.575121300000002,0.604519599999999,1.005422,-0.1111646,-0.171084,-41.97083,-29.43819,7.351068
56.4202981,0.1019079,-0.693140999999999,0.786557800000003,1.004827,-0.1052924,-0.1653415,-41.96494,-29.81474,7.804598
56.430295467,-0.2057509,-0.573602900000001,0.7856272,1.006317,-0.1066769,-0.160558,-41.96494,-29.81474,7.804598
56.440293312,-0.4514128,-0.5135114,1.089456,1.004803,-0.1037342,-0.1543346,-41.96494,-29.81474,7.804598
56.450291157,-0.942783100000003,-0.5128105,1.392903,1.003847,-0.1047381,-0.1557685,-41.96494,-29.81474,7.804598
56.460288525,-1.064627,-0.4529631,1.269327,1.001419,-0.1052983,-0.1586355,-41.96494,-29.81474,7.804598
56.470286846,-0.3868105,-0.3931537,1.389578,0.9986258,-0.1121172,-0.1543217,-41.96663,-29.81147,8.1916
56.480283737,-0.0787937899999998,-0.2740856,1.265911,0.993203,-0.1088447,-0.156706,-41.96663,-29.81147,8.1916
56.490282059,0.1057696,-0.3921851,1.203388,1.001437,-0.1062786,-0.1595925,-41.96663,-29.81147,8.1916
56.500279427,0.4130903,-0.3323774,1.2018,0.9965321,-0.1043616,-0.1519272,-41.96663,-29.81147,8.1916
56.510277271,0.3511348,-0.3913123,1.38303,0.9983431,-0.09705423,-0.1538465,-41.96663,-29.81147,8.1916
56.520274639,-0.2028734,-0.4504155,1.56411,0.9978931,-0.09898935,-0.1519309,-42.71442,-29.82036,7.799037
56.530272484,-0.756243699999998,-0.2719231,1.379367,1.002756,-0.09838539,-0.1495467,-42.71442,-29.82036,7.799037
56.540269852,-0.7550812,-0.0937108700000001,1.316798,0.9961352,-0.1092595,-0.1552753,-42.71442,-29.82036,7.799037
56.550267697,-0.5694945,0.0844266600000002,1.010615,0.9994807,-0.105805,-0.1567177,-42.71442,-29.82036,7.799037
56.560265064,-0.1382785,-0.03434684,0.826625199999998,1.004866,-0.1071564,-0.1567267,-41.96297,-29.81855,7.353096
56.570262909,0.4768796,0.0843823999999998,0.3988873,1.00538,-0.108626,-0.1591202,-41.96297,-29.81855,7.353096
56.580261231,0.660938299999998,0.3214995,0.4592997,1.002221,-0.09603644,-0.1572036,-41.96297,-29.81855,7.353096
56.590258598,0.04518167,0.3211143,0.154003,1.001736,-0.09598022,-0.1500241,-41.96297,-29.81855,7.353096
56.600256443,-0.5699562,0.3799701,-0.1509102,1.001229,-0.09506661,-0.1552878,-41.96297,-29.81855,7.353096
56.610253811,-0.938285,0.3201219,-0.272643,0.9988769,-0.0994427,-0.1504968,-41.98853,-28.67367,7.798514
56.620251655,-0.691031599999997,0.4382567,-0.3333288,1.00187,-0.1033632,-0.1605511,-41.98853,-28.67367,7.798514
56.630249023,-0.0751984599999997,0.615819299999999,-0.3938042,1.008863,-0.1124404,-0.1586467,-41.98853,-28.67367,7.798514
56.640246868,0.4167947,0.4963784,-0.637020299999998,1.009801,-0.1104825,-0.1591274,-41.98853,-28.67367,7.798514
56.650244236,0.600619599999998,0.3176605,-0.636200999999997,1.001896,-0.1048512,-0.1639008,-41.98853,-28.67367,7.798514
56.660242081,0.04624005,0.3764834,-0.635382799999998,1.001736,-0.09597583,-0.1495455,-42.34754,-29.43719,7.799789
56.670239448,-0.6302197,0.3759919,-0.7565071,1.000861,-0.1013736,-0.1533712,-42.34754,-29.43719,7.799789
56.68023777,-0.813853900000001,0.2569454,-0.6946244,0.9980555,-0.1077901,-0.1581504,-42.34754,-29.43719,7.799789
56.690234661,-0.628231900000002,0.2566972,-0.815655200000003,1.001685,-0.1193591,-0.1557609,-42.34754,-29.43719,7.799789
56.700232983,-0.0738564100000003,0.375005,-0.753640800000001,1.003686,-0.1223054,-0.1634209,-42.34754,-29.43719,7.799789
56.710230827,0.3567757,0.374534,-0.874559099999998,0.9952672,-0.1152133,-0.166758,-41.21178,-29.81619,6.971655
56.720228195,0.2334737,0.1962488,-0.873403199999998,1.004615,-0.1198573,-0.1634231,-41.21178,-29.81619,6.971655
56.73022604,0.04865806,0.1367245,-0.994285900000001,1.001196,-0.1194214,-0.161503,-41.21178,-29.81619,6.971655
56.740223408,-0.0744115500000002,0.1365528,-0.932181200000002,1.002604,-0.1164472,-0.1581561,-41.21178,-29.81619,6.971655
56.750221252,-0.1359286,-0.04160128,-0.3825416,1.000286,-0.1228322,-0.1605433,-41.21178,-29.81619,6.971655
56.76021862,-0.01267213,-0.100976,-0.3210904,0.9958115,-0.1180392,-0.1581439,-41.5944,-29.43865,6.966847
56.770216942,-0.1356067,-0.1600896,-0.1378897,0.9991115,-0.1121515,-0.1591083,-41.5944,-29.43865,6.966847
56.780213833,-0.5047324,-0.2191291,0.167099,1.003486,-0.1115835,-0.1595947,-41.5944,-29.43865,6.966847
56.790212154,-0.5657283,-0.3374654,0.16687,1.005903,-0.1105946,-0.1629492,-41.5944,-29.43865,6.966847
56.800209522,-0.3188461,-0.4556717,0.227612,1.004191,-0.1232804,-0.1648572,-41.5944,-29.43865,6.966847
56.810207367,0.05054112,-0.3958402,0.2272878,1.005663,-0.1236802,-0.1586382,-42.33771,-29.82136,7.350316
56.820204735,0.5425503,-0.3358788,0.3489247,1.002592,-0.1160317,-0.1658135,-42.33771,-29.82136,7.350316
56.830202579,0.787769799999999,-0.5727358,0.1656124,1.001594,-0.1144971,-0.1552834,-42.33771,-29.82136,7.350316
56.840199947,0.4791528,-0.4532931,0.348221,1.001988,-0.1096825,-0.1610283,-42.33771,-29.82136,7.350316
56.850197792,0.04797299,-0.4526679,0.4086969,1.003901,-0.1076658,-0.1572035,-42.33771,-29.82136,7.350316
56.860196114,-0.1982009,-0.4521179,0.4081261,1.002385,-0.1047845,-0.1576802,-41.97083,-29.43819,7.351068
56.870193005,-0.3210957,-0.2144015,0.651381699999997,1.008303,-0.1085639,-0.1586467,-41.97083,-29.43819,7.351068
56.880191326,-0.4437588,0.0824804700000002,0.4677278,1.001428,-0.1057885,-0.159114,-41.97083,-29.43819,7.351068
56.890188694,-0.2586984,-0.03608554,0.5282068,1.001006,-0.1091633,-0.1552838,-41.97083,-29.43819,7.351068
56.900186539,-0.1352684,0.02327488,0.2837369,1.000466,-0.1062276,-0.1519336,-41.97083,-29.43819,7.351068
56.910183907,-0.01210929,0.0825420700000002,0.4052263,1.001476,-0.1081515,-0.1519348,-42.34754,-29.43719,7.799789
56.920181751,0.1724089,-0.0956187100000002,0.1610258,1.005337,-0.106127,-0.1514635,-42.34754,-29.43719,7.799789
56.930179119,0.418306,0.2602801,0.03888201,1.002398,-0.1051606,-0.1457157,-42.34754,-29.43719,7.799789
56.940176964,0.5408278,0.3785833,-0.08310835,1.002321,-0.1013798,-0.1572024,-42.34754,-29.43719,7.799789
56.950174332,0.4171399,0.3188859,-0.0830039700000001,1.002241,-0.0969553,-0.1514605,-42.34754,-29.43719,7.799789
56.960172176,0.04759052,0.3777072,-0.02192895,1.004179,-0.09646177,-0.154814,-42.34754,-29.43719,7.799789
56.970169544,-0.1369723,0.495863,-0.3264488,1.002744,-0.09796987,-0.157204,-42.34754,-29.43719,7.799789
56.980167866,-0.2597894,0.613814400000001,-0.5699409,1.001339,-0.100887,-0.1543293,-42.34754,-29.43719,7.799789
56.99016571,-0.2594631,0.672377100000002,-0.3254761,1.003404,-0.1071985,-0.1581599,-42.34754,-29.43719,7.799789
57.000163078,-0.2590986,0.730810400000002,-0.446779,0.9980193,-0.1058383,-0.1571937,-42.34754,-29.43719,7.799789
57.010160923,-0.2586572,0.5519099,-0.3852662,1.002927,-0.1076807,-0.1567232,-42.33968,-29.81755,7.801817
57.020158291,-0.196857,0.847829500000002,-0.628531299999998,1.005371,-0.1081403,-0.1591203,-42.33968,-29.81755,7.801817
57.030156136,-0.0736399399999998,0.609541499999999,-0.627722699999999,1.005408,-0.1100614,-0.156727,-42.33968,-29.81755,7.801817
57.040153503,-0.01201423,0.608775899999997,-0.687809200000001,1.003947,-0.1100683,-0.1543315,-42.33968,-29.81755,7.801817
57.050151348,0.04941814,0.4894556,-0.625955500000002,1.004369,-0.1067066,-0.1595975,-42.33968,-29.81755,7.801817
57.060148716,-0.0737683500000001,0.4887476,-0.625188399999999,1.001989,-0.1096518,-0.1576782,-42.33181,-30.1979,7.803845
57.070147038,0.1107501,0.5473742,-0.624326500000001,1.000546,-0.1106522,-0.1576755,-42.33181,-30.1979,7.803845
57.080143929,-0.01239756,0.4280565,-0.745349799999998,1.000151,-0.1154755,-0.1528878,-42.33181,-30.1979,7.803845
57.09014225,-0.0739732,0.4276307,-0.5006455,0.9976044,-0.1097559,-0.1595849,-42.33181,-30.1979,7.803845
57.100139618,-0.1354522,-0.04742703,-0.4389884,0.9985625,-0.1086993,-0.1524082,-42.33181,-30.1979,7.803845
57.110137463,-0.0737488100000001,0.01200354,-0.4994653,1.001024,-0.1101568,-0.1576764,-42.33181,-30.1979,7.803845
57.120135307,-0.1351508,-0.2253092,-0.3160214,0.9982,-0.1156062,-0.1629345,-42.33181,-30.1979,7.803845
57.130132675,0.04952205,0.01230874,-0.4374702,1.00013,-0.1145961,-0.1629381,-42.33181,-30.1979,7.803845
57.14013052,0.418466,-0.04700317,-0.3759499,0.9986141,-0.1117105,-0.1629362,-42.33181,-30.1979,7.803845
57.150127888,0.3562718,-0.3435755,-0.3754585,0.9971249,-0.1102996,-0.1648482,-42.33771,-29.82136,7.350316
57.160126209,0.2941945,-0.3433304,-0.2530072,1.005867,-0.108634,-0.1610353,-42.33771,-29.82136,7.350316
57.1701231,-0.0753357599999998,-0.1649166,-0.3744777,1.001961,-0.1082033,-0.1586357,-42.33771,-29.82136,7.350316
57.180121422,-0.321432,-0.22395,-0.3131323,1.005363,-0.1076238,-0.1557703,-42.33771,-29.82136,7.350316
57.19011879,-0.320951,0.1324455,-0.3128156,1.006968,-0.1154461,-0.1643855,-42.33771,-29.82136,7.350316
57.200116634,-0.1359482,-0.3422042,-0.00770296199999998,0.9999596,-0.1052833,-0.1538472,-41.58823,-29.81574,7.355877
57.210114002,-0.2588439,-0.4011081,0.114229,1.000438,-0.1047879,-0.1538482,-41.58823,-29.81574,7.355877
57.220111847,-0.1970435,-0.459938,0.236142,1.003397,-0.1066688,-0.1533743,-41.58823,-29.81574,7.355877
57.230109692,-0.0737295500000003,-0.3999521,0.114057,0.9990757,-0.1101865,-0.1567159,-41.58823,-29.81574,7.355877
57.24010706,0.04942952,-0.3399855,0.1139712,1.003424,-0.1081437,-0.1552882,-41.58823,-29.81574,7.355877
57.250105381,-0.01222378,-0.45817,0.05291472,1.005869,-0.1085769,-0.1548138,-41.96297,-29.81855,7.353096
57.260102272,0.1722753,-0.2203901,-0.251814,1.001998,-0.1101375,-0.1576781,-41.96297,-29.81855,7.353096
57.270100594,0.602598299999997,-0.1607795,-0.3124876,1.008735,-0.1056353,-0.1581696,-41.96297,-29.81855,7.353096
57.280097961,0.2942719,-0.2791891,-0.3729701,1.005281,-0.1032388,-0.1543356,-41.96297,-29.81855,7.353096
57.290095806,0.1092446,-0.2195979,-0.4334724,1.005832,-0.1066295,-0.1543357,-41.96297,-29.81855,7.353096
57.300093174,0.04751617,0.01791963,-0.493937,1.002386,-0.1047538,-0.1543301,-41.96663,-29.81147,8.1916
57.310091019,-0.0755906400000002,0.1366578,-0.615162400000002,1.009178,-0.103153,-0.1533853,-41.96663,-29.81147,8.1916
57.320088387,-0.1370483,0.4332293,-0.614466299999998,1.00678,-0.1051222,-0.1509877,-41.96663,-29.81147,8.1916
57.330086231,-0.2599426,0.3734632,-0.3089747,1.000787,-0.09751382,-0.1562435,-41.96663,-29.81147,8.1916
57.340084553,-0.5672629,0.7290524,-0.3695191,0.9979165,-0.1005695,-0.1653307,-41.96663,-29.81147,8.1916
57.350081444,-0.3821633,0.609525199999998,-0.4299683,1.003818,-0.1033116,-0.1591188,-41.96297,-29.81855,7.353096
57.360079765,-0.3200921,0.9054095,-0.3683617,1.001944,-0.1072186,-0.1572002,-41.96297,-29.81855,7.353096
57.370077133,-0.1350517,0.785642099999998,-0.1239586,1.003407,-0.1071239,-0.1500241,-41.96297,-29.81855,7.353096
57.380074978,0.4188011,0.844007699999997,-0.1847737,1.004427,-0.109529,-0.1495467,-41.96297,-29.81855,7.353096
57.390072346,0.5413029,0.842966300000002,0.1810723,1.003368,-0.1052467,-0.1572032,-41.96297,-29.81855,7.353096
57.400070191,0.2330148,0.604535199999999,0.0589991299999999,1.00563,-0.09597785,-0.1581667,-42.3554,-29.05684,7.797761
57.410067558,-0.1364,0.781702500000002,-0.06309311,1.00583,-0.1066822,-0.1600786,-42.3554,-29.05684,7.797761
57.420065403,-0.01325881,0.721293699999999,-0.1240038,1.004462,-0.1115335,-0.1562463,-42.3554,-29.05684,7.797761
57.430062771,0.2941534,0.779684200000002,-0.2457513,1.004065,-0.1164315,-0.1595944,-42.3554,-29.05684,7.797761
57.440060616,0.662905999999998,0.600722299999998,-0.4283931,1.000645,-0.1160438,-0.1629386,-42.3554,-29.05684,7.797761
57.450058937,0.5391036,0.659152400000002,-0.4277785,0.9981908,-0.1151248,-0.1634131,-41.95707,-30.19509,7.806626
57.460056305,0.2308955,0.658436299999998,-0.4881928,1.002928,-0.1076587,-0.1543303,-41.95707,-30.19509,7.806626
57.47005415,0.04594783,0.657683800000001,-0.4875796,0.9956009,-0.1068886,-0.1605393,-41.95707,-30.19509,7.806626
57.480051518,-0.2616794,0.4789684,-0.3041314,0.9989011,-0.1009965,-0.1610251,-41.95707,-30.19509,7.806626
57.490049362,-0.630434100000001,0.0631053400000001,-0.303692,0.9970801,-0.1078445,-0.1619773,-41.95707,-30.19509,7.806626
57.50004673,-0.5679544,0.3595083,-0.1203983,1.002099,-0.1154677,-0.1562412,-42.72031,-29.44382,7.345507
57.510044575,-0.01369325,0.2997789,-0.1202088,1.000149,-0.1155589,-0.1619807,-42.72031,-29.44382,7.345507
57.520041943,0.2323602,0.0621234299999999,-0.1809711,0.9985251,-0.1067826,-0.1552801,-42.72031,-29.44382,7.345507
57.530039787,0.724256899999999,0.0620454100000003,0.0630626499999999,1.004489,-0.1129908,-0.156246,-42.72031,-29.44382,7.345507
57.540037155,0.723347199999999,0.1807281,-0.0588623400000001,1.001853,-0.1023258,-0.1533727,-42.72031,-29.44382,7.345507
57.550035477,0.599430100000002,-0.1159997,0.06294248,0.9974513,-0.1014366,-0.1528867,-41.96297,-29.81855,7.353096
57.560033322,0.0451294,-0.2938179,0.4286497,1.002214,-0.09548924,-0.1505036,-41.96297,-29.81855,7.353096
57.570030689,-0.4469226,-0.1747068,0.2453139,0.9998767,-0.1009334,-0.1562411,-41.96297,-29.81855,7.353096
57.580028534,-0.4463032,-0.1151537,0.2449483,1.004307,-0.103258,-0.1543339,-41.96297,-29.81855,7.353096
57.590025902,-0.1382891,-0.1151022,0.305688,1.002375,-0.1043163,-0.1595946,-41.96297,-29.81855,7.353096
57.600023747,-0.1996099,-0.1148645,0.0616125200000002,1.006832,-0.1081026,-0.1581657,-41.95707,-30.19509,7.806626
57.610021114,-0.3839782,-0.1740353,-0.0603106300000001,1.00675,-0.1037396,-0.1591238,-41.95707,-30.19509,7.806626
57.620018959,-0.01466372,-0.1737608,-0.3648971,1.009277,-0.1085403,-0.1581698,-41.95707,-30.19509,7.806626
57.630016327,0.292789,-0.1141715,-0.3644197,1.002007,-0.1106409,-0.1595923,-41.95707,-30.19509,7.806626
57.640014648,0.2309459,-0.4699932,-0.2419822,1.002275,-0.09897736,-0.1600744,-41.95707,-30.19509,7.806626
57.650012016,-0.07689431,-0.2914576,-0.3025915,1.005199,-0.0988801,-0.1557723,-41.97083,-29.43819,7.351068
57.660009861,-0.4458232,-0.1723868,-0.180404,1.004244,-0.09984015,-0.1524204,-41.97083,-29.43819,7.351068
57.670007229,-0.814307899999998,-0.1127247,0.002639115,0.997902,-0.0994795,-0.1524094,-41.97083,-29.43819,7.351068
57.680005073,-0.5672682,0.1247518,-0.1191525,0.999076,-0.1101777,-0.1557587,-41.97083,-29.43819,7.351068
57.690002918,0.1101166,0.2433557,0.002862066,1.003505,-0.1125375,-0.1576801,-41.97449,-29.43111,8.189572
57.700000286,0.4175285,-0.05354399,0.0638675499999997,0.9986798,-0.1150537,-0.1567139,-41.97449,-29.43111,8.189572
57.709998131,0.847523999999999,-0.1127732,0.1857097,1.000961,-0.1067389,-0.1557629,-41.97449,-29.43111,8.189572
57.719995499,0.662033799999998,0.00599862999999997,-0.0582343199999997,1.003874,-0.1061866,-0.154811,-41.97449,-29.43111,8.189572
57.72999382,0.3536907,0.00604702200000003,-0.1191511,1.004822,-0.104675,-0.1509844,-41.97449,-29.43111,8.189572
57.739991188,0.1071522,0.1246137,0.002825215,1.001531,-0.1110572,-0.150977,-41.98235,-29.05075,8.187544
57.749989033,0.106863,0.1837909,0.0636583600000001,0.9980674,-0.1081881,-0.1485788,-41.98235,-29.05075,8.187544
57.759986401,-0.262432,0.2428192,0.2463949,1.005381,-0.1086085,-0.1572059,-41.98235,-29.05075,8.187544
57.769984245,-0.4466634,0.005197927,0.185287,1.000104,-0.1131082,-0.1595884,-41.98235,-29.05075,8.187544
57.77998209,-0.200124,0.005060896,0.5507257,0.9982302,-0.1169757,-0.1533626,-41.98235,-29.05075,8.187544
57.789979458,-0.01529229,-0.05429783,0.671956399999999,0.9981951,-0.1149887,-0.1485773,-41.96494,-29.81474,7.804598
57.799977303,0.1692879,-0.05432281,0.793073099999998,1.001556,-0.1125847,-0.1586339,-41.96494,-29.81474,7.804598
57.80997467,0.3537136,0.3610442,0.792134400000002,1.000547,-0.1106214,-0.1543254,-41.96494,-29.81474,7.804598
57.819972992,0.2919101,0.3014061,0.852110099999998,1.001015,-0.1096579,-0.1562408,-41.96494,-29.81474,7.804598
57.82997036,0.2915627,0.2417684,0.851097299999998,0.9976787,-0.1136025,-0.1552768,-41.96494,-29.81474,7.804598
57.839968204,0.783249800000001,0.3600762,0.850085700000002,0.9995447,-0.1092009,-0.1562384,-42.33771,-29.82136,7.350316
57.849965572,0.905255099999999,0.3595494,0.910046199999999,0.9965763,-0.1068343,-0.1567124,-42.33771,-29.82136,7.350316
57.859963417,0.719576399999999,0.4184128,0.969854699999997,1.004306,-0.1032888,-0.1576839,-42.33771,-29.82136,7.350316
57.869960785,0.2879979,0.4771651,1.029512,0.9998674,-0.1004564,-0.1571983,-42.33771,-29.82136,7.350316
57.87995863,0.04161925,0.4766217,1.14993,1.007266,-0.1051433,-0.1543386,-42.33771,-29.82136,7.350316
57.889956474,0.1646334,0.4760044,1.331321,1.008773,-0.1075477,-0.1548191,-41.96663,-29.81147,8.1916
57.899953842,-0.0815903300000003,0.0601263699999998,1.0859,1.008598,-0.09836209,-0.159607,-41.96663,-29.81147,8.1916
57.909952164,-0.2659329,0.1193846,0.901758100000001,1.005822,-0.1061744,-0.1576858,-41.96663,-29.81147,8.1916
57.919949055,-0.3270548,0.1193651,0.4741365,1.011153,-0.1046113,-0.1576955,-41.96663,-29.81147,8.1916
57.929947376,0.04238144,0.0599001400000002,0.3517143,1.009627,-0.101275,-0.1615223,-41.96663,-29.81147,8.1916
57.939944744,0.04227021,-0.0588798400000001,-0.0752547200000002,1.01017,-0.1041229,-0.155301,-41.96297,-29.81855,7.353096
57.949942589,0.1036731,0.1191021,-0.2579384,1.002294,-0.09992693,-0.1576813,-41.96297,-29.81855,7.353096
57.959939957,-0.1425901,0.0002477542,-0.3794027,1.000272,-0.09607494,-0.1572002,-41.96297,-29.81855,7.353096
57.969937801,-0.0810517000000001,-0.1185319,-0.5617619,1.003131,-0.09261686,-0.1572061,-41.96297,-29.81855,7.353096
57.979935646,-0.2039004,0.0595808899999998,-0.5610946,1.000698,-0.09258159,-0.1481089,-41.96297,-29.81855,7.353096
57.989933014,-0.5726117,0.0596738399999998,-0.4994191,0.9997503,-0.09409324,-0.1519354,-42.33968,-29.81755,7.801817
57.999931335,-0.5719118,-0.1183837,-0.5597625,0.9998498,-0.09946295,-0.1548057,-42.33968,-29.81755,7.801817
58.009928226,-0.2019747,0.1189322,-0.4371754,1.002955,-0.1091116,-0.1538514,-42.33968,-29.81755,7.801817
58.019926548,-0.0173533,0.3560058,-0.6194237,1.000392,-0.1023503,-0.1528916,-42.33968,-29.81755,7.801817
58.029923916,0.1056383,0.0588341099999999,-0.618549900000002,1.000934,-0.1052509,-0.1524132,-42.33968,-29.81755,7.801817
58.039921761,-0.01756082,0.1180939,-0.861579399999998,1.000383,-0.1018777,-0.1543274,-42.33181,-30.1979,7.803845
58.049919128,0.1056243,0.1178524,-0.738689700000002,0.9989488,-0.1033595,-0.153846,-42.33181,-30.1979,7.803845
58.059916973,0.1056269,-0.000925831500000001,-0.859684300000001,0.9995638,-0.1101461,-0.1533667,-42.33181,-30.1979,7.803845
58.069914341,0.1054749,0.0584463300000002,-0.675711300000002,0.9966881,-0.1125932,-0.1490539,-42.33181,-30.1979,7.803845
58.079912186,0.4743099,-0.001035377,-0.735756799999999,0.9999588,-0.1053096,-0.1567187,-42.33181,-30.1979,7.803845
58.089910507,0.2892691,0.1178198,-0.795726799999999,0.9981113,-0.1106696,-0.1543212,-41.96494,-29.81474,7.804598
58.099907398,0.2888671,0.1177836,-0.733775700000003,1.000106,-0.1130555,-0.1538455,-41.96494,-29.81474,7.804598
58.10990572,0.3498442,0.1177662,-0.976717899999999,1.000061,-0.1106091,-0.1519317,-41.96494,-29.81474,7.804598
58.119903088,0.595305899999999,0.0583777199999998,-0.792751200000002,1.000511,-0.1086696,-0.1533687,-41.96494,-29.81474,7.804598
58.129900932,0.2869886,0.1176381,-0.669909700000002,1.002865,-0.1042365,-0.1519383,-41.96494,-29.81474,7.804598
58.1398983,0.2250948,0.1174717,-0.608231500000001,1.000941,-0.1058244,-0.1619846,-41.98066,-29.05402,7.800542
58.149896145,-0.08268013,0.2361034,-0.180902,1.003341,-0.103785,-0.156725,-41.98066,-29.05402,7.800542
58.159893513,-0.02096572,0.0578616599999999,-0.1806365,1.00584,-0.1071504,-0.1581642,-41.98066,-29.05402,7.800542
58.169891357,-0.1441025,0.0577889799999998,-0.0585638899999999,1.006815,-0.1071004,-0.1548159,-41.98066,-29.05402,7.800542
58.179889679,-0.3900544,-0.001598686,0.1852395,1.006282,-0.1047075,-0.157687,-41.98066,-29.05402,7.800542
58.18988657,-0.2051,0.1170148,0.1851026,1.00685,-0.1091136,-0.1624726,-41.96297,-29.81855,7.353096
58.199884892,0.04134845,0.294869,0.002072707,1.004948,-0.1115283,-0.1567258,-41.96297,-29.81855,7.353096
58.209882259,0.2258382,0.3537392,0.0630983000000001,0.9990109,-0.1068169,-0.1600667,-41.96297,-29.81855,7.353096
58.219880104,0.2871071,0.2347206,-0.1196635,1.000509,-0.1087355,-0.1605473,-41.96297,-29.81855,7.353096
58.229877472,0.4098516,0.3532237,-0.1194557,0.996181,-0.111684,-0.1547961,-41.95341,-30.20218,6.968122
58.239875317,0.593917200000002,0.4120765,-0.3631312,1.001998,-0.1101551,-0.1595924,-41.95341,-30.20218,6.968122
58.249872685,0.531696,0.5303941,-0.1799161,1.004251,-0.1003873,-0.1591203,-41.95341,-30.20218,6.968122
58.259870529,0.1620606,0.4110791,-0.1187193,0.9997946,-0.09656154,-0.1562421,-41.95341,-30.20218,6.968122
58.269868851,-0.3916714,0.3511732,0.003275573,0.9993632,-0.09945501,-0.1528905,-41.95341,-30.20218,6.968122
58.279865742,-0.637177100000002,0.4693436,-0.0577184400000002,0.9980107,-0.105335,-0.1552795,-42.34557,-29.44101,7.348288
58.289864063,-0.5134069,0.4093271,-0.1185975,1.001005,-0.1091984,-0.1591124,-42.34557,-29.44101,7.348288
58.299861431,0.2251149,0.290071,-0.1185252,0.9970728,-0.1073017,-0.155756,-42.34557,-29.44101,7.348288
58.309859276,0.5322857,0.1116682,-0.05746296,1.001466,-0.1076876,-0.1543278,-42.34557,-29.44101,7.348288
58.319856644,0.531733,0.2894732,0.00352253,1.006202,-0.1002523,-0.148595,-42.34557,-29.44101,7.348288
58.329854488,0.1005065,0.111183,0.0645463099999999,1.011136,-0.1036091,-0.1543457,-41.96297,-29.81855,7.353096
58.339851856,0.2849026,0.1111179,0.003513634,1.007093,-0.09592265,-0.1552978,-41.96297,-29.81855,7.353096
58.349849701,-0.02294746,-0.1263752,0.0642884999999997,1.007664,-0.100219,-0.148119,-41.96297,-29.81855,7.353096
58.359848023,-0.02276404,-0.1261232,0.1251785,1.008607,-0.09885225,-0.1600854,-41.96297,-29.81855,7.353096
58.369844914,-0.2072578,0.2300561,-0.05777609,1.005832,-0.1066426,-0.1557714,-41.96297,-29.81855,7.353096
58.379843235,0.285075,0.2299349,-0.1186551,1.001707,-0.09456244,-0.1543316,-41.58823,-29.81574,7.355877
58.389840603,0.2231644,0.4075914,-0.1794003,1.003194,-0.09604353,-0.1600767,-41.58823,-29.81574,7.355877
58.399838448,-0.02324881,0.5255791,-0.2400691,1.004169,-0.09599356,-0.1567284,-41.58823,-29.81574,7.355877
58.409835816,-0.3923803,0.643530500000002,-0.3616899,1.007644,-0.09930457,-0.1543407,-41.58823,-29.81574,7.355877
58.41983366,-0.3303349,0.939353500000003,-0.3612739,1.003369,-0.1052203,-0.1543317,-41.58823,-29.81574,7.355877
58.429831028,-0.2068922,1.116175,-0.2998302,1.008196,-0.1026689,-0.1514694,-42.33771,-29.82136,7.350316
58.439828873,-0.0836625200000002,1.174256,-0.2993962,1.009061,-0.09680739,-0.1500367,-42.33771,-29.82136,7.350316
58.449827194,-0.2681764,1.113559,-0.2990584,1.007599,-0.09684505,-0.1509913,-42.33771,-29.82136,7.350316
58.459824085,-0.3909447,1.230809,-0.4206434,1.00521,-0.0993088,-0.1495507,-42.33771,-29.82136,7.350316
58.469822407,-0.6980038,1.229282,-0.2983267,1.003793,-0.1018016,-0.1533762,-42.33771,-29.82136,7.350316
58.479819775,-0.2665491,1.287053,-0.4198169,1.009675,-0.103616,-0.1519503,-41.97083,-29.43819,7.351068
58.489817619,0.2259549,1.463493,-0.663115099999997,1.001349,-0.1013201,-0.1485863,-41.97083,-29.43819,7.351068
58.499814987,0.1026819,1.224432,-0.5404939,0.9970477,-0.1057741,-0.1480991,-41.97083,-29.43819,7.351068
58.509812832,0.2871526,1.222969,-0.296066,0.9997532,-0.09400107,-0.1418854,-41.97083,-29.43819,7.351068
58.5198102,-0.2667752,1.340044,-0.600394800000003,1.000202,-0.09210107,-0.1476295,-41.97083,-29.43819,7.351068
58.529808045,-0.696921500000002,1.516269,-0.5387273,0.9983908,-0.0994172,-0.1466674,-41.57867,-30.19936,6.970903
58.539806366,-1.065091,1.514364,-0.599078900000002,0.9969012,-0.09801952,-0.1500151,-41.57867,-30.19936,6.970903
58.549803257,-0.817658700000002,1.690482,-0.2936067,1.001872,-0.1033018,-0.1538511,-41.57867,-30.19936,6.970903
58.559801579,-1.062591,1.56984,-0.2931805,0.994467,-0.09802374,-0.1452252,-41.57867,-30.19936,6.970903
58.569798947,-0.876695000000001,1.686555,-0.2318415,0.999346,-0.09845276,-0.1495407,-41.57867,-30.19936,6.970903
58.579796791,-0.875535899999999,1.565806,-0.4143668,0.9979127,-0.09991698,-0.147145,-42.32984,-30.20172,7.352344
58.589794159,-0.689817199999998,1.504543,-0.4748363,0.9979767,-0.1033129,-0.1466656,-42.32984,-30.20172,7.352344
58.599792004,-0.5044476,1.443208,-0.4742973,0.9980136,-0.1052428,-0.1452295,-42.32984,-30.20172,7.352344
58.609789372,-0.2577004,1.263524,-0.5347106,0.9956036,-0.1068052,-0.1514464,-42.32984,-30.20172,7.352344
58.619787216,-0.1344842,1.202659,-0.5340964,0.9961361,-0.1092332,-0.1524038,-42.32984,-30.20172,7.352344
58.629785538,0.2961468,1.201037,-0.716356900000002,0.9967151,-0.1140593,-0.1500107,-41.95341,-30.20218,6.968122
58.639782429,0.787963400000001,1.140269,-0.6544481,0.9970644,-0.1067939,-0.1533632,-41.95341,-30.20218,6.968122
58.64978075,0.787070299999998,0.960966100000001,-0.592731999999998,0.9999951,-0.1072571,-0.1571968,-41.95341,-30.20218,6.968122
58.659778118,0.663073200000002,1.01913,-0.5310358,0.9964491,-0.1000161,-0.1547996,-41.95341,-30.20218,6.968122
58.669775963,0.231759,0.661922300000002,-0.652291199999998,0.9911911,-0.1054697,-0.1552676,-41.95341,-30.20218,6.968122
58.679773331,0.04700346,0.601607999999997,-0.4078378,1.00539,-0.1090767,-0.1552914,-41.5944,-29.43865,6.966847
58.689771175,0.3546299,0.600796499999999,-0.2855372,1.005795,-0.1046996,-0.1557719,-41.5944,-29.43865,6.966847
58.699768543,0.2926899,0.659450100000002,0.1415592,1.013553,-0.1025806,-0.153393,-41.5944,-29.43865,6.966847
58.709766388,0.04640189,0.3621023,0.2633421,1.009078,-0.09782282,-0.1548222,-41.5944,-29.43865,6.966847
58.719764709,-0.01497704,0.2430173,0.3849145,1.017916,-0.1016235,-0.1644081,-41.5944,-29.43865,6.966847
58.7297616,-0.3837518,0.00539583,0.5672476,1.013498,-0.09968802,-0.1557866,-42.32029,-30.58534,6.96737
58.739759922,-0.5676762,-0.05388873,0.6274292,1.010142,-0.1026875,-0.1576943,-42.32029,-30.58534,6.96737
58.74975729,-0.4439934,-0.1724699,0.5656513,1.002853,-0.1038297,-0.1605527,-42.32029,-30.58534,6.96737
58.759755135,-0.3203305,-0.2909207,0.4430376,1.002495,-0.1105873,-0.1548074,-42.32029,-30.58534,6.96737
58.769752502,0.2950369,-0.2313334,0.1377805,1.005842,-0.1070758,-0.1500284,-42.32029,-30.58534,6.96737
58.779750347,0.786603699999999,-0.1718023,-0.1671698,0.9990773,-0.1101382,-0.1514516,-41.58823,-29.81574,7.355877
58.789748192,0.908585400000001,-0.2902912,-0.2889588,1.000392,-0.1023591,-0.1538487,-41.58823,-29.81574,7.355877
58.79974556,0.661427300000001,-0.2306861,-0.3495857,0.9915755,-0.1001913,-0.1634054,-41.58823,-29.81574,7.355877
58.809743881,0.1685239,-0.1710067,-0.5319057,0.9960176,-0.1029139,-0.1519267,-41.58823,-29.81574,7.355877
58.819740772,-0.01615216,-0.2893662,-0.5921317,0.9971105,-0.1092052,-0.1514484,-41.95341,-30.20218,6.968122
58.829739094,-0.01613186,-0.2296503,-0.652263000000001,1.000953,-0.1062136,-0.1514558,-41.95341,-30.20218,6.968122
58.839736462,0.1684687,-0.525956,-0.590453899999997,1.001413,-0.104738,-0.1504999,-41.95341,-30.20218,6.968122
58.849734306,0.1067626,-0.5254072,-0.4677899,1.001376,-0.1027905,-0.1500217,-41.95341,-30.20218,6.968122
58.859731674,-0.0779518699999999,-0.643340199999999,-0.4063082,1.00712,-0.09736238,-0.1533832,-41.95341,-30.20218,6.968122
58.869729519,-0.1394645,-0.4050667,-0.3449802,1.003863,-0.1057579,-0.1610325,-42.32984,-30.20172,7.352344
58.879727364,-0.2007839,-0.938393699999999,-0.2226629,1.008627,-0.09976231,-0.1533852,-42.32984,-30.20172,7.352344
58.889724731,-0.262007,-0.877844,0.0822407700000002,1.00963,-0.1011696,-0.1500365,-42.32984,-30.20172,7.352344
58.899723053,-0.0772328200000002,-1.114058,0.1431465,1.00633,-0.107053,-0.1485935,-42.32984,-30.20172,7.352344
58.909719944,-0.01550598,-1.349863,0.2039758,1.008748,-0.1060114,-0.1462051,-42.32984,-30.20172,7.352344
58.919718266,0.107464,-1.288945,0.2646903,1.009621,-0.1006663,-0.1481223,-41.92365,-31.72033,7.363236
58.929715633,0.04579581,-1.346642,0.2034254,1.008042,-0.09435394,-0.1452498,-41.92365,-31.72033,7.363236
58.939713478,-0.2004333,-1.226283,0.386063,1.010567,-0.09921611,-0.1509958,-41.92365,-31.72033,7.363236
58.949710846,0.1687859,-0.750203100000002,0.2636557,1.000034,-0.1091255,-0.1490606,-41.92365,-31.72033,7.363236
58.959708691,0.3531929,-0.630593399999999,0.2024113,1.001981,-0.109144,-0.1552855,-41.92365,-31.72033,7.363236
58.969706535,0.660357500000003,-0.3332258,-0.1025819,1.001404,-0.104239,-0.1490642,-41.9551,-30.19891,7.355124
58.979703903,0.475025,-0.0954164800000001,-0.1024722,0.9955783,-0.1052821,-0.1442681,-41.9551,-30.19891,7.355124
58.989702225,0.3513618,0.02342673,-0.1023052,0.9998434,-0.0988938,-0.1457129,-41.9551,-30.19891,7.355124
58.999699116,0.04331238,0.1421766,-0.1021001,1.00373,-0.09834859,-0.1476341,-41.9551,-30.19891,7.355124
59.009697437,-0.141419,0.2607213,0.01987392,1.005065,-0.09149273,-0.1447667,-41.9551,-30.19891,7.355124
59.019694805,-0.5718194,0.2010228,0.2027038,1.008494,-0.09237494,-0.1423796,-41.58233,-30.19228,7.809407
59.02969265,-0.5711978,0.615994600000002,0.2634008,1.009106,-0.09925376,-0.1519504,-41.58233,-30.19228,7.809407
59.039690495,-0.4475685,0.4966093,0.3240024,1.012048,-0.1001412,-0.1490839,-41.58233,-30.19228,7.809407
59.049687862,-0.5701115,0.4960788,0.3236529,1.011993,-0.09723102,-0.1495631,-41.58233,-30.19228,7.809407
59.059685707,-0.2618451,0.792087100000001,0.0794973699999997,1.006395,-0.1104182,-0.1447642,-41.58233,-30.19228,7.809407
59.069683075,0.1075478,0.7317771,-0.1033233,1.013215,-0.1102791,-0.1442975,-41.96297,-29.81855,7.353096
59.079681397,0.845521600000001,0.9086912,-0.4688649,1.006907,-0.111958,-0.1548148,-41.96297,-29.81855,7.353096
59.089678288,1.213562,0.9667531,-0.834024000000001,1.00448,-0.1124919,-0.1548104,-41.96297,-29.81855,7.353096
59.099676609,1.150524,0.9061865,-0.711073100000001,1.006264,-0.1037272,-0.1567301,-41.96297,-29.81855,7.353096
59.109673977,0.779995699999998,1.023567,-0.892881499999997,1.005309,-0.1046917,-0.1538567,-41.96297,-29.81855,7.353096
59.119671822,0.6560075,1.022467,-0.830693600000002,1.003729,-0.09839687,-0.1528984,-41.95341,-30.20218,6.968122
59.129669666,0.101597,0.843331,-0.768698600000001,1.010604,-0.1011635,-0.151474,-41.95341,-30.20218,6.968122
59.139667034,0.04003285,0.605011500000002,-0.5239075,1.002719,-0.09645552,-0.1509829,-41.95341,-30.20218,6.968122
59.149664879,-0.3289462,0.4855468,-0.1575781,0.9992819,-0.09505682,-0.1500201,-41.95341,-30.20218,6.968122
59.159662247,-0.5129008,0.4849742,0.0864262199999998,0.9994553,-0.1042863,-0.150018,-41.95341,-30.20218,6.968122
59.169660568,-0.02006811,0.1283627,0.3910183,0.99905,-0.1086765,-0.1509733,-41.5725,-30.57645,7.359933
59.179657459,0.2259547,-0.1685417,0.573401100000002,0.9941161,-0.1053417,-0.1476155,-41.5725,-30.57645,7.359933
59.189655781,0.6561329,-0.1090149,0.755478300000001,0.9985446,-0.1077146,-0.1509727,-41.5725,-30.57645,7.359933
59.199653626,0.962743000000002,-0.1088034,0.754548499999998,0.9965501,-0.1053419,-0.1528841,-41.5725,-30.57645,7.359933
59.209650993,1.269142,-0.04923983,0.936493899999999,0.9970201,-0.1043256,-0.1490566,-41.5725,-30.57645,7.359933
59.219648838,1.083083,-0.2271605,0.935317599999999,0.9974868,-0.1034103,-0.1562363,-41.96127,-29.82182,6.966094
59.229646206,0.7125431,-0.2269684,0.690298100000002,1.00178,-0.09843975,-0.1533736,-41.96127,-29.82182,6.966094
59.239644051,-0.02655744,-0.582443399999998,1.176891,0.9977658,-0.09217553,-0.1504967,-41.96127,-29.82182,6.966094
59.249641419,-0.4572953,-0.7003233,1.297373,1.007177,-0.1002199,-0.147161,-41.96127,-29.82182,6.966094
59.25963974,-0.702737900000002,-0.877482099999998,1.356753,1.006319,-0.1066374,-0.1562508,-41.96127,-29.82182,6.966094
59.269636631,-0.5172555,-0.817064899999999,1.29425,1.008277,-0.1070584,-0.1533827,-41.57447,-30.57264,7.811435
59.279634953,-0.2090363,-0.8160759,1.414547,1.009315,-0.1104394,-0.1533836,-41.57447,-30.57264,7.811435
59.289632797,0.1601937,-0.933625099999999,1.473722,1.00245,-0.1081541,-0.1543294,-41.57447,-30.57264,7.811435
59.299630165,0.282885,-0.932284700000001,1.532746,1.005291,-0.1037158,-0.1533783,-41.57447,-30.57264,7.811435
59.30962801,0.03645474,-1.108854,1.530801,1.003296,-0.1013386,-0.1548112,-41.57447,-30.57264,7.811435
59.319625378,0.0980194999999999,-1.047997,1.529051,1.00336,-0.1047477,-0.1557676,-42.71245,-29.82418,7.347535
59.329623222,0.1594875,-1.283904,1.588139,0.9979294,-0.1009368,-0.1524091,-42.71245,-29.82418,7.347535
59.33962059,0.0977926800000001,-1.104271,1.708048,0.9974876,-0.103384,-0.1533648,-42.71245,-29.82418,7.347535
59.349618435,0.09774714,-1.162106,1.705941,0.9989203,-0.1019373,-0.1576749,-42.71245,-29.82418,7.347535
59.359616757,-0.3329343,-1.397869,1.88671,1.000418,-0.1038471,-0.1571984,-42.32984,-30.20172,7.352344
59.369614124,-0.578552399999998,-1.277372,1.823446,1.001421,-0.1052632,-0.1548069,-42.32984,-30.20172,7.352344
59.379611969,-0.885433899999999,-1.39423,1.82106,1.002846,-0.1032737,-0.1528956,-42.32984,-30.20172,7.352344
59.389609337,-0.822769199999998,-1.392329,1.818754,1.006905,-0.1119931,-0.1586434,-42.32984,-30.20172,7.352344
59.399607182,-1.006277,-1.331172,1.938353,1.004252,-0.1003435,-0.1543345,-42.32984,-30.20172,7.352344
59.40960455,-1.005129,-1.27011,1.874986,1.000391,-0.102403,-0.1586345,-42.32984,-30.20172,7.352344
59.419602394,-0.942372300000002,-1.50572,1.811641,1.000843,-0.1003845,-0.1514571,-42.32984,-30.20172,7.352344
59.429600716,-0.695094400000002,-1.741163,1.748414,1.006736,-0.1026495,-0.1462025,-42.32984,-30.20172,7.352344
59.439597607,-0.2637206,-1.679866,1.807265,1.000373,-0.1014008,-0.1552847,-42.32984,-30.20172,7.352344
59.449595928,-0.4479311,-1.49983,1.622217,1.003287,-0.1008529,-0.1548113,-42.32984,-30.20172,7.352344
59.459593296,-0.5089597,-1.675872,1.498334,0.9959449,-0.09901907,-0.1509704,-42.34754,-29.43719,7.799789
59.469591141,-0.5698923,-1.614452,1.435539,0.9953855,-0.09512065,-0.1485775,-42.34754,-29.43719,7.799789
59.479588509,-0.692243,-1.671814,1.372899,0.997507,-0.1043204,-0.149536,-42.34754,-29.43719,7.799789
59.489586353,-0.629878899999999,-1.373158,1.127387,0.9979044,-0.09940488,-0.1442736,-42.34754,-29.43719,7.799789
59.499583721,-0.875124000000002,-1.549341,0.943058699999997,0.9949068,-0.09563798,-0.1509694,-42.34754,-29.43719,7.799789
59.509581566,-1.181672,-1.428802,0.941855099999998,1.000798,-0.09794692,-0.1505005,-42.34557,-29.44101,7.348288
59.519579888,-1.118596,-1.308321,0.574924099999998,0.9993997,-0.1013981,-0.1528901,-42.34557,-29.44101,7.348288
59.529576779,-0.932572200000002,-1.069362,0.3304912,0.9941519,-0.1073023,-0.1495294,-42.34557,-29.44101,7.348288
59.5395751,-0.6240246,-0.771331099999998,-0.0356718,1.000979,-0.1076929,-0.1538484,-42.34557,-29.44101,7.348288
59.549572468,-0.1927595,-0.770362299999999,-0.584134000000002,1.000088,-0.1120488,-0.1500171,-42.34557,-29.44101,7.348288
59.559570313,0.05348028,-0.650708600000002,-0.8271877,1.004418,-0.1090345,-0.1485897,-41.59806,-29.43157,7.805351
59.56956768,0.4839138,-0.5312797,-1.008946,1.008801,-0.1089961,-0.1538617,-41.59806,-29.43157,7.805351
59.579565525,0.667847699999998,-0.3525926,-1.312398,1.007571,-0.09541848,-0.1543416,-41.59806,-29.43157,7.805351
59.58956337,0.1134417,-0.3520379,-1.188789,1.00962,-0.1007014,-0.1519509,-41.59806,-29.43157,7.805351
59.599560738,-0.2557069,-0.2329282,-1.126306,1.006111,-0.09540785,-0.1500319,-41.59806,-29.43157,7.805351
59.609559059,-0.624353200000002,-0.3512285,-1.003103,1.006201,-0.100283,-0.1519451,-41.96494,-29.81474,7.804598
59.61955595,-0.746635400000002,-0.2320827,-0.758017800000002,1.002523,-0.1120227,-0.1524142,-41.96494,-29.81474,7.804598
59.629554272,-0.5611752,-0.1131796,-0.8790072,1.002089,-0.1149995,-0.1581556,-41.96494,-29.81474,7.804598
59.639551639,0.1161053,0.124372,-0.877864799999999,1.001171,-0.1178807,-0.1524104,-41.96494,-29.81474,7.804598
59.649549484,0.853932999999998,0.3022915,-0.815753100000003,0.9995705,-0.1107065,-0.1615024,-41.96494,-29.81474,7.804598
59.659547329,1.098955,0.2425967,-0.875718500000002,0.9965684,-0.106309,-0.1524053,-42.34557,-29.44101,7.348288
59.669544697,0.789966199999998,0.598424899999999,-0.5699562,1.004225,-0.09887302,-0.1528992,-42.34557,-29.44101,7.348288
59.679542541,0.1738542,0.4197465,-0.5082695,0.9988664,-0.09899645,-0.1548041,-42.34557,-29.44101,7.348288
59.689539909,-0.0723231100000002,0.656554200000003,-0.385613,1.002368,-0.1037603,-0.1519375,-42.34557,-29.44101,7.348288
59.699538231,-0.1951828,0.774452999999997,-0.2023121,1.00604,-0.1178591,-0.1605546,-42.34557,-29.44101,7.348288
59.709535122,0.0510407,0.714221100000002,-0.01912661,1.00934,-0.1119801,-0.1624762,-41.96297,-29.81855,7.353096
59.719533443,0.1739657,0.594768399999998,-0.1410058,1.005353,-0.1071512,-0.1572062,-41.96297,-29.81855,7.353096
59.729531288,0.11233,0.4754285,0.04204527,1.006752,-0.1036869,-0.1533809,-41.96297,-29.81855,7.353096
59.739528656,-0.0722948099999999,0.593554700000001,-0.1409006,1.012606,-0.1040528,-0.1529124,-41.96297,-29.81855,7.353096
59.749526501,-0.2565525,0.5336991,-0.01895447,1.014151,-0.1083694,-0.1500425,-41.96297,-29.81855,7.353096
59.759523869,-0.1331444,0.4737696,-0.1407765,1.007357,-0.1100053,-0.154816,-41.95707,-30.19509,7.806626
59.769521713,0.2977361,0.769731200000001,-0.2015512,1.014168,-0.1093717,-0.1533924,-41.95707,-30.19509,7.806626
59.779519081,0.1744309,0.768708499999998,-0.2622496,1.006282,-0.1047075,-0.157687,-41.95707,-30.19509,7.806626
59.789517403,-0.3793553,0.648963699999999,-0.322891,1.005207,-0.09939659,-0.1591222,-41.95707,-30.19509,7.806626
59.799515247,-0.3789175,0.766797400000002,-0.3223705,1.003333,-0.1032729,-0.1538536,-41.95707,-30.19509,7.806626
59.809512615,-0.3169276,1.062466,-0.4437348,1.003542,-0.1144805,-0.1576797,-41.58823,-29.81574,7.355877
59.81951046,-0.1319879,1.001797,-0.4430434,0.9975839,-0.1088546,-0.1672423,-41.58823,-29.81574,7.355877
59.829507828,0.2987366,0.941074799999998,-0.5034961,0.9984228,-0.1015007,-0.1619813,-41.58823,-29.81574,7.355877
59.839505672,0.1140516,0.880540400000001,-0.3811135,0.9973491,-0.09615023,-0.1591094,-41.58823,-29.81574,7.355877
59.84950304,-0.3779517,0.9980646,-0.4415673,1.002284,-0.09946311,-0.1600743,-41.58823,-29.81574,7.355877
59.859500885,-0.5619027,0.996829600000002,-0.806607500000002,1.001538,-0.1116176,-0.1591127,-41.97083,-29.43819,7.351068
59.869499207,-0.1921715,0.876966099999997,-0.683786800000002,0.9986243,-0.1121655,-0.159586,-41.97083,-29.43819,7.351068
59.879496574,0.5461595,0.638622799999998,-0.6829662,1.00163,-0.116462,-0.1576759,-41.97083,-29.43819,7.351068
59.889494419,0.668559299999999,0.637764799999998,-0.682050900000001,1.000692,-0.1184156,-0.1567166,-41.97083,-29.43819,7.351068
59.899491787,0.667700199999998,0.458888,-0.864010799999999,0.9960348,-0.1039206,-0.155755,-42.33771,-29.82136,7.350316
59.909489632,0.29801,0.339812,-0.923858000000002,0.9979373,-0.101462,-0.1567161,-42.33771,-29.82136,7.350316
59.919486999,-0.0713704500000002,-0.01661722,-0.983687499999999,0.9954755,-0.1000178,-0.1528836,-42.33771,-29.82136,7.350316
59.929484844,-0.2558032,0.04286786,-0.677808799999998,1.00237,-0.1037165,-0.1471518,-42.33771,-29.82136,7.350316
59.939482689,-0.440043,-0.313002,-0.5549967,1.000833,-0.09992947,-0.1548073,-42.33771,-29.82136,7.350316
59.949480057,-0.5625567,-0.1939973,-0.3105507,1.005162,-0.09695022,-0.1572085,-41.9551,-30.19891,7.355124
59.959478378,-0.807982999999998,-0.07508617,-0.06644994,1.007173,-0.100334,-0.159604,-41.9551,-30.19891,7.355124
59.969475746,-0.3150502,-0.01563946,0.1773634,0.998992,-0.1058673,-0.1624597,-41.9551,-30.19891,7.355124
59.979473591,-0.2530826,0.04378847,0.2381688,1.000515,-0.1093134,-0.1705973,-41.9551,-30.19891,7.355124
59.989470959,0.362181,0.04390122,0.05511061,1.002465,-0.1092046,-0.1629435,-41.9551,-30.19891,7.355124
59.999468803,0.4846186,-0.07476544,-0.00594852900000001,0.9984967,-0.1053604,-0.159109,-41.95707,-30.19509,7.806626
60.009466648,0.237935,-0.0745969699999997,-0.00607511400000001,1.000696,-0.09265621,-0.1562446,-41.95707,-30.19509,7.806626
60.019464016,-0.56189,-0.4304497,-0.00606748499999999,1.001755,-0.09692103,-0.1466739,-41.95707,-30.19509,7.806626
60.029461861,-1.176304,-0.3114094,-0.1888955,1.005193,-0.098289,-0.1442866,-41.95707,-30.19509,7.806626
60.039459229,-1.051779,-0.2516845,-0.1277258,1.002911,-0.1066433,-0.1495448,-41.95707,-30.19509,7.806626
60.04945755,-0.804344600000001,-0.3106275,-0.2493154,1.004407,-0.1086233,-0.1567256,-41.58036,-30.19609,7.357904
60.059454918,-0.5572788,-0.4883131,-0.6146353,1.001934,-0.1067416,-0.1581575,-41.58036,-30.19609,7.357904
60.069452763,-0.0645834699999999,-0.5469402,-0.5528542,1.001842,-0.1019015,-0.1600729,-41.58036,-30.19609,7.357904
60.079450607,-0.002988443,-0.724142600000001,-0.856783899999997,1.005751,-0.1022225,-0.1505081,-41.58036,-30.19609,7.357904
60.089447975,0.2430323,-0.6638247,-0.977630000000002,1.004802,-0.1037649,-0.1576847,-41.58036,-30.19609,7.357904
60.09944582,0.3657355,-0.4849524,-0.915469600000001,1.004208,-0.09787955,-0.1505065,-42.33771,-29.82136,7.350316
60.109443188,0.672691099999999,-0.3656386,-0.7923591,1.00611,-0.09541225,-0.1505105,-42.33771,-29.82136,7.350316
60.119441032,0.4874977,-0.3652912,-0.7304506,0.9987391,-0.09218261,-0.1533699,-42.33771,-29.82136,7.350316
60.1294384,-0.2512042,-0.008867286,-0.607648999999999,1.00113,-0.08969251,-0.151939,-42.33771,-29.82136,7.350316
60.139436722,-0.4353724,0.2877752,-0.5460107,0.9954482,-0.09855609,-0.1524054,-42.33771,-29.82136,7.350316
60.149434567,-0.1887313,0.4654522,-0.850063899999999,1.00153,-0.1111011,-0.1557628,-42.70458,-30.20453,7.349563
60.159431934,0.303617,0.642775499999999,-0.5443147,1.002468,-0.1091169,-0.153372,-42.70458,-30.20453,7.349563
60.169429779,0.4261282,0.760598399999998,-0.665476699999997,1.005336,-0.1061533,-0.1543349,-42.70458,-30.20453,7.349563
60.179427147,0.732969300000001,0.937681400000002,-0.6646217,1.008657,-0.1011494,-0.1457277,-42.70458,-30.20453,7.349563
60.189424992,0.5474876,0.877207300000003,-0.785651899999998,1.012628,-0.104919,-0.1414264,-42.70458,-30.20453,7.349563
60.19942236,0.608275100000002,0.876180100000002,-0.723790000000002,1.013482,-0.09863311,-0.1466939,-41.97083,-29.43819,7.351068
60.209420204,0.4229694,0.756411999999997,-0.722900100000002,1.012498,-0.09817975,-0.148128,-41.97083,-29.43819,7.351068
60.219418526,0.2379544,1.170761,-0.661117000000003,1.015088,-0.1064071,-0.1500447,-41.97083,-29.43819,7.351068
60.229415894,0.2992274,1.169402,-0.599315900000001,1.017016,-0.1054761,-0.1586627,-41.97083,-29.43819,7.351068
60.239413738,0.1759396,1.108618,-0.781398899999999,1.014636,-0.1084081,-0.1553077,-41.97083,-29.43819,7.351068
60.249411106,0.1142434,1.107282,-0.7805132,1.012265,-0.1118477,-0.1543455,-41.95876,-30.19182,8.193628
60.259408951,-0.00898587000000001,1.046669,-0.596812099999997,1.011705,-0.1079537,-0.1524313,-41.95876,-30.19182,8.193628
60.269406319,0.1753545,0.926705400000002,-0.4132267,1.014701,-0.1117777,-0.1519569,-41.95876,-30.19182,8.193628
60.279404163,0.5440438,1.04419,-0.3516603,1.01027,-0.109475,-0.156257,-41.95876,-30.19182,8.193628
60.289402485,0.850775400000002,1.280214,-0.1684022,1.001402,-0.104318,-0.1576786,-41.95876,-30.19182,8.193628
60.299399376,0.2960816,1.278568,-0.1681907,0.9909257,-0.09140896,-0.1581422,-41.20561,-30.19328,7.360685
60.309397698,-0.5037197,1.336278,-0.1071044,0.9911097,-0.1010759,-0.1528757,-41.20561,-30.19328,7.360685
60.319395065,-0.8719772,1.334655,0.1367409,0.9940594,-0.1024842,-0.1538377,-41.20561,-30.19328,7.360685
60.32939291,-0.686205000000001,1.273403,0.319424,0.9868926,-0.1098228,-0.1437732,-41.20561,-30.19328,7.360685
60.339390278,-0.6852078,1.093783,0.3799744,0.9922736,-0.1113191,-0.1595752,-41.20561,-30.19328,7.360685
60.349388123,-0.0694207200000001,0.9737606,0.4403338,0.9971733,-0.1126406,-0.1552762,-41.9551,-30.19891,7.355124
60.359385967,0.4227391,0.735351700000001,0.622654699999998,0.9994349,-0.1033806,-0.1571968,-41.9551,-30.19891,7.355124
60.369383335,0.4221695,0.4971119,0.4999694,1.000905,-0.1038419,-0.1576778,-41.9551,-30.19891,7.355124
60.379381657,0.4831145,0.5557467,0.560293,1.003711,-0.09742974,-0.1533772,-41.9551,-30.19891,7.355124
60.389378548,0.3595958,0.1991767,0.5595893,0.998909,-0.1015218,-0.1653322,-41.9551,-30.19891,7.355124
60.399376869,0.35926,0.2583162,0.4979539,1.00674,-0.1032977,-0.1639097,-41.96297,-29.81855,7.353096
60.409374714,0.2974302,-0.03858362,0.1924747,1.008375,-0.1124676,-0.1605601,-41.96297,-29.81855,7.353096
60.419372082,0.2356006,-0.2757955,0.3750303,1.006272,-0.1042437,-0.16008,-41.96297,-29.81855,7.353096
60.429369927,0.2968186,-0.4533011,0.4355683,1.001844,-0.1018576,-0.1552871,-41.96297,-29.81855,7.353096
60.439367294,0.5424048,-0.6306584,0.4350978,1.00178,-0.09843975,-0.1533736,-41.96297,-29.81855,7.353096
60.449365139,0.3572591,-0.807886100000002,0.5564928,1.001174,-0.09214327,-0.1543313,-42.33771,-29.82136,7.350316
60.459362507,-0.0738062900000002,-0.688129299999999,0.616783700000003,0.9995307,-0.08245252,-0.1538523,-42.33771,-29.82136,7.350316
60.469360829,-0.6886401,-0.924581299999997,0.5550383,0.999088,-0.08493046,-0.1581581,-42.33771,-29.82136,7.350316
60.479358673,-1.118295,-0.864030300000002,0.615388499999999,0.997748,-0.09119083,-0.1490612,-42.33771,-29.82136,7.350316
60.489356041,-1.116774,-1.040816,0.4927697,1.003901,-0.1076614,-0.1567249,-42.34557,-29.44101,7.348288
60.499353886,-0.1313232,-0.980230599999998,0.2484592,1.000058,-0.110675,-0.1591104,-42.34557,-29.44101,7.348288
60.509351254,0.668406500000001,-1.216241,0.2481663,0.9999322,-0.103826,-0.1538475,-42.34557,-29.44101,7.348288
60.519349098,1.036554,-1.155398,-0.05680774,1.003197,-0.09595135,-0.1500266,-42.34557,-29.44101,7.348288
60.529346466,0.973853800000003,-0.975759600000002,-0.05664064,1.001193,-0.09309284,-0.1519382,-42.34557,-29.44101,7.348288
60.539344311,0.295997,-1.152367,-0.1783961,1.007572,-0.09537459,-0.1495559,-41.57697,-30.20263,6.583901
60.549342632,-0.1349528,-0.9729934,-0.1172779,1.004053,-0.08959527,-0.1476369,-41.57697,-30.20263,6.583901
60.55934,-1.05726,-1.209106,-0.2390146,1.003556,-0.08915862,-0.1519433,-41.57697,-30.20263,6.583901
60.569337845,-1.425035,-1.26694,-0.1168112,1.005172,-0.09738331,-0.1514655,-41.57697,-30.20263,6.583901
60.579335213,-1.115753,-1.146718,-0.2995193,1.010354,-0.1138074,-0.1519488,-41.57697,-30.20263,6.583901
60.589333058,-0.4994247,-0.907924500000002,-0.1163266,1.005031,-0.1158782,-0.1543319,-42.33771,-29.82136,7.350316
60.599330425,-0.0684126399999998,-0.847562200000001,-0.2990161,1.003883,-0.1066855,-0.1562466,-42.33771,-29.82136,7.350316
60.60932827,0.3621353,-0.727923299999998,-0.3595922,1.002286,-0.09940166,-0.1533742,-42.33771,-29.82136,7.350316
60.619326115,0.1156249,-0.4897487,-0.5420528,1.006055,-0.0925284,-0.1538611,-42.33771,-29.82136,7.350316
60.629323482,-0.130634,-0.4890404,-0.5414677,1.006607,-0.09588838,-0.1505112,-42.33771,-29.82136,7.350316
60.639321804,-0.4379235,-0.5477039,-0.4188844,1.007574,-0.09532631,-0.1442915,-41.21347,-29.81292,7.358657
60.649319172,-0.744923500000001,-0.4877568,-0.3575215,1.009227,-0.1054809,-0.1423775,-41.21347,-29.81292,7.358657
60.659317017,-0.682531999999998,-0.1905128,-0.05233362,1.006815,-0.1071004,-0.1548159,-41.21347,-29.81292,7.358657
60.669314861,-0.1896601,0.04711731,-0.2350461,1.005398,-0.1096107,-0.1605556,-41.21347,-29.81292,7.358657
60.679312229,0.05661441,0.04718858,-0.23477,1.008879,-0.1134734,-0.1653465,-41.21347,-29.81292,7.358657
60.689310074,0.3639968,-0.01224171,-0.4173682,1.00629,-0.1052153,-0.1600798,-41.9551,-30.19891,7.355124
60.699307442,0.670857999999999,-0.01231954,-0.4169206,1.003829,-0.1037446,-0.1533758,-41.9551,-30.19891,7.355124
60.709305286,0.5470842,0.04708561,-0.294532,1.004787,-0.1026968,-0.1471562,-41.9551,-30.19891,7.355124
60.719302654,0.1158963,-0.0715664300000003,-0.172278,0.9989972,-0.1057049,-0.1447525,-41.9551,-30.19891,7.355124
60.729300976,0.1773032,0.1063755,-0.05023502,1.000339,-0.09940504,-0.1495422,-41.9551,-30.19891,7.355124
60.73929882,0.05407204,0.04688952,0.3154611,0.9999058,-0.102338,-0.1504979,-41.58036,-30.19609,7.357904
60.749296188,-0.0690816600000002,0.2247759,0.619765499999999,0.9997944,-0.09657032,-0.1571992,-41.58036,-30.19609,7.357904
60.759294033,-0.3149732,0.1059566,0.801822800000001,1.002311,-0.100938,-0.1619882,-41.58036,-30.19609,7.357904
60.769291401,-0.3144809,-0.01278801,0.679046399999999,1.003911,-0.1081209,-0.1538534,-41.58036,-30.19609,7.357904
60.779289246,0.05493953,0.1058769,0.678155199999997,1.007819,-0.1084726,-0.1476386,-41.58036,-30.19609,7.357904
60.789286613,0.608476300000002,-0.01286764,0.7381976,1.000953,-0.1061917,-0.149063,-41.95707,-30.19509,7.806626
60.799284458,0.669187300000003,0.04644496,0.5544155,1.005868,-0.1085857,-0.155771,-41.95707,-30.19509,7.806626
60.80928278,0.975722999999998,0.2244064,0.5535851,1.008204,-0.1031854,-0.1548193,-41.95707,-30.19509,7.806626
60.819280148,0.728596599999999,-0.0724881300000002,0.4309483,1.007714,-0.1032828,-0.1643899,-41.95707,-30.19509,7.806626
60.829277992,0.5431976,0.04627037,0.3693788,1.002691,-0.09502018,-0.153376,-41.95707,-30.19509,7.806626
60.83927536,0.1734706,-0.0130842,0.4299048,1.002726,-0.09699834,-0.1572042,-41.9551,-30.19891,7.355124
60.849273205,-0.1342782,0.1056929,0.3684323,1.002771,-0.0994447,-0.159118,-41.9551,-30.19891,7.355124
60.859271049,-0.318574,0.04628231,0.4289211,0.9975059,-0.1043555,-0.1533646,-41.9551,-30.19891,7.355124
60.869268417,-0.0720409399999998,0.1648171,0.4893723,1.002864,-0.1042409,-0.1524168,-41.9551,-30.19891,7.355124
60.879266739,0.1742211,0.1053881,0.5497667,1.001373,-0.1029002,-0.1619861,-41.9551,-30.19891,7.355124
60.88926363,-0.0105008,0.0459407,0.4880862,1.004287,-0.1023392,-0.160077,-41.94555,-30.58253,6.97015
60.899261951,-0.1335541,-0.01337618,0.4264833,1.000979,-0.1077192,-0.1567198,-41.94555,-30.58253,6.97015
60.909259319,0.4201615,-0.191286,0.425871,1.001962,-0.1081945,-0.1576786,-41.94555,-30.58253,6.97015
60.919257164,0.6040403,-0.0131005,0.668989400000003,1.002467,-0.1091695,-0.1591149,-41.94555,-30.58253,6.97015
60.929255009,0.664776100000001,-0.3095477,0.911974699999998,1.002846,-0.1032825,-0.1538528,-41.94555,-30.58253,6.97015
60.939252377,0.110432,-0.724383099999998,0.9108101,0.9999223,-0.1033622,-0.1562405,-42.33601,-29.82463,6.963314
60.949250221,-0.5048651,-0.842178,1.092559,1.001889,-0.1042952,-0.1562437,-42.33601,-29.82463,6.963314
60.959247589,-0.4426978,-0.7818797,1.152177,0.999589,-0.1116737,-0.1610236,-42.33601,-29.82463,6.963314
60.969245911,-0.07309695,-0.602821800000003,1.394574,1.003199,-0.1222974,-0.1615057,-42.33601,-29.82463,6.963314
60.979242802,0.2344677,-0.839306399999998,1.453851,1.003064,-0.1149671,-0.1567216,-42.33601,-29.82463,6.963314
60.989241123,0.2341732,-0.838233500000001,1.756783,1.002943,-0.1087312,-0.1653374,-42.33968,-29.81755,7.801817
60.999238968,-0.1351657,-1.074422,1.937469,1.004434,-0.1100718,-0.1557681,-42.33968,-29.81755,7.801817
61.009236336,-0.5654773,-1.073017,1.813094,1.006408,-0.1115433,-0.1615141,-42.33968,-29.81755,7.801817
61.01923418,-0.6877948,-1.0718,2.115498,1.005451,-0.1125867,-0.167255,-42.33968,-29.81755,7.801817
61.029231548,-0.1333444,-1.011194,2.17385,1.003172,-0.1208401,-0.161506,-41.95707,-30.19509,7.806626
61.039229393,0.1743732,-1.06937,2.232052,0.9982898,-0.1205121,-0.1681977,-41.95707,-30.19509,7.806626
61.049227715,0.3587345,-1.127398,2.716727,1.002685,-0.1208454,-0.1610266,-41.95707,-30.19509,7.806626
61.059225082,0.358226,-1.244425,2.896209,0.9980841,-0.1092079,-0.1538429,-41.95707,-30.19509,7.806626
61.069222927,-0.1342965,-1.480104,3.258165,1.000454,-0.1058121,-0.1595909,-41.95707,-30.19509,7.806626
61.079220295,-0.749324900000003,-1.59695,3.802446,1.003532,-0.1140123,-0.1595941,-41.21347,-29.81292,7.358657
61.08921814,-0.748345000000002,-1.239016,4.163322,0.9996545,-0.1150213,-0.1552799,-41.21347,-29.81292,7.358657
61.099215984,-0.870413500000002,-1.593481,4.523764,0.9977223,-0.1160928,-0.1619763,-41.21347,-29.81292,7.358657
61.109213352,-1.115415,-1.532108,4.640005,0.9972008,-0.1140935,-0.1547973,-41.21347,-29.81292,7.358657
61.119211197,-1.114033,-1.589424,4.695071,1.00229,-0.1256819,-0.1576746,-41.21347,-29.81292,7.358657
61.129208565,-0.4359613,-1.527982,4.810962,1.001874,-0.1296478,-0.1653301,-42.3554,-29.05684,7.797761
61.139206886,-0.1280599,-1.645709,4.9299,0.9972728,-0.1180103,-0.1581465,-42.3554,-29.05684,7.797761
61.149204254,-0.0665266799999999,-1.764413,5.295725,1.00151,-0.1101779,-0.1610273,-42.3554,-29.05684,7.797761
61.159202099,-0.5587925,-1.764413,5.295725,1.005011,-0.1149681,-0.1610322,-42.3554,-29.05684,7.797761
61.169199944,-0.804925400000002,-1.586356,4.9299,1.005074,-0.1184123,-0.1658172,-42.3554,-29.05684,7.797761
61.179197311,-0.681858999999999,-1.527004,4.746988,1.000288,-0.1227795,-0.1548004,-42.34557,-29.44101,7.348288
61.189195156,-0.3126596,-1.408299,4.686017,0.9977509,-0.1175106,-0.1576688,-42.34557,-29.44101,7.348288
61.199192524,-0.2511264,-1.467651,4.320192,1.000162,-0.1159218,-0.1485805,-42.34557,-29.44101,7.348288
61.209190369,-0.3741928,-1.408299,4.320192,1.002422,-0.1067012,-0.1548083,-42.34557,-29.44101,7.348288
61.221687794,-0.5587925,-1.586356,3.893397,0.9985706,-0.1092158,-0.1557581,-42.34557,-29.44101,7.348288
61.229186058,-0.804925400000002,-1.289594,3.710485,1.004296,-0.1028425,-0.1619912,-41.97083,-29.43819,7.351068
61.239183903,-0.4972593,-1.111537,3.405631,0.9996069,-0.112654,-0.1619805,-41.97083,-29.43819,7.351068
61.249181271,-0.1280599,-0.577365899999998,3.222719,1.007466,-0.1158432,-0.1557719,-41.97083,-29.43819,7.351068
61.259179115,0.5488057,-0.4586612,2.734953,1.001458,-0.1071887,-0.1528922,-41.97083,-29.43819,7.351068
61.269176483,0.5488057,-0.102547,2.613011,1.003234,-0.09789001,-0.1495477,-41.97083,-29.43819,7.351068
61.281673908,0.118073,0.1348625,1.820391,0.9977849,-0.09312071,-0.1476251,-42.34754,-29.43719,7.799789
61.289172649,0.1796062,0.4316243,1.149713,1.001664,-0.09205025,-0.1452392,-42.34754,-29.43719,7.799789
61.29916954,0.1796062,0.550329,0.4790346,1.005588,-0.0934481,-0.14716,-42.34754,-29.43719,7.799789
61.309167862,0.05653978,0.787738499999997,-0.00873146199999999,1.002746,-0.09790842,-0.1505039,-42.34754,-29.43719,7.799789
61.321665287,0.1796062,0.847090899999998,-0.1916438,1.004234,-0.09936316,-0.1533776,-42.34754,-29.43719,7.799789
61.329163075,0.05653978,0.847090899999998,-0.374556,1.009088,-0.09826028,-0.1495578,-41.9728,-29.43438,7.80257
61.3416605,-0.4972593,0.728386199999999,-0.374556,0.9951141,-0.1068895,-0.1595813,-41.9728,-29.43438,7.80257
61.349158287,-0.8664587,0.787738499999997,-0.3135853,0.995315,-0.1175718,-0.1591003,-41.9728,-29.43438,7.80257
61.359156132,-0.4357261,0.787738499999997,-0.4964975,0.9977498,-0.1175457,-0.1614974,-41.9728,-29.43438,7.80257
61.3691535,-0.2511264,0.609681400000002,-0.4355267,0.9948532,-0.1191046,-0.1662777,-41.9728,-29.43438,7.80257
61.379151821,-0.3741928,0.787738499999997,-0.618438999999999,0.9958385,-0.1195097,-0.1595793,-42.72228,-29.44001,7.797009
61.389148712,-0.4972593,0.669033799999998,-0.679409800000002,0.9919766,-0.121578,-0.1648364,-42.72228,-29.44001,7.797009
61.399147034,-0.681858999999999,0.4316243,-0.801351299999998,0.9968567,-0.1219675,-0.1648448,-42.72228,-29.44001,7.797009
61.411644459,-0.743392200000001,0.4909767,-0.740380500000001,0.9959463,-0.1253915,-0.1653209,-42.72228,-29.44001,7.797009
61.42164135,-0.8664587,0.609681400000002,-0.801351299999998,0.992166,-0.1318448,-0.1720127,-42.72228,-29.44001,7.797009
61.431639671,-0.4357261,0.372272,-0.801351299999998,0.9962713,-0.1429842,-0.1768027,-42.73014,-29.05965,7.794981
61.441637516,0.5488057,0.1942149,-0.801351299999998,0.997788,-0.1458524,-0.1748903,-42.73014,-29.05965,7.794981
61.449135304,1.041071,-0.1618993,-0.8623221,1.002127,-0.1433281,-0.1739414,-42.73014,-29.05965,7.794981
61.461632729,1.164138,-0.636718299999999,-0.4964975,1.002497,-0.136951,-0.1682008,-42.73014,-29.05965,7.794981
61.471630097,1.041071,-0.755423100000001,-0.618438999999999,1.005763,-0.1290324,-0.1595941,-42.73014,-29.05965,7.794981
61.481627941,0.4257392,-0.636718299999999,-0.3135853,1.000411,-0.1297118,-0.1691561,-42.73014,-29.05965,7.794981
61.491625309,-0.2511264,-0.577365899999998,-0.2526145,0.9999503,-0.1312182,-0.1734622,-42.73014,-29.05965,7.794981
61.501623154,-0.620325700000001,-0.577365899999998,-0.1916438,0.9985247,-0.1332121,-0.175852,-42.73014,-29.05965,7.794981
61.511621475,-0.4972593,-0.577365899999998,0.2351516,0.9942398,-0.1386816,-0.1801503,-42.73014,-29.05965,7.794981
61.521618843,-0.4357261,-0.933480099999999,0.4790346,0.9984542,-0.129247,-0.1672386,-42.3613,-28.68029,7.344232
61.531616688,-0.3741928,-0.874127800000001,0.5400054,0.9984468,-0.1287086,-0.1614958,-42.3613,-28.68029,7.344232
61.541614056,-0.3126596,-0.9928325,0.783888500000002,0.9954994,-0.1272256,-0.1523981,-42.3613,-28.68029,7.344232
61.5516119,-0.3126596,-0.9928325,1.088742,0.9960316,-0.1296624,-0.1543127,-42.3613,-28.68029,7.344232
61.561609745,0.2411395,-0.636718299999999,1.332625,1.000837,-0.1262141,-0.1595863,-42.3613,-28.68029,7.344232
61.571607113,0.7949386,-0.755423100000001,1.210684,1.000312,-0.1243289,-0.1648502,-42.73014,-29.05965,7.794981
61.581605435,0.610338899999999,-1.111537,1.027771,1.005348,-0.1329632,-0.163421,-42.73014,-29.05965,7.794981
61.591602326,0.918004999999997,-0.9928325,0.783888500000002,1.009281,-0.1348293,-0.1634274,-42.73014,-29.05965,7.794981
61.601600647,1.348738,-0.933480099999999,0.844859200000001,1.004852,-0.1324695,-0.161506,-42.73014,-29.05965,7.794981
61.611598492,1.410271,-0.874127800000001,1.271655,1.012537,-0.1264645,-0.159128,-42.73014,-29.05965,7.794981
61.621595859,0.733405399999999,-0.6960707,1.271655,1.002503,-0.1111082,-0.1586359,-42.73604,-28.68311,7.341451
61.631593704,-0.3126596,-0.2806041,1.393596,0.9980986,-0.1102979,-0.1667642,-42.73604,-28.68311,7.341451
61.641591072,-0.804925400000002,0.01615777,0.966800699999998,0.9966483,-0.1107511,-0.1600615,-42.73604,-28.68311,7.341451
61.651588917,-0.989525099999998,-0.102547,0.844859200000001,1.000806,-0.09846339,-0.1538505,-42.73604,-28.68311,7.341451
61.661587238,-0.989525099999998,0.1942149,0.3570931,0.9932311,-0.11028,-0.1543128,-42.73604,-28.68311,7.341451
61.671584606,-0.3741928,0.1942149,-0.130673,1.003625,-0.1188041,-0.1524144,-42.34557,-29.44101,7.348288
61.681582451,0.4257392,0.3129196,-0.00873146199999999,1.006683,-0.1260986,-0.1595965,-42.34557,-29.44101,7.348288
61.691579819,1.102605,0.1942149,-0.1916438,1.004174,-0.1222738,-0.1610288,-42.34557,-29.44101,7.348288
61.701577663,1.59487,0.1348625,-0.4964975,1.00511,-0.1203598,-0.1662953,-42.34557,-29.44101,7.348288
61.711575031,1.717937,0.550329,-0.618438999999999,1.001546,-0.1121429,-0.1634197,-42.34557,-29.44101,7.348288
61.721572876,1.656404,0.4316243,-0.801351299999998,1.001833,-0.1014158,-0.160073,-42.72817,-29.06347,7.343479
61.731571197,0.5488057,0.728386199999999,-1.045234,1.005145,-0.0959348,-0.1524229,-42.72817,-29.06347,7.343479
61.741568088,-0.620325700000001,0.669033799999998,-1.228147,0.9984891,-0.1048264,-0.1538448,-42.72817,-29.06347,7.343479
61.75156641,-1.420258,0.787738499999997,-1.47203,0.9997999,-0.1228111,-0.1571925,-42.72817,-29.06347,7.343479
61.761563778,-1.543324,0.728386199999999,-1.533,0.9986085,-0.1375313,-0.1701082,-42.72817,-29.06347,7.343479
61.771561623,-1.112592,0.728386199999999,-1.228147,0.9963725,-0.1483012,-0.1739301,-42.72648,-29.06673,6.956477
61.781559467,-0.1280599,0.3129196,-0.8623221,1.002343,-0.1550742,-0.1835103,-42.72648,-29.06673,6.956477
61.791556835,0.733405399999999,0.372272,-0.5574683,1.00568,-0.1510944,-0.1806457,-42.72648,-29.06673,6.956477
61.80155468,1.041071,0.2535672,0.0522393,1.007426,-0.1404262,-0.1868729,-42.72648,-29.06673,6.956477
61.811552048,1.225671,0.0755101399999999,-0.0697022199999999,1.001961,-0.1346239,-0.1782505,-42.72648,-29.06673,6.956477
61.821550369,1.348738,-0.102547,-0.2526145,1.001862,-0.1292323,-0.1729874,-42.35343,-29.06065,7.34626
61.831548214,1.102605,-0.577365899999998,-0.2526145,0.9948685,-0.1201683,-0.1763276,-42.35343,-29.06065,7.34626
61.841545582,0.733405399999999,-0.636718299999999,-0.4355267,0.9938249,-0.1161873,-0.1638838,-42.35343,-29.06065,7.34626
61.851543426,0.4257392,-0.9928325,-0.0697022199999999,0.9932759,-0.1127352,-0.1571837,-42.35343,-29.06065,7.34626
61.861540794,-0.1895931,-0.755423100000001,0.2961223,0.9949061,-0.09565993,-0.1533623,-42.35343,-29.06065,7.34626
61.871538639,-1.297191,-0.636718299999999,0.1741808,0.9994205,-0.07664973,-0.1567251,-42.36785,-28.36333,7.342542
61.881536484,-3.266255,-0.3993088,-0.4964975,0.9967875,-0.06590576,-0.1452375,-42.36785,-28.36333,7.342542
61.891533852,-4.496919,-0.0431946,-1.228147,0.993547,-0.1009751,-0.1471371,-42.36785,-28.36333,7.342542
61.901532173,-3.512388,-0.3399565,-1.289117,0.986105,-0.1458419,-0.1485483,-42.36785,-28.36333,7.342542
61.911529541,-0.3741928,-0.4586612,-0.801351299999998,0.9942954,-0.167215,-0.1653072,-42.36785,-28.36333,7.342542
61.921527386,1.533337,-0.6960707,0.0522393,0.9961639,-0.1627345,-0.1576544,-42.72398,-29.43674,8.184011
61.931524754,2.517869,-0.8147754,0.600976199999997,1.002016,-0.1631706,-0.1648432,-42.72398,-29.43674,8.184011
61.941522598,2.887069,-0.5180135,1.210684,1.004819,-0.156855,-0.1710712,-42.72398,-29.43674,8.184011
61.951520443,3.256268,-0.636718299999999,1.393596,1.008954,-0.1437187,-0.1782604,-42.72398,-29.43674,8.184011
61.961517811,2.579402,-0.4586612,1.149713,1.009907,-0.1164038,-0.1691761,-42.72398,-29.43674,8.184011
61.971515656,0.610338899999999,-0.3993088,0.661947,1.004801,-0.1038,-0.1615133,-41.97869,-29.05784,7.34904
61.981513023,-1.112592,-0.3399565,0.0522393,1.009194,-0.1042167,-0.1634351,-41.97869,-29.05784,7.34904
61.991511345,-2.097123,-0.0431946,-0.618438999999999,1.001116,-0.1149837,-0.1543253,-41.97869,-29.05784,7.34904
62.00150919,-1.912524,0.2535672,-0.679409800000002,0.9943957,-0.1205013,-0.1586194,-41.97869,-29.05784,7.34904
62.011506557,-1.297191,0.2535672,-0.5574683,0.9916559,-0.1302611,-0.1571764,-42.72228,-29.44001,7.797009
62.021504402,-0.4972593,-0.102547,-0.2526145,0.9927394,-0.1360754,-0.1576553,-42.72228,-29.44001,7.797009
62.03150177,1.225671,-0.0431946,0.3570931,0.9897763,-0.1343174,-0.1715293,-42.72228,-29.44001,7.797009
62.041499615,2.025603,-0.2806041,0.844859200000001,0.9940324,-0.1274344,-0.1720171,-42.72228,-29.44001,7.797009
62.051497936,2.210203,-0.2806041,1.271655,0.9969848,-0.1287594,-0.1638861,-42.72228,-29.44001,7.797009
62.061494827,1.96407,-0.2806041,1.332625,1.001656,-0.1179369,-0.1595898,-42.36195,-28.73987,7.796072
62.071493149,1.287204,-0.102547,1.393596,1.004596,-0.1189033,-0.1653376,-42.36195,-28.73987,7.796072
62.081490517,0.4872724,0.0755101399999999,1.210684,1.003983,-0.1120552,-0.1591168,-42.36195,-28.73987,7.796072
62.091488361,-0.4357261,0.2535672,0.966800699999998,1.001623,-0.1159104,-0.1504973,-42.36195,-28.73987,7.796072
62.101486206,-1.358725,0.4316243,1.027771,1.00607,-0.1192242,-0.1505043,-42.36195,-28.73987,7.796072
62.111483574,-1.727924,0.4909767,0.844859200000001,1.005864,-0.1343494,-0.1567215,-42.3554,-29.05684,7.797761
62.121481419,-1.235658,0.669033799999998,0.600976199999997,1.003735,-0.1510407,-0.1705922,-42.3554,-29.05684,7.797761
62.131478786,0.05653978,0.372272,0.4180639,1.005161,-0.1490469,-0.1682023,-42.3554,-29.05684,7.797761
62.141477108,0.979538199999999,0.1942149,0.600976199999997,1.004518,-0.1407986,-0.1682033,-42.3554,-29.05684,7.797761
62.151474953,1.471804,-0.102547,0.722917699999999,1.004382,-0.133477,-0.1643763,-42.3554,-29.05684,7.797761
62.161472321,1.287204,-0.102547,0.966800699999998,1.004796,-0.1296208,-0.1686852,-42.72817,-29.06347,7.343479
62.171470165,0.979538199999999,-0.0431946,0.966800699999998,1.005174,-0.1237645,-0.1667731,-42.72817,-29.06347,7.343479
62.181467533,1.225671,0.3129196,0.844859200000001,1.006074,-0.1198855,-0.1696471,-42.72817,-29.06347,7.343479
62.191465378,0.7949386,0.1348625,0.722917699999999,0.9980603,-0.1084075,-0.1725076,-42.72817,-29.06347,7.343479
62.201463223,0.05653978,-0.1618993,0.3570931,0.9882538,-0.1052173,-0.1744056,-42.72817,-29.06347,7.343479
62.21146059,-0.4972593,-0.6960707,0.4790346,0.994099,-0.1051062,-0.1748944,-42.3613,-28.68029,7.344232
62.221458912,-1.112592,-0.9928325,0.4180639,0.9963259,-0.09384602,-0.170594,-42.3613,-28.68029,7.344232
62.23145628,-1.912524,-0.755423100000001,0.1132101,0.9975253,-0.07964668,-0.1615068,-42.3613,-28.68029,7.344232
62.241454125,-3.143188,-0.577365899999998,-0.801351299999998,0.9906473,-0.0762143,-0.1433098,-42.3613,-28.68029,7.344232
62.251451492,-4.373853,-0.1618993,-1.47203,0.9921511,-0.104356,-0.1418694,-42.3613,-28.68029,7.344232
62.261449337,-3.266255,-0.1618993,-1.47203,0.992382,-0.1428242,-0.1509529,-42.36195,-28.73987,7.796072
62.271447182,-0.5587925,-0.102547,-0.740380500000001,0.9964879,-0.153946,-0.1538286,-42.36195,-28.73987,7.796072
62.28144455,1.410271,-0.102547,-0.00873146199999999,1.000401,-0.1548889,-0.1590996,-42.36195,-28.73987,7.796072
62.291442394,1.77947,0.1942149,0.2961223,1.000284,-0.1485432,-0.155751,-42.36195,-28.73987,7.796072
62.301439762,1.902537,0.2535672,0.600976199999997,1.00442,-0.1353981,-0.161983,-42.36195,-28.73987,7.796072
62.311438084,2.087137,0.4316243,0.661947,1.010707,-0.1328442,-0.1619947,-42.73014,-29.05965,7.794981
62.321435928,2.025603,0.847090899999998,0.3570931,1.000315,-0.1242543,-0.1567144,-42.73014,-29.05965,7.794981
62.331433296,1.287204,1.0845,-0.1916438,1.003459,-0.1101174,-0.1586379,-42.73014,-29.05965,7.794981
62.341431141,0.2411395,1.381262,-0.1916438,0.9978237,-0.1214054,-0.1586251,-42.73014,-29.05965,7.794981
62.351428509,-0.3126596,1.32191,-0.4355267,0.9974343,-0.1268418,-0.167716,-42.73014,-29.05965,7.794981
62.361426354,-0.620325700000001,1.32191,-0.2526145,1.000347,-0.1263115,-0.1691569,-42.7397,-28.67603,8.179955
62.371424675,-0.4972593,1.678024,-0.2526145,0.9956505,-0.1356109,-0.1662749,-42.7397,-28.67603,8.179955
62.381421566,-0.0665266799999999,1.440615,-0.00873146199999999,0.9878997,-0.138277,-0.1753536,-42.7397,-28.67603,8.179955
62.391419888,0.610338899999999,1.025148,0.1741808,0.9897499,-0.1328293,-0.1681796,-42.7397,-28.67603,8.179955
62.401417255,0.856471800000002,0.609681400000002,0.600976199999997,0.9896603,-0.127919,-0.1624378,-42.7397,-28.67603,8.179955
62.4114151,0.918004999999997,0.372272,0.661947,1.001714,-0.1207768,-0.1514534,-42.35343,-29.06065,7.34626
62.421412945,0.2411395,0.669033799999998,0.4790346,1.007911,-0.1133039,-0.1447661,-42.35343,-29.06065,7.34626
62.431410313,-0.3126596,1.32191,0.2351516,1.01861,-0.1121031,-0.1428707,-42.35343,-29.06065,7.34626
62.441408157,-0.989525099999998,2.152843,-0.5574683,1.027562,-0.1215924,-0.137141,-42.35343,-29.06065,7.34626
62.451405525,-0.620325700000001,3.161834,-1.167176,1.03259,-0.129697,-0.1309262,-42.35343,-29.06065,7.34626
62.461403847,0.4872724,4.170824,-1.654942,1.028648,-0.1273277,-0.1290056,-42.72817,-29.06347,7.343479
62.471401692,1.102605,5.061109,-2.32562,1.033071,-0.1290963,-0.1194413,-42.72817,-29.06347,7.343479
62.481399059,1.902537,6.12945199999997,-3.11824,1.030295,-0.1368999,-0.116563,-42.72817,-29.06347,7.343479
62.491396904,3.317801,7.55390800000001,-3.423094,1.031344,-0.1407097,-0.1103424,-42.72817,-29.06347,7.343479
62.501394272,5.102265,9.03771800000001,-3.545036,1.031402,-0.1435409,-0.1012488,-42.72817,-29.06347,7.343479
62.511392117,6.76366200000002,10.28412,-3.484065,1.036482,-0.128236,-0.08594718,-43.10292,-29.06628,7.340698
62.521389961,7.68665999999998,12.83627,-2.813386,1.042212,-0.1216827,-0.07255872,-43.10292,-29.06628,7.340698
62.531387329,7.68665999999998,15.21036,-1.837854,1.037171,-0.1124573,-0.06250222,-43.10292,-29.06628,7.340698
62.541385651,7.37899399999997,17.4064,-0.8623221,1.040196,-0.1176771,-0.05532751,-43.10292,-29.06628,7.340698
62.551383019,7.009795,20.25531,0.2961223,1.042951,-0.1346262,-0.05484937,-43.10292,-29.06628,7.340698
62.561380863,7.563594,22.92617,1.149713,1.034506,-0.1516826,-0.0419087,-42.35343,-29.06065,7.34626
62.571378708,9.163459,25.71573,2.247187,1.038643,-0.1641608,-0.03377691,-42.35343,-29.06065,7.34626
62.581376076,11.19406,28.50529,3.527573,1.04744,-0.1653877,-0.02757044,-42.35343,-29.06065,7.34626
62.591373921,12.85545,31.65097,4.9299,1.061033,-0.1619228,0.003033838,-42.35343,-29.06065,7.34626
62.601371288,14.45532,35.68693,6.14931499999999,1.077563,-0.1594858,0.02119028,-42.35174,-29.06392,6.959258
62.611369133,14.82452,40.07901,7.55164299999999,1.083448,-0.1612211,0.03123057,-42.35174,-29.06392,6.959258
62.621367454,15.56291,44.35238,8.95397000000002,1.086989,-0.1678447,0.04319051,-42.35174,-29.06392,6.959258
62.631364822,15.80905,48.8038,10.47824,1.087365,-0.1877038,0.04941645,-42.35174,-29.06392,6.959258
62.641362667,17.28584,53.19588,12.00251,1.086005,-0.1930498,0.05229165,-42.35174,-29.06392,6.959258
62.651360035,18.63958,57.6473099999999,13.22192,1.089648,-0.2049684,0.06951711,-42.72598,-28.76339,5.342279
62.66135788,20.48557,61.9206700000002,14.38037,1.092189,-0.2101013,0.08722132,-42.72598,-28.76339,5.342279
62.671355724,21.77777,66.78757,15.66075,1.100319,-0.2015481,0.1015622,-42.72598,-28.76339,5.342279
62.681353092,22.27004,71.95123,16.75823,1.104726,-0.2022881,0.1173478,-42.72598,-28.76339,5.342279
62.691351414,22.70077,77.2929400000002,18.16055,1.112856,-0.1937261,0.1326458,-42.72598,-28.76339,5.342279
62.701348305,21.96237,82.3972399999999,19.19706,1.110441,-0.1946712,0.1407861,-42.35374,-28.39058,4.117526
62.711346626,21.03937,87.20478,20.3555,1.107721,-0.2053542,0.1474936,-42.35374,-28.39058,4.117526
62.721344471,20.67017,91.8342699999998,21.45298,1.114275,-0.2168215,0.1546638,-42.35374,-28.39058,4.117526
62.731341839,21.53164,96.22634,22.61142,1.115597,-0.2352305,0.1580162,-42.35374,-28.39058,4.117526
62.741339683,23.00843,100.1436,24.07472,1.122718,-0.2511083,0.1599222,-42.35374,-28.39058,4.117526
62.751337051,24.9775,104.1796,25.47705,1.135836,-0.2488001,0.1713846,-42.7259,-28.03319,1.726206
62.761334896,26.14663,107.622,26.75743,1.143442,-0.2383441,0.1823759,-42.7259,-28.03319,1.726206
62.771333218,26.0851,110.7083,27.79394,1.140908,-0.2329787,0.1900361,-42.7259,-28.03319,1.726206
62.781330585,25.7159,113.2605,29.01335,1.138356,-0.2266329,0.1986533,-42.7259,-28.03319,1.726206
62.79132843,24.85443,115.4565,29.92791,1.138845,-0.226575,0.2039168,-42.7259,-28.03319,1.726206
62.801325798,23.8699,117.4151,30.84247,1.131307,-0.2403171,0.2053692,-43.48656,-26.92172,-1.123453
62.811323643,24.4237,118.8989,31.63509,1.128163,-0.254454,0.2072926,-43.48656,-26.92172,-1.123453
62.821321487,26.02356,120.1453,32.54965,1.1184,-0.2537452,0.1996522,-43.48656,-26.92172,-1.123453
62.831318855,27.06963,120.5015,32.97645,1.103102,-0.2432471,0.2116406,-43.48656,-26.92172,-1.123453
62.8413167,26.70043,120.9169,33.22033,1.086692,-0.2255432,0.216929,-43.48656,-26.92172,-1.123453
62.851314068,25.10056,120.6795,32.97645,1.06435,-0.2293379,0.2222333,-42.74459,-25.80608,-4.800494
62.861312389,24.11603,119.8486,33.22033,1.060493,-0.2312658,0.2322906,-42.74459,-25.80608,-4.800494
62.871310234,24.11603,118.8396,33.2813,1.040074,-0.2335253,0.2418983,-42.74459,-25.80608,-4.800494
62.881307602,24.48523,117.059,33.2813,1.017797,-0.240694,0.2500747,-42.74459,-25.80608,-4.800494
62.891305447,25.03903,115.5752,33.34227,1.012279,-0.2319113,0.2658751,-42.74459,-25.80608,-4.800494
62.901302814,25.10056,114.2101,32.91548,0.9979831,-0.2228468,0.2783407,-43.14285,-23.93762,-8.425432
62.911300659,24.6083,112.1921,32.36674,0.991675,-0.2237547,0.2989307,-43.14285,-23.93762,-8.425432
62.921298981,25.1621,110.5303,31.75703,0.9820725,-0.2311458,0.3085208,-43.14285,-23.93762,-8.425432
62.931295872,26.39276,108.8684,31.33024,0.9596491,-0.2305599,0.3147812,-43.14285,-23.93762,-8.425432
62.941294193,26.94656,107.0878,30.7815,0.9386601,-0.2284747,0.3224745,-43.14285,-23.93762,-8.425432
62.951291561,27.25423,105.7227,30.41568,0.9287221,-0.2178268,0.3392393,-42.39131,-23.20561,-12.48745
62.961289406,25.96203,104.2389,29.80597,0.9067833,-0.2165393,0.3679918,-42.39131,-23.20561,-12.48745
62.971287251,25.83896,102.6957,29.3182,0.8951722,-0.2204545,0.3900275,-42.39131,-23.20561,-12.48745
62.981284618,24.66983,101.7461,28.7085,0.8820871,-0.2240224,0.4001013,-42.39131,-23.20561,-12.48745
62.991282463,24.66983,100.4997,27.61102,0.8824046,-0.2403101,0.4249909,-42.39131,-23.20561,-12.48745
63.001279831,25.28516,99.0752600000002,26.94034,0.8819135,-0.2396715,0.442699,-40.90182,-22.08053,-15.70742
63.011278152,25.1621,97.5320999999999,26.08675,0.869559,-0.2300213,0.461861,-40.90182,-22.08053,-15.70742
63.021275997,22.70077,95.5141099999999,25.65996,0.8772581,-0.1979277,0.500604,-40.90182,-22.08053,-15.70742
63.031273365,17.77811,93.1993700000001,24.56248,0.8451492,-0.2260327,0.5255532,-40.90182,-22.08053,-15.70742
63.04127121,18.33191,91.1220399999998,23.52598,0.8359444,-0.2805566,0.5346762,-40.90182,-22.08053,-15.70742
63.051268578,22.63923,89.9943500000001,22.12366,0.8325843,-0.28293,0.5480828,-40.54809,-20.57645,-18.09926
63.061266422,26.8235,89.9943500000001,21.02618,0.8116896,-0.2856058,0.5663058,-40.54809,-20.57645,-18.09926
63.071264744,29.71556,89.6975800000003,20.17259,0.8072927,-0.2589088,0.572528,-40.54809,-20.57645,-18.09926
63.081261635,30.14629,89.7569400000001,19.74579,0.7890632,-0.2223462,0.5715933,-40.54809,-20.57645,-18.09926
63.091259956,26.0851,88.5105399999999,19.01415,0.7717767,-0.2092954,0.6012918,-40.54809,-20.57645,-18.09926
63.101257801,22.3931,86.7299700000002,18.2825,0.7521193,-0.2260873,0.6142519,-38.67938,-19.82238,-20.54043
63.111255169,21.90084,84.4152200000001,17.48988,0.7564582,-0.2756115,0.6094713,-38.67938,-19.82238,-20.54043
63.121253014,25.46976,83.9404000000001,17.24599,0.7449806,-0.2612732,0.6080519,-38.67938,-19.82238,-20.54043
63.131250382,26.94656,83.64364,16.63629,0.7270365,-0.2396902,0.6157349,-38.67938,-19.82238,-20.54043
63.141248226,27.06963,83.7029999999998,15.90464,0.703482,-0.2052774,0.6038026,-36.85741,-19.82949,-22.978
63.151245594,22.3931,82.93141,15.17299,0.6809697,-0.1733473,0.6368554,-36.85741,-19.82949,-22.978
63.161243916,18.08578,80.6166700000002,14.80716,0.6621355,-0.2081467,0.6450331,-36.85741,-19.82949,-22.978
63.17124176,19.43951,78.47998,14.3194,0.6595337,-0.2515742,0.63117,-36.85741,-19.82949,-22.978
63.181239128,22.51617,76.8181200000002,13.52678,0.6474067,-0.2540855,0.6484206,-36.85741,-19.82949,-22.978
63.191236973,24.7929,74.9188400000001,12.73416,0.6390567,-0.2245993,0.6493846,-35.348,-19.8384,-25.35339
63.201234818,23.62377,72.4854000000001,11.88057,0.6212058,-0.207808,0.6642473,-35.348,-19.8384,-25.35339
63.211232185,23.06997,70.1706500000001,11.08795,0.6049755,-0.1998852,0.6623593,-35.348,-19.8384,-25.35339
63.22123003,22.3931,68.0933200000003,10.60018,0.5870172,-0.2036197,0.6647844,-35.348,-19.8384,-25.35339
63.231227398,20.05484,65.60052,10.11241,0.5701625,-0.2140785,0.6734309,-35.348,-19.8384,-25.35339
63.24122572,18.76264,61.9800299999999,10.23436,0.5545381,-0.2124566,0.672022,-33.4574,-20.22213,-27.40147
63.251223564,17.71658,58.00342,9.868532,0.5459179,-0.2203493,0.6777819,-33.4574,-20.22213,-27.40147
63.261220932,17.53198,54.73904,9.44173599999998,0.5349852,-0.2088194,0.686891,-33.4574,-20.22213,-27.40147
63.271218777,17.16278,52.30559,8.40523300000003,0.5258132,-0.2133434,0.6902581,-33.4574,-20.22213,-27.40147
63.281216145,17.65504,51.41531,8.34426300000002,0.5173537,-0.2044487,0.6716061,-33.4574,-20.22213,-27.40147
63.291213989,15.56291,50.22826,8.71008699999998,0.4933205,-0.1697778,0.6888678,-32.34551,-19.45952,-28.17119
63.301212311,10.27106,46.48906,8.28329199999999,0.4761468,-0.1888715,0.7104386,-32.34551,-19.45952,-28.17119
63.311209202,11.07099,42.98727,7.06387699999997,0.4897674,-0.2396964,0.7027707,-32.34551,-19.45952,-28.17119
63.321207523,15.37831,41.088,6.02737400000002,0.4875622,-0.2774592,0.7228845,-32.34551,-19.45952,-28.17119
63.331204891,20.11637,40.25706,5.90543200000001,0.4929909,-0.2292569,0.721427,-32.34551,-19.45952,-28.17119
63.341202736,19.50104,39.66354,6.02737400000002,0.4698825,-0.1658489,0.743944,-31.20637,-19.84506,-29.77332
63.351200581,13.28619,38.17973,6.45416900000001,0.4451458,-0.1458711,0.7502034,-31.20637,-19.84506,-29.77332
63.361197949,7.74819400000003,35.56823,6.57611100000001,0.4473405,-0.1845934,0.762174,-31.20637,-19.84506,-29.77332
63.371195793,5.348398,32.42255,6.63708199999998,0.4462203,-0.2281265,0.7865945,-31.20637,-19.84506,-29.77332
63.381193161,6.94826199999999,30.76068,6.63708199999998,0.4542138,-0.23869,0.7832332,-31.20637,-19.84506,-29.77332
63.391191483,7.99432700000002,29.81105,6.69805199999999,0.4419299,-0.2073553,0.7822894,-29.69586,-20.22124,-30.59868
63.401189327,5.163798,28.20853,6.57611100000001,0.417581,-0.1819893,0.7923754,-29.69586,-20.22124,-30.59868
63.411186695,1.410271,25.30027,6.14931499999999,0.4071293,-0.1962837,0.7928759,-29.69586,-20.22124,-30.59868
63.42118454,0.5488057,23.04488,6.33222799999997,0.4279959,-0.2178178,0.7842307,-29.69586,-20.22124,-30.59868
63.431181908,0.610338899999999,22.15459,6.51513999999998,0.4385842,-0.2108186,0.7827747,-29.69586,-20.22124,-30.59868
63.441179752,-0.927991900000002,21.67977,6.94193500000003,0.4234499,-0.1834496,0.779444,-28.57781,-19.83572,-30.97937
63.451177597,-5.542984,19.95855,7.06387699999997,0.4092585,-0.1803723,0.7746823,-28.57781,-19.83572,-30.97937
63.461174965,-7.45051400000001,16.63482,6.81999300000002,0.3991251,-0.2117035,0.7713579,-28.57781,-19.83572,-30.97937
63.471173287,-5.91218399999998,13.25174,6.08834499999999,0.395195,-0.2361484,0.7637139,-28.57781,-19.83572,-30.97937
63.481170654,-3.512388,10.58088,4.807959,0.4076932,-0.226458,0.7866612,-28.57781,-19.83572,-30.97937
63.491168499,-0.5587925,8.32549000000002,3.771456,0.410352,-0.2122912,0.7890459,-27.83252,-19.45682,-31.81434
63.501166344,0.7949386,6.60427000000001,2.856894,0.4017397,-0.1950596,0.7790062,-27.83252,-19.45682,-31.81434
63.511163712,0.610338899999999,4.764347,2.186216,0.390244,-0.1797454,0.7780653,-27.83252,-19.45682,-31.81434
63.521161556,0.7949386,2.449605,1.576508,0.3938159,-0.1884876,0.7708826,-27.83252,-19.45682,-31.81434
63.531159878,1.902537,1.0845,1.210684,0.4002391,-0.1932332,0.769437,-27.83252,-19.45682,-31.81434
63.541156769,1.533337,-0.636718299999999,0.661947,0.4011894,-0.191647,0.7813993,-28.20923,-19.45582,-31.36562
63.55115509,1.410271,-1.705061,0.2961223,0.4098544,-0.1862137,0.7722899,-28.20923,-19.45582,-31.36562
63.561152458,-0.4357261,-3.070165,-0.130673,0.3989135,-0.1741673,0.7847487,-28.20923,-19.45582,-31.36562
63.571150303,-3.820054,-6.15648800000002,-0.374556,0.3909891,-0.1932581,0.7866818,-28.20923,-19.45582,-31.36562
63.581148148,-4.373853,-9.77698199999999,-1.167176,0.3944086,-0.2200708,0.7699326,-28.20923,-19.45582,-31.36562
63.591145516,-3.820054,-13.51618,-2.020767,0.3883586,-0.2088558,0.787169,-28.1994,-19.83999,-31.81509
63.60114336,-4.435386,-17.67085,-2.996299,0.3896832,-0.2015361,0.7876433,-28.1994,-19.83999,-31.81509
63.611140728,-4.12772,-21.29134,-4.215714,0.4011777,-0.1912446,0.7723063,-28.1994,-19.83999,-31.81509
63.621139049,-3.635454,-24.02155,-5.008334,0.4008616,-0.1749131,0.7522025,-28.1994,-19.83999,-31.81509
63.631136894,-3.635454,-26.27694,-5.80095399999999,0.3991824,-0.1640196,0.7249237,-28.1994,-19.83999,-31.81509
63.641134262,-3.94312,-28.41363,-6.715515,0.4108527,-0.1628829,0.7177244,-27.84038,-19.07647,-31.81637
63.651132107,-3.081655,-29.83808,-7.26425199999999,0.4288566,-0.1879936,0.6961636,-27.84038,-19.07647,-31.81637
63.661129475,-1.727924,-30.78772,-7.75201800000001,0.4368626,-0.1732923,0.6923172,-27.84038,-19.07647,-31.81637
63.671127319,-4.189253,-33.04311,-7.93493099999999,0.4179277,-0.1507043,0.7057445,-27.84038,-19.07647,-31.81637
63.681125164,-9.111911,-37.7913,-8.42269599999998,0.4212517,-0.17202,0.7057442,-27.84038,-19.07647,-31.81637
63.691122532,-11.63477,-43.42978,-8.72755100000002,0.4348305,-0.1946524,0.6990263,-28.58736,-19.4521,-30.59439
63.701120853,-16.24977,-49.72113,-8.72755100000002,0.4483076,-0.185569,0.7066577,-28.58736,-19.4521,-30.59439
63.711118221,-21.11089,-55.30025,-8.849492,0.4615779,-0.1403424,0.6817369,-28.58736,-19.4521,-30.59439
63.721116066,-29.23328,-59.9297299999999,-8.849492,0.4629991,-0.1128393,0.65732,-28.58736,-19.4521,-30.59439
63.731113911,-38.83246,-64.6185800000002,-8.42269599999998,0.469007,-0.09587499,0.6395979,-29.71328,-19.45726,-30.21573
63.741111278,-47.93938,-69.6041699999999,-9.03240400000001,0.4922048,-0.1634265,0.6419677,-29.71328,-19.45726,-30.21573
63.751109123,-45.90878,-71.1473399999999,-9.94696500000001,0.5335742,-0.2398573,0.5907077,-29.71328,-19.45726,-30.21573
63.761107445,-37.6018,-69.1887100000002,-10.86153,0.550554,-0.2619278,0.5849409,-29.71328,-19.45726,-30.21573
63.771104336,-32.43301,-67.0520200000001,-11.34929,0.537874,-0.2090484,0.6026566,-29.71328,-19.45726,-30.21573
63.781102657,-33.29447,-68.3577699999998,-12.26385,0.5497158,-0.190782,0.6083742,-31.22548,-19.07781,-29.00338
63.791100025,-32.06381,-70.3164100000002,-13.36133,0.5703463,-0.2252963,0.6155257,-31.22548,-19.07781,-29.00338
63.80109787,-31.38694,-73.4027300000002,-15.06851,0.6020032,-0.2753482,0.6532909,-31.22548,-19.07781,-29.00338
63.811095715,-25.78742,-76.90452,-16.89763,0.6343661,-0.3114035,0.6790869,-31.22548,-19.07781,-29.00338
63.821093082,-20.43403,-80.46566,-19.33646,0.6541855,-0.3282997,0.7015498,-31.22548,-19.07781,-29.00338
63.831090927,-13.66537,-83.0178099999998,-20.61685,0.6691765,-0.2965226,0.6900297,-33.12196,-18.31754,-27.40883
63.841088295,-12.37317,-84.73903,-21.65335,0.6836099,-0.260019,0.7182311,-33.12196,-18.31754,-27.40883
63.851086616,-14.34224,-85.6293100000003,-22.26306,0.7099932,-0.2375426,0.7277508,-33.12196,-18.31754,-27.40883
63.861084461,-15.3883,-84.1455099999998,-22.87277,0.7257125,-0.2446747,0.7109751,-33.12196,-18.31754,-27.40883
63.871081829,-18.03423,-83.1365099999999,-22.8118,0.7449678,-0.2578217,0.7195593,-33.12196,-18.31754,-27.40883
63.881079674,-18.77263,-83.7300399999998,-22.14112,0.7397921,-0.2684094,0.6889422,-35.37945,-18.31698,-25.3615
63.891077518,-19.01876,-85.3325500000002,-21.65335,0.7397701,-0.2683275,0.6449132,-35.37945,-18.31698,-25.3615
63.901074886,-21.29549,-90.1400900000003,-22.385,0.7554938,-0.2760989,0.6113874,-35.37945,-18.31698,-25.3615
63.911073208,-21.60316,-94.1760599999999,-23.48248,0.7771413,-0.2882365,0.5658881,-35.37945,-18.31698,-25.3615
63.921070099,-24.06449,-98.27137,-24.33607,0.7892636,-0.3107441,0.5759228,-35.37945,-18.31698,-25.3615
63.93106842,-21.54162,-99.5177700000002,-24.27509,0.7916911,-0.3101752,0.5797471,-36.87313,-19.06878,-22.98206
63.941066265,-15.08063,-96.3720899999999,-23.48248,0.7950694,-0.2831369,0.5534126,-36.87313,-19.06878,-22.98206
63.951063633,-15.14217,-92.4548300000001,-22.26306,0.8091093,-0.252197,0.5586444,-36.87313,-19.06878,-22.98206
63.961061478,-18.21883,-88.83434,-21.89723,0.8191096,-0.2142363,0.5433028,-36.87313,-19.06878,-22.98206
63.971058846,-24.31062,-88.1221200000003,-22.50694,0.822585,-0.2182833,0.5184119,-36.87313,-19.06878,-22.98206
63.98105669,-30.34088,-90.9116699999998,-23.29956,0.8436803,-0.2519438,0.5116837,-37.98788,-20.19105,-19.7593
63.991055012,-31.57154,-93.8199400000001,-23.48248,0.8727592,-0.2700588,0.4872303,-37.98788,-20.19105,-19.7593
64.00105238,-33.7252,-97.6778400000001,-24.03121,0.8860766,-0.2785031,0.4915164,-37.98788,-20.19105,-19.7593
64.011050224,-34.89434,-101.3577,-24.33607,0.9196021,-0.273555,0.4818852,-37.98788,-20.19105,-19.7593
64.021047592,-35.26353,-103.1976,-25.00674,0.9408674,-0.2644888,0.4708385,-37.98788,-20.19105,-19.7593
64.031045437,-36.80186,-105.2749,-26.53101,0.9402061,-0.2560664,0.4368587,-39.80985,-20.18394,-17.32173
64.041043282,-37.17107,-106.0465,-27.8114,0.934235,-0.2500908,0.4124601,-39.80985,-20.18394,-17.32173
64.051040649,-38.77093,-106.9368,-30.12829,0.9340452,-0.2406082,0.3870935,-39.80985,-20.18394,-17.32173
64.061038494,-37.971,-107.0555,-31.83547,0.943056,-0.2280151,0.3631457,-39.80985,-20.18394,-17.32173
64.071036816,-37.4172,-106.6994,-33.05489,0.9479591,-0.204357,0.3358522,-39.80985,-20.18394,-17.32173
64.081034184,-38.1556,-107.5897,-34.15236,0.9334708,-0.185889,0.3143368,-41.68195,-20.93147,-14.10656
64.091032028,-39.4478,-108.5393,-35.24983,0.9486925,-0.1925932,0.2922975,-41.68195,-20.93147,-14.10656
64.101029396,-40.61693,-110.0825,-36.83507,0.966405,-0.2013709,0.3037547,-41.68195,-20.93147,-14.10656
64.111027241,-38.7094,-110.4386,-37.87157,0.9977944,-0.2125537,0.2883885,-41.68195,-20.93147,-14.10656
64.121025085,-36.06347,-109.9044,-38.60323,1.021826,-0.2208609,0.2845201,-41.68195,-20.93147,-14.10656
64.131022453,-33.7252,-109.7857,-39.51779,1.038171,-0.235204,0.2749238,-42.05338,-21.67102,-11.26727
64.141020775,-30.40241,-109.489,-40.31041,1.051988,-0.2448033,0.258152,-42.05338,-21.67102,-11.26727
64.151017666,-26.03355,-109.0141,-41.10303,1.063613,-0.2412378,0.2509522,-42.05338,-21.67102,-11.26727
64.161015987,-22.64922,-109.1329,-41.71273,1.069115,-0.2233116,0.2332306,-42.05338,-21.67102,-11.26727
64.171013832,-20.86476,-108.8361,-41.7737,1.082341,-0.2012487,0.2260233,-42.05338,-21.67102,-11.26727
64.1810112,-21.60316,-108.9548,-41.34691,1.092654,-0.1797469,0.2169068,-42.77934,-23.54792,-7.650675
64.191009045,-24.24909,-109.3703,-41.10303,1.102191,-0.1690125,0.2010944,-42.77934,-23.54792,-7.650675
64.201006889,-27.07962,-109.1329,-41.164,1.10703,-0.1675819,0.1876855,-42.77934,-23.54792,-7.650675
64.211004257,-29.35635,-109.0735,-41.22497,1.111132,-0.1788266,0.1714096,-42.77934,-23.54792,-7.650675
64.221002579,-30.27934,-108.7767,-40.79817,1.106868,-0.1859685,0.1436615,-42.77934,-23.54792,-7.650675
64.230999947,-30.15628,-108.0645,-40.55429,1.093248,-0.187963,0.1144926,-43.13703,-25.04437,-4.355827
64.240997791,-30.21781,-107.7677,-40.18847,1.094187,-0.1867103,0.09008328,-43.13703,-25.04437,-4.355827
64.250995636,-30.46394,-107.0555,-39.88361,1.089064,-0.1738753,0.06998871,-43.13703,-25.04437,-4.355827
64.260993004,-31.69461,-106.462,-39.51779,1.087685,-0.1526396,0.05706408,-43.13703,-25.04437,-4.355827
64.270990849,-33.10987,-105.7498,-39.51779,1.0931,-0.1561359,0.03504104,-43.51015,-25.78065,-1.129537
64.280988216,-33.41754,-105.0969,-39.45681,1.098589,-0.1635096,0.01397603,-43.51015,-25.78065,-1.129537
64.290986061,-32.92527,-104.3253,-39.57876,1.090531,-0.1759928,-0.005149754,-43.51015,-25.78065,-1.129537
64.300984383,-30.89468,-103.9098,-39.88361,1.089515,-0.174227,-0.02237718,-43.51015,-25.78065,-1.129537
64.310981751,-28.43335,-103.3757,-39.82264,1.094867,-0.1743099,-0.04296526,-43.51015,-25.78065,-1.129537
64.320979595,-25.84895,-102.5447,-40.43235,1.10659,-0.1761537,-0.0573425,-42.34919,-28.03419,1.277485
64.33097744,-22.77229,-102.3073,-41.10303,1.106071,-0.174864,-0.07457066,-42.34919,-28.03419,1.277485
64.340974808,-19.01876,-101.8919,-41.83467,1.109938,-0.1733912,-0.08127785,-42.34919,-28.03419,1.277485
64.350972653,-15.3883,-101.2983,-41.7737,1.105111,-0.1503324,-0.09993984,-42.34919,-28.03419,1.277485
64.36097002,-13.05004,-101.0609,-41.34691,1.106139,-0.1275869,-0.1123905,-42.34919,-28.03419,1.277485
64.370968342,-11.20404,-100.5268,-41.10303,1.113775,-0.1192759,-0.1234132,-41.94886,-29.84579,4.128081
64.380966187,-9.41957799999997,-99.8738799999998,-40.61526,1.121637,-0.123166,-0.1406546,-41.94886,-29.84579,4.128081
64.390963554,-7.32744799999997,-98.92425,-40.85914,1.125325,-0.1382934,-0.155493,-41.94886,-29.84579,4.128081
64.400961399,-3.94312,-98.03396,-40.98108,1.122381,-0.1374805,-0.1664953,-41.94886,-29.84579,4.128081
64.410958767,-0.1280599,-96.9656100000001,-40.61526,1.120044,-0.1172619,-0.1822895,-41.94886,-29.84579,4.128081
64.420956612,2.271736,-95.7192200000002,-40.18847,1.117287,-0.1003786,-0.1899462,-41.56294,-30.96008,6.974959
64.430954456,2.887069,-94.2947600000001,-39.09099,1.10273,-0.07789274,-0.1971053,-41.56294,-30.96008,6.974959
64.440951824,2.271736,-92.8703,-37.99352,1.08444,-0.06424513,-0.2061699,-41.56294,-30.96008,6.974959
64.450950146,0.856471800000002,-91.0897299999997,-36.7741,1.062061,-0.06612755,-0.2042161,-41.56294,-30.96008,6.974959
64.460947991,0.2411395,-88.7749899999999,-35.18886,1.041167,-0.06956129,-0.2156646,-41.56294,-30.96008,6.974959
64.470945358,0.7949386,-86.34155,-33.42071,1.028147,-0.07724801,-0.2309543,-40.03259,-33.20045,10.61027
64.480943203,0.918004999999997,-83.9080999999998,-31.46964,1.013469,-0.07418028,-0.2357153,-40.03259,-33.20045,10.61027
64.490940571,0.733405399999999,-80.94048,-29.39664,1.015575,-0.05667986,-0.2395521,-40.03259,-33.20045,10.61027
64.500938416,-0.743392200000001,-77.7947999999997,-27.50654,1.013815,-0.04058205,-0.2290245,-40.03259,-33.20045,10.61027
64.510936737,-2.897055,-74.0555999999998,-25.73839,1.008015,-0.04315707,-0.2323637,-40.03259,-33.20045,10.61027
64.520933628,-4.189253,-69.7822299999998,-23.8483,0.9915743,-0.04971139,-0.2227619,-39.27782,-33.93538,13.0064
64.53093195,-4.435386,-65.5088599999999,-22.08015,0.9824567,-0.0571631,-0.2208298,-39.27782,-33.93538,13.0064
64.540929794,-4.31232,-61.1167900000003,-20.00714,0.9844056,-0.05711144,-0.2193974,-39.27782,-33.93538,13.0064
64.550927162,-4.12772,-56.01248,-17.93414,0.9950497,-0.05299168,-0.2170242,-39.27782,-33.93538,13.0064
64.560925007,-4.066186,-51.02688,-15.98307,1.009102,-0.04883967,-0.2184855,-39.27782,-33.93538,13.0064
64.570922375,-4.12772,-45.50711,-14.21492,1.005711,-0.04987417,-0.2180007,-38.50761,-35.43047,15.47108
64.58092022,-3.573921,-39.80928,-12.56871,1.005922,-0.06102034,-0.2151268,-38.50761,-35.43047,15.47108
64.590918541,-1.912524,-33.69599,-10.80056,1.015792,-0.06763291,-0.2156208,-38.50761,-35.43047,15.47108
64.600915909,0.3026727,-27.52334,-8.849492,1.022235,-0.07327988,-0.2094091,-38.50761,-35.43047,15.47108
64.610913754,2.394803,-21.70681,-6.65454400000003,1.026554,-0.06984123,-0.2146819,-38.50761,-35.43047,15.47108
64.620911121,4.117733,-15.17805,-4.459597,1.037516,-0.0571042,-0.2271472,-37.80824,-36.17949,16.25424
64.630908966,4.240799,-8.94605000000002,-2.081738,1.046073,-0.04581552,-0.2333866,-37.80824,-36.17949,16.25424
64.640906811,3.256268,-3.010813,-0.1916438,1.051266,-0.03699229,-0.2362693,-37.80824,-36.17949,16.25424
64.650904179,2.702469,2.508957,1.820391,1.051263,-0.0370669,-0.2444051,-37.80824,-36.17949,16.25424
64.6609025,2.210203,7.67261300000002,3.771456,1.042999,-0.03827226,-0.2520476,-37.80824,-36.17949,16.25424
64.670900345,2.14867,12.77692,5.356696,1.031389,-0.04291019,-0.2558548,-37.81191,-36.17241,17.09274
64.680897713,2.640936,17.16899,6.69805199999999,1.021283,-0.05004463,-0.2701926,-37.81191,-36.17241,17.09274
64.690895557,3.8716,22.27329,7.91746799999998,1.003984,-0.03739758,-0.284523,-37.81191,-36.17241,17.09274
64.700892925,4.363866,26.72472,8.71008699999998,0.9901257,-0.02601317,-0.2849803,-37.81191,-36.17241,17.09274
64.71089077,4.302333,30.76068,9.68561900000002,0.9939966,-0.024435,-0.2802017,-37.81191,-36.17241,17.09274
64.720888615,3.994667,34.67794,10.60018,0.9843454,-0.02949387,-0.2811408,-37.43547,-36.17286,16.70852
64.730885982,4.733066,38.12038,11.57571,0.9775627,-0.03156286,-0.2801712,-37.43547,-36.17286,16.70852
64.740884304,5.96372999999998,41.62217,12.79513,0.9589517,-0.02660275,-0.2820544,-37.43547,-36.17286,16.70852
64.750882149,6.94826199999999,44.9459,14.25843,0.9517754,-0.03346438,-0.2729472,-37.43547,-36.17286,16.70852
64.760879517,7.74819400000003,48.6851,15.53881,0.9457836,-0.02582524,-0.274853,-37.43547,-36.17286,16.70852
64.770877361,7.50206099999998,51.77142,16.94114,0.9423281,-0.02346819,-0.2753261,-37.43967,-35.79959,15.86799
64.780874729,6.57906199999999,55.09515,18.16055,0.9331653,-0.02847793,-0.2719589,-37.43967,-35.79959,15.86799
64.790872574,6.02526299999999,58.41889,19.44094,0.9322118,-0.02938969,-0.2633426,-37.43967,-35.79959,15.86799
64.800870895,5.594531,61.32715,20.90424,0.9415345,-0.03248866,-0.2504365,-37.43967,-35.79959,15.86799
64.810867786,5.225331,63.9980100000002,22.67239,0.942971,-0.0309235,-0.241825,-37.43967,-35.79959,15.86799
64.820866108,4.363866,67.1436800000002,24.13569,0.9484838,-0.03909314,-0.2437468,-38.20569,-34.67777,14.24384
64.830863476,3.8716,70.2893599999999,25.05025,0.9637869,-0.04941572,-0.2365922,-38.20569,-34.67777,14.24384
64.84086132,3.687001,73.6724399999999,26.08675,0.9775489,-0.05532508,-0.2217788,-38.20569,-34.67777,14.24384
64.850859165,3.502401,76.5213499999998,27.12326,1.000051,-0.0596171,-0.2084168,-38.20569,-34.67777,14.24384
64.860856533,3.256268,79.37027,28.76947,1.027866,-0.06137445,-0.1950647,-38.88566,-34.69654,12.62623
64.870854378,3.133201,82.1004799999998,29.62306,1.053815,-0.06752898,-0.1802725,-38.88566,-34.69654,12.62623
64.880852699,2.887069,84.5932800000001,30.84247,1.082575,-0.06784931,-0.1712296,-38.88566,-34.69654,12.62623
64.890850067,2.825535,87.0860700000001,31.69606,1.11334,-0.07098426,-0.1554894,-38.88566,-34.69654,12.62623
64.900847912,3.010135,89.3414700000001,32.42771,1.152092,-0.08414866,-0.1378463,-38.88566,-34.69654,12.62623
64.91084528,3.933134,91.7749199999998,33.22033,1.181531,-0.09465595,-0.1283234,-40.0132,-33.96824,9.775819
64.920843124,5.163798,93.6741900000002,33.89101,1.199152,-0.09858917,-0.118303,-40.0132,-33.96824,9.775819
64.930840969,6.20986300000002,95.3360600000003,34.68363,1.211049,-0.1088606,-0.09822088,-40.0132,-33.96824,9.775819
64.940838337,7.44052699999999,96.70116,35.35431,1.217107,-0.1198298,-0.0886571,-40.0132,-33.96824,9.775819
64.950836182,9.34805900000002,98.1256200000001,35.90305,1.206197,-0.1355253,-0.08097682,-40.0132,-33.96824,9.775819
64.960834503,12.24012,99.6094300000003,36.32984,1.199205,-0.1520583,-0.06708167,-40.78818,-32.09879,6.599602
64.970831871,15.19372,100.9152,36.75663,1.177902,-0.1592078,-0.05890691,-40.78818,-32.09879,6.599602
64.980829716,18.14731,102.6364,37.06149,1.154599,-0.1634197,-0.04402934,-40.78818,-32.09879,6.599602
64.990827084,20.67017,104.2389,37.30537,1.133647,-0.1632556,-0.03394276,-40.78818,-32.09879,6.599602
65.000824928,22.82384,106.0195,37.61023,1.120262,-0.1507452,-0.01860821,-40.78818,-32.09879,6.599602
65.010822773,24.2391,107.9781,38.09799,1.101113,-0.142766,-0.008048214,-41.93144,-30.60977,3.745135
65.020820141,24.85443,110.1148,38.21993,1.091743,-0.1365287,0.00345234,-41.93144,-30.60977,3.745135
65.030818462,24.73137,111.836,38.03702,1.088566,-0.1485689,0.02212544,-41.93144,-30.60977,3.745135
65.040816307,25.40823,114.0914,38.09799,1.084911,-0.1611484,0.03601376,-41.93144,-30.60977,3.745135
65.050813675,26.6389,116.4062,37.73217,1.080271,-0.1732789,0.04798938,-41.93144,-30.60977,3.745135
65.06081152,28.11569,118.3054,37.42731,1.088715,-0.1811406,0.07334121,-42.70821,-28.79771,1.27876
65.070808887,30.20782,120.2047,37.6712,1.107782,-0.1839857,0.09293033,-42.70821,-28.79771,1.27876
65.080806732,31.37696,121.9259,37.42731,1.117475,-0.1806855,0.1139699,-42.70821,-28.79771,1.27876
65.090804577,32.11535,123.291,37.48829,1.127703,-0.1797431,0.1417093,-42.70821,-28.79771,1.27876
65.100801945,32.23842,124.1813,36.93955,1.132652,-0.1834057,0.1555803,-42.70821,-28.79771,1.27876
65.110800266,32.23842,124.4781,36.57372,1.132358,-0.193546,0.1632406,-42.34742,-27.30726,-2.725591
65.120798111,32.66915,124.2407,36.14693,1.145937,-0.1897577,0.1761375,-42.34742,-27.30726,-2.725591
65.130795479,32.36148,123.7658,35.53722,1.131554,-0.2021334,0.1823873,-42.34742,-27.30726,-2.725591
65.140793324,32.48455,122.5788,34.98848,1.118561,-0.2105195,0.1967694,-42.34742,-27.30726,-2.725591
65.150790691,33.03835,121.3917,34.50072,1.11365,-0.2080333,0.2135275,-42.34742,-27.30726,-2.725591
65.160788536,32.23842,121.095,33.7081,1.09456,-0.2028151,0.2408382,-43.11595,-25.81543,-5.577277
65.170786858,32.11535,120.7982,33.03742,1.079881,-0.1989983,0.2647916,-43.11595,-25.81543,-5.577277
65.180783749,31.86922,121.273,32.54965,1.052193,-0.2032837,0.2811126,-43.11595,-25.81543,-5.577277
65.19078207,31.62309,121.3917,31.93995,1.025405,-0.2037428,0.2888166,-43.11595,-25.81543,-5.577277
65.200779915,30.94622,121.273,31.14733,1.010341,-0.2059666,0.2907577,-43.11595,-25.81543,-5.577277
65.210777283,31.00776,120.4421,30.65956,0.9840876,-0.2087746,0.3061187,-42.36272,-25.08669,-10.02629
65.220775127,31.25389,119.8486,29.92791,0.9686763,-0.2182243,0.3157195,-42.36272,-25.08669,-10.02629
65.230772495,31.93075,118.9583,29.19626,0.9594988,-0.2221528,0.331051,-42.36272,-25.08669,-10.02629
65.24077034,32.97682,118.8989,28.7085,0.9559745,-0.215778,0.3449342,-42.36272,-25.08669,-10.02629
65.250768662,32.23842,117.2371,28.52559,0.9370001,-0.21698,0.3607605,-42.36272,-25.08669,-10.02629
65.260766029,30.57702,114.7443,28.03782,0.9323704,-0.2295787,0.3746506,-41.99915,-23.96678,-12.86761
65.270763874,31.06929,112.6076,28.03782,0.9216116,-0.2272607,0.385676,-41.99915,-23.96678,-12.86761
65.280761719,30.02322,110.2335,27.73297,0.9099631,-0.2292591,0.4048398,-41.99915,-23.96678,-12.86761
65.290759087,28.79256,107.6814,27.48908,0.9142542,-0.2235921,0.430674,-41.99915,-23.96678,-12.86761
65.300756931,27.50036,106.0195,27.61102,0.903396,-0.2159044,0.4445697,-41.99915,-23.96678,-12.86761
65.310754299,23.93143,103.8234,27.67199,0.8949264,-0.2057792,0.4541534,-40.51752,-22.46135,-16.08961
65.320752621,19.31644,100.7371,27.36714,0.8734755,-0.2052267,0.4546692,-40.51752,-22.46135,-16.08961
65.330750465,14.27072,96.46375,26.94034,0.8475222,-0.2240869,0.4676408,-40.51752,-22.46135,-16.08961
65.340747833,11.68632,91.0033299999999,26.14772,0.8125539,-0.2564385,0.4595743,-40.51752,-22.46135,-16.08961
65.350745678,13.16312,86.4331999999998,25.05025,0.7934787,-0.278731,0.454349,-40.51752,-22.46135,-16.08961
65.360743523,16.17825,83.2281700000001,23.95278,0.7694689,-0.2712899,0.4697034,-39.01033,-22.10079,-19.75704
65.370740891,18.33191,81.4475999999998,22.73336,0.7478075,-0.2331706,0.48696,-39.01033,-22.10079,-19.75704
65.380738735,16.91665,79.78574,21.45298,0.726109,-0.2187754,0.5137944,-39.01033,-22.10079,-19.75704
65.390736103,16.97818,79.0735099999999,20.41647,0.7064343,-0.2089199,0.5181333,-39.01033,-22.10079,-19.75704
65.400734425,16.97818,77.7083999999999,19.319,0.6913366,-0.2091348,0.5272526,-38.26614,-21.35462,-22.14205
65.410732269,16.67051,75.0969,18.03861,0.6866518,-0.2188278,0.5401849,-38.26614,-21.35462,-22.14205
65.420729637,17.59351,71.8918700000002,16.8192,0.6808271,-0.2198402,0.5483311,-38.26614,-21.35462,-22.14205
65.430727482,18.45498,67.4404399999997,14.99008,0.671654,-0.2500445,0.5598407,-38.26614,-21.35462,-22.14205
65.440725327,24.66983,64.4134800000002,13.64872,0.6663889,-0.2549509,0.5660726,-38.26614,-21.35462,-22.14205
65.450722695,28.73103,62.5142,12.30736,0.6702207,-0.2507377,0.5933437,-36.47142,-20.21357,-23.7472
65.460721016,33.22295,63.2857800000002,11.8196,0.6666262,-0.2147481,0.6043479,-36.47142,-20.21357,-23.7472
65.470718861,32.73069,64.4134800000002,11.27086,0.6475989,-0.1609213,0.6330818,-36.47142,-20.21357,-23.7472
65.480716229,28.60796,63.9386600000001,10.29533,0.6286997,-0.1659392,0.6565663,-36.47142,-20.21357,-23.7472
65.490714073,27.99263,62.6329000000002,9.319795,0.6140835,-0.1919653,0.6585128,-36.47142,-20.21357,-23.7472
65.500711441,27.37729,60.0807499999998,8.588146,0.603484,-0.2241898,0.664761,-35.34013,-20.21876,-25.35136
65.510709286,30.94622,58.5969400000002,8.77105800000001,0.6129162,-0.233118,0.6776684,-35.34013,-20.21876,-25.35136
65.520707131,30.51549,57.6473099999999,8.28329199999999,0.6186563,-0.2262662,0.7236,-35.34013,-20.21876,-25.35136
65.530704498,30.82315,57.11314,8.22232199999999,0.6278108,-0.2199777,0.7537326,-35.34013,-20.21876,-25.35136
65.54070282,30.76162,57.17249,8.46620500000003,0.6177515,-0.2030983,0.7614031,-35.34013,-20.21876,-25.35136
65.550700665,26.02356,55.51062,8.89300000000002,0.6072259,-0.18635,0.8087961,-33.81024,-21.36274,-27.01116
65.560698033,23.62377,54.44228,9.25882399999997,0.6080264,-0.1771145,0.8073566,-33.81024,-21.36274,-27.01116
65.570695877,17.96271,52.66171,9.319795,0.593867,-0.2009948,0.8303591,-33.81024,-21.36274,-27.01116
65.580693245,16.60898,51.53401,9.319795,0.5927768,-0.2210321,0.8203161,-33.81024,-21.36274,-27.01116
65.59069109,16.60898,51.94948,9.74659100000002,0.5773932,-0.2062806,0.819382,-33.81024,-21.36274,-27.01116
65.600689411,12.79392,50.64373,10.17339,0.5693997,-0.1949504,0.8533719,-31.93484,-21.35195,-27.38426
65.610686302,14.33225,51.23725,10.23436,0.5640647,-0.1974163,0.8079171,-31.93484,-21.35195,-27.38426
65.620684624,14.02458,52.12754,9.929502,0.5432212,-0.2031164,0.8141764,-31.93484,-21.35195,-27.38426
65.630682468,13.47079,52.60236,10.11241,0.5346934,-0.1901864,0.811795,-31.93484,-21.35195,-27.38426
65.640679836,13.47079,52.83976,10.17339,0.5175191,-0.1844234,0.7883733,-31.93484,-21.35195,-27.38426
65.650677681,11.07099,51.1779,9.868532,0.5029189,-0.185075,0.801799,-30.794,-21.74075,-29.3734
65.660675049,11.19406,49.10057,9.44173599999998,0.4984485,-0.1809258,0.7869698,-30.794,-21.74075,-29.3734
65.670672893,10.20952,46.84518,8.83202800000001,0.4839002,-0.1845798,0.7908248,-30.794,-21.74075,-29.3734
65.680671215,9.10192500000001,45.00525,8.89300000000002,0.4654762,-0.1635492,0.7922872,-30.794,-21.74075,-29.3734
65.690668583,7.25592799999999,43.16533,8.588146,0.4546485,-0.1579888,0.7860832,-30.794,-21.74075,-29.3734
65.700666428,5.77913000000001,41.50346,8.46620500000003,0.4374274,-0.1754818,0.7703247,-29.67397,-21.35904,-30.20559
65.710664272,5.96372999999998,39.78225,7.97843799999998,0.436043,-0.1800449,0.752621,-29.67397,-21.35904,-30.20559
65.72066164,5.656064,37.88297,7.856497,0.4285342,-0.1695464,0.7478456,-29.67397,-21.35904,-30.20559
65.730659485,3.994667,35.39017,7.91746799999998,0.4165366,-0.1531605,0.7588695,-29.67397,-21.35904,-30.20559
65.740657806,2.14867,33.07543,7.856497,0.4138173,-0.1381808,0.7555203,-29.67397,-21.35904,-30.20559
65.750654697,-1.912524,30.28587,7.734555,0.4039684,-0.1324563,0.7651076,-28.54636,-21.35714,-30.97125
65.760653019,-5.78911700000002,28.32724,7.734555,0.4123483,-0.13768,0.7603086,-28.54636,-21.35714,-30.97125
65.770650387,-8.06584600000003,27.31825,7.61261400000002,0.4132819,-0.1614902,0.7583988,-28.54636,-21.35714,-30.97125
65.780648231,-9.17344499999999,25.71573,7.734555,0.4017389,-0.1694407,0.7641639,-28.54636,-21.35714,-30.97125
65.790646076,-8.98884500000002,23.6384,7.30776000000001,0.3919736,-0.1944605,0.7594016,-28.54636,-21.35714,-30.97125
65.800643444,-7.38898099999999,21.50171,6.39319799999998,0.3936749,-0.2069737,0.7689734,-27.05945,-20.59226,-31.80269
65.810641289,-5.85064999999999,19.00891,5.295725,0.3868244,-0.2049942,0.7876492,-27.05945,-20.59226,-31.80269
65.82063961,-4.804585,16.45676,4.625046,0.3842801,-0.1991912,0.790045,-27.05945,-20.59226,-31.80269
65.830636978,-5.66605,14.26073,4.198251,0.3795633,-0.1811554,0.8063202,-27.05945,-20.59226,-31.80269
65.840634823,-6.835182,12.3021,3.771456,0.3807045,-0.1897921,0.815892,-27.05945,-20.59226,-31.80269
65.850632191,-6.15831700000002,10.99635,3.34466,0.3916317,-0.2007221,0.8192257,-27.05606,-20.5988,-32.5767
65.860630035,-5.66605,10.58088,3.161748,0.3828291,-0.1988953,0.8254622,-27.05606,-20.5988,-32.5767
65.87062788,-5.727584,9.92800300000002,3.222719,0.3760235,-0.1993665,0.8417457,-27.05606,-20.5988,-32.5767
65.880625248,-5.727584,8.44419500000002,2.49107,0.3724065,-0.2145943,0.8317058,-27.05606,-20.5988,-32.5767
65.890623569,-3.573921,7.138442,1.69845,0.3735353,-0.2228506,0.8297917,-27.05606,-20.5988,-32.5767
65.900621414,-3.266255,5.061109,1.027771,0.3663068,-0.2267186,0.8475126,-26.68721,-20.21945,-33.02745
65.910618782,-2.466323,3.5773,0.5400054,0.3867771,-0.2267168,0.8565699,-26.68721,-20.21945,-33.02745
65.920616627,-2.466323,3.399243,0.783888500000002,0.4003741,-0.2239088,0.8685098,-26.68721,-20.21945,-33.02745
65.930614471,-3.573921,3.517948,1.454567,0.3912514,-0.2051022,0.8723495,-26.68721,-20.21945,-33.02745
65.940611839,-5.112252,2.924424,1.637479,0.3727562,-0.2065448,0.8608963,-26.68721,-20.21945,-33.02745
65.950609684,-5.358385,1.0845,1.515538,0.3512072,-0.226995,0.8499319,-26.33016,-19.45211,-32.57722
65.960607052,-3.143188,-0.874127800000001,0.2961223,0.3615627,-0.2336418,0.8446512,-26.33016,-19.45211,-32.57722
65.970605373,-0.8664587,-1.94247,-0.679409800000002,0.381902,-0.2269403,0.8426997,-26.33016,-19.45211,-32.57722
65.980603218,0.4257392,-2.298584,-0.740380500000001,0.3881682,-0.2234895,0.8345521,-26.33016,-19.45211,-32.57722
65.990600586,1.656404,-2.535994,-1.045234,0.3875808,-0.2181513,0.8350303,-25.20593,-19.44367,-32.56888
66.000598431,1.59487,-3.841746,-1.350088,0.3708232,-0.2084136,0.8202212,-25.20593,-19.44367,-32.56888
66.010596275,1.102605,-5.68167,-1.533,0.3667305,-0.1984213,0.8058684,-25.20593,-19.44367,-32.56888
66.020593643,-0.3741928,-7.81835499999999,-1.959796,0.3786582,-0.2108245,0.8053723,-25.20593,-19.44367,-32.56888
66.030591965,-0.3126596,-9.95503999999998,-2.630474,0.366064,-0.2150354,0.7972596,-25.20593,-19.44367,-32.56888
66.040588856,0.4872724,-12.03237,-3.301153,0.3695208,-0.217353,0.8020399,-25.94559,-19.83347,-33.02391
66.050587177,1.841003,-13.63489,-4.154743,0.3815317,-0.2084477,0.7934023,-25.94559,-19.83347,-33.02391
66.060585022,2.025603,-15.17805,-4.520568,0.3881709,-0.1985319,0.8005668,-25.94559,-19.83347,-33.02391
66.07058239,1.041071,-17.31473,-4.70348,0.3762994,-0.1889994,0.8058494,-25.94559,-19.83347,-33.02391
66.080580235,1.902537,-19.57012,-5.435129,0.3911616,-0.2025139,0.7838124,-25.94559,-19.83347,-33.02391
66.090578079,2.948602,-21.23199,-6.28872000000001,0.390852,-0.1859804,0.785723,-26.33185,-19.44884,-32.19022
66.100575447,1.533337,-23.42803,-6.65454400000003,0.3863041,-0.1773146,0.7866859,-26.33185,-19.44884,-32.19022
66.110573769,0.856471800000002,-25.80212,-7.386194,0.3897368,-0.1788405,0.7718444,-26.33185,-19.44884,-32.19022
66.120571613,-0.681858999999999,-28.76974,-8.05687200000003,0.3858325,-0.1783791,0.7775941,-26.33185,-19.44884,-32.19022
66.130568981,-1.604858,-32.27153,-8.66657900000002,0.4021084,-0.1630855,0.7675116,-26.33185,-19.44884,-32.19022
66.140566826,-4.804585,-35.59526,-9.03240400000001,0.406347,-0.1552091,0.7694165,-27.06731,-20.21191,-31.80472
66.150564194,-8.06584600000003,-39.0377,-9.39822899999999,0.4140086,-0.1740358,0.7665365,-27.06731,-20.21191,-31.80472
66.160562038,-8.00431300000001,-41.5305,-9.94696500000001,0.4314812,-0.1966833,0.7497618,-27.06731,-20.21191,-31.80472
66.17056036,-7.57358100000002,-42.71755,-10.12988,0.4486082,-0.2008413,0.7363328,-27.06731,-20.21191,-31.80472
66.180557251,-7.75818099999999,-43.48913,-9.94696500000001,0.4418499,-0.1524026,0.7339392,-27.06731,-20.21191,-31.80472
66.190555573,-12.25011,-45.80387,-9.82502399999998,0.4415968,-0.1387266,0.742072,-27.43588,-20.59181,-31.41847
66.200553417,-16.43437,-48.35602,-9.88599500000001,0.4537771,-0.1391737,0.7200363,-27.43588,-20.59181,-31.41847
66.210550785,-19.32643,-50.43336,-10.12988,0.4683363,-0.1623648,0.7032667,-27.43588,-20.59181,-31.41847
66.22054863,-22.52616,-52.68875,-9.94696500000001,0.4768362,-0.1738551,0.7037335,-27.43588,-20.59181,-31.41847
66.230546951,-26.40275,-57.02147,-10.31279,0.4825399,-0.1922476,0.6994211,-27.43588,-20.59181,-31.41847
66.240543842,-27.51035,-61.5916099999997,-10.9225,0.4984185,-0.208277,0.6658973,-30.06275,-20.60441,-30.59943
66.250542164,-30.03321,-67.4081300000003,-11.53221,0.5021696,-0.2004235,0.6663672,-30.06275,-20.60441,-30.59943
66.260539532,-35.63274,-73.6994900000002,-12.14191,0.5250378,-0.1984656,0.6715912,-30.06275,-20.60441,-30.59943
66.270537376,-34.4636,-75.53941,-12.87356,0.5628587,-0.2149062,0.6519079,-30.06275,-20.60441,-30.59943
66.280535221,-35.81733,-74.3523599999999,-13.11744,0.5659678,-0.2244408,0.6653051,-30.06275,-20.60441,-30.59943
66.290532589,-37.048,-73.6994900000002,-12.50774,0.5642124,-0.234632,0.6705751,-30.83501,-19.8357,-28.99654
66.300530434,-31.38694,-71.50345,-12.44677,0.5759374,-0.2628261,0.6442403,-30.83501,-19.8357,-28.99654
66.310528755,-27.07962,-69.2480599999997,-12.62968,0.589235,-0.2703473,0.6432618,-30.83501,-19.8357,-28.99654
66.320526123,-25.66435,-69.5448199999998,-13.4223,0.6096033,-0.2386384,0.6657112,-30.83501,-19.8357,-28.99654
66.330523968,-25.84895,-73.2840199999997,-15.43433,0.6239454,-0.2493431,0.6862678,-30.83501,-19.8357,-28.99654
66.340521813,-22.40309,-78.1509200000002,-18.17802,0.664476,-0.3059361,0.6804687,-31.98371,-19.06654,-27.00943
66.35051918,-14.58837,-81.7714100000002,-20.86073,0.6894725,-0.3393792,0.6890482,-31.98371,-19.06654,-27.00943
66.360517025,-6.958249,-84.08615,-22.32403,0.7018011,-0.3211163,0.6933292,-31.98371,-19.06654,-27.00943
66.370514393,-1.481791,-84.5016199999999,-22.87277,0.7121751,-0.2766643,0.6961711,-31.98371,-19.06654,-27.00943
66.380512238,-3.020122,-86.6383100000001,-23.48248,0.7187957,-0.240145,0.6899287,-31.98371,-19.06654,-27.00943
66.390510559,-6.77364899999998,-89.6652799999999,-23.72636,0.743988,-0.2074971,0.6453688,-34.22966,-19.45342,-25.79858
66.400507927,-12.18857,-93.7012300000002,-24.03121,0.7492504,-0.1770332,0.6175943,-34.22966,-19.45342,-25.79858
66.410505772,-23.69529,-99.1023000000002,-25.18966,0.7510896,-0.2224473,0.6424888,-34.22966,-19.45342,-25.79858
66.420503616,-19.32643,-99.2210100000001,-25.00674,0.7809149,-0.2804473,0.6123014,-34.22966,-19.45342,-25.79858
66.430500984,-12.9885,-94.9476299999998,-24.03121,0.7930872,-0.3067898,0.574958,-34.22966,-19.45342,-25.79858
66.440498829,-10.34258,-90.4368600000001,-22.20209,0.7969214,-0.2512159,0.5859443,-36.45738,-20.97102,-23.35614
66.450497151,-12.92697,-87.5879399999999,-20.43394,0.8025957,-0.1648693,0.5571976,-36.45738,-20.97102,-23.35614
66.460494518,-21.97236,-88.59693,-20.9217,0.8138878,-0.1695846,0.5485647,-36.45738,-20.97102,-23.35614
66.470492363,-27.51035,-91.1490900000001,-22.26306,0.8262097,-0.2035852,0.523666,-36.45738,-20.97102,-23.35614
66.480489731,-28.00261,-93.34512,-23.78733,0.852512,-0.2295301,0.4992195,-36.45738,-20.97102,-23.35614
66.490487576,-30.71008,-97.2030299999998,-25.73839,0.8566661,-0.2686426,0.5174083,-37.97046,-20.95503,-20.14225
66.50048542,-27.32575,-100.1706,-26.95781,0.8773341,-0.279424,0.5159392,-37.97046,-20.95503,-20.14225
66.510482788,-22.83382,-101.239,-28.29916,0.8902199,-0.2907663,0.5230983,-37.97046,-20.95503,-20.14225
66.520480633,-20.00329,-102.0699,-29.82343,0.9059398,-0.2971141,0.5388656,-37.97046,-20.95503,-20.14225
66.530478954,-13.11157,-100.0519,-30.43314,0.941711,-0.2554435,0.5545855,-39.02892,-21.69974,-17.30805
66.540476322,-10.15798,-97.0843199999999,-30.12829,0.9500688,-0.207757,0.5435514,-39.02892,-21.69974,-17.30805
66.550474167,-12.00397,-95.36311,-29.39664,0.9626529,-0.1518006,0.524372,-39.02892,-21.69974,-17.30805
66.560472012,-18.8957,-95.6005099999998,-29.09178,0.9658269,-0.1398306,0.4980417,-39.02892,-21.69974,-17.30805
66.57046938,-25.91048,-97.4404399999998,-29.51858,0.9785821,-0.1708806,0.476013,-39.02892,-21.69974,-17.30805
66.580467224,-26.95655,-98.03396,-30.00635,0.9898818,-0.2025462,0.4429797,-40.51474,-22.83189,-14.92658
66.590464592,-26.71042,-98.3900799999999,-30.12829,0.9819426,-0.2213268,0.4257697,-40.51474,-22.83189,-14.92658
66.600462914,-25.41822,-98.5681300000001,-29.2747,0.9846077,-0.2077336,0.4185829,-40.51474,-22.83189,-14.92658
66.610460758,-24.92595,-96.66885,-28.17722,0.9907124,-0.1954512,0.4200048,-40.51474,-22.83189,-14.92658
66.620458126,-25.72589,-95.1256899999997,-27.3846,0.9956937,-0.2019333,0.3912832,-40.51474,-22.83189,-14.92658
66.630455971,-26.21815,-93.998,-27.14072,1.003423,-0.1991719,0.3577687,-40.88984,-23.56436,-11.24879
66.640453815,-27.51035,-93.9386400000002,-27.62849,1.002349,-0.1945969,0.3290548,-40.88984,-23.56436,-11.24879
66.650451183,-28.80255,-94.2947600000001,-28.48208,1.00338,-0.1982106,0.3036895,-40.88984,-23.56436,-11.24879
66.660449028,-29.84861,-95.0069900000002,-29.45761,1.004437,-0.2033124,0.2749743,-40.88984,-23.56436,-11.24879
66.670447349,-30.77161,-95.7192200000002,-30.49411,1.015313,-0.2119804,0.2601218,-40.88984,-23.56436,-11.24879
66.680444717,-29.35635,-95.7192200000002,-31.04285,1.019766,-0.2158984,0.2471935,-42.39166,-23.93527,-8.806871
66.690442562,-27.75648,-95.36311,-31.3477,1.019764,-0.2159686,0.2395363,-42.39166,-23.93527,-8.806871
66.700440407,-26.15662,-94.0573500000001,-31.10382,1.03217,-0.2022049,0.2299396,-42.39166,-23.93527,-8.806871
66.710437775,-25.97202,-92.8703,-30.55508,1.043456,-0.1807013,0.2189071,-42.39166,-23.93527,-8.806871
66.720435619,-26.95655,-91.9206599999999,-30.79897,1.041194,-0.1643337,0.2069425,-42.39166,-23.93527,-8.806871
66.730432987,-28.49488,-91.9206599999999,-31.3477,1.044581,-0.1634309,0.1921005,-41.9976,-25.43045,-6.022467
66.740431309,-29.41788,-92.0393699999998,-31.83547,1.046678,-0.1718566,0.1696059,-41.9976,-25.43045,-6.022467
66.750429153,-29.04868,-91.8613099999999,-32.50615,1.046367,-0.181779,0.1480731,-41.9976,-25.43045,-6.022467
66.760426521,-27.69495,-92.0393699999998,-32.75003,1.055744,-0.1885987,0.126044,-41.9976,-25.43045,-6.022467
66.770424366,-25.78742,-91.7426099999997,-32.811,1.052813,-0.1889154,0.09781318,-41.9976,-25.43045,-6.022467
66.780422211,-24.24909,-92.0393699999998,-32.62809,1.052573,-0.1763558,0.09015316,-41.97857,-26.9279,-3.176341
66.790419579,-22.71076,-92.0393699999998,-32.62809,1.047054,-0.1683968,0.06910338,-41.97857,-26.9279,-3.176341
66.8004179,-21.35703,-92.3361299999999,-32.811,1.046002,-0.1646836,0.05235409,-41.97857,-26.9279,-3.176341
66.810415745,-20.00329,-92.9890099999999,-32.62809,1.045318,-0.154659,0.03416681,-41.97857,-26.9279,-3.176341
66.820413113,-19.20336,-92.5735399999999,-32.07935,1.049831,-0.1356708,0.02841114,-41.97857,-26.9279,-3.176341
66.830410957,-19.88023,-92.39548,-31.53061,1.067046,-0.118371,0.02311234,-42.33875,-28.05435,-1.109027
66.840408325,-21.72622,-92.15807,-31.10382,1.085758,-0.1030117,0.01493997,-42.33875,-28.05435,-1.109027
66.85040617,-23.26455,-91.3864899999998,-30.85994,1.092158,-0.1069438,-0.003734643,-42.33875,-28.05435,-1.109027
66.860404015,-24.24909,-90.7929700000002,-31.22576,1.105941,-0.114508,-0.01045679,-42.33875,-28.05435,-1.109027
66.870401382,-24.18755,-89.90269,-31.53061,1.111129,-0.1314924,-0.01907583,-42.33875,-28.05435,-1.109027
66.880399704,-22.71076,-89.1904500000002,-31.89644,1.113808,-0.1446695,-0.0310415,-42.32391,-29.17852,0.8965664
66.890397549,-20.55709,-88.5375799999999,-32.14032,1.113011,-0.1545489,-0.04683058,-42.32391,-29.17852,0.8965664
66.900394917,-16.98816,-87.64729,-32.68906,1.113062,-0.1575819,-0.05975145,-42.32391,-29.17852,0.8965664
66.910392761,-12.43471,-86.6976499999999,-32.50615,1.1153,-0.1475347,-0.08177242,-42.32391,-29.17852,0.8965664
66.920390606,-9.05037799999998,-86.2821900000002,-32.811,1.121751,-0.1280617,-0.09183878,-42.32391,-29.17852,0.8965664
66.930387974,-6.835182,-85.8667200000003,-33.05489,1.125269,-0.1082134,-0.107643,-41.56625,-30.22334,4.132889
66.940386295,-5.91218399999998,-85.45126,-33.11586,1.127906,-0.09318481,-0.117223,-41.56625,-30.22334,4.132889
66.95038414,-5.481451,-84.6203200000001,-33.05489,1.116924,-0.07935774,-0.1224718,-41.56625,-30.22334,4.132889
66.960381508,-5.78911700000002,-83.7893899999999,-32.14032,1.104038,-0.06800675,-0.1286737,-41.56625,-30.22334,4.132889
66.970379353,-6.281383,-82.7210500000003,-30.98188,1.089783,-0.06152468,-0.1329577,-41.56625,-30.22334,4.132889
66.98037672,-7.20438100000002,-81.4746500000001,-29.51858,1.078534,-0.05931722,-0.1329387,-40.79434,-31.7217,6.210572
66.990374565,-7.57358100000002,-79.81278,-28.17722,1.072531,-0.05126255,-0.1425018,-40.79434,-31.7217,6.210572
67.00037241,-8.31197900000002,-77.5573899999997,-26.65295,1.062735,-0.0485229,-0.1405711,-40.79434,-31.7217,6.210572
67.010369778,-9.17344499999999,-75.3613500000001,-25.12868,1.05242,-0.04444532,-0.1506043,-40.79434,-31.7217,6.210572
67.020368099,-9.48111099999999,-72.9872600000002,-24.03121,1.042436,-0.05778931,-0.1534549,-40.79434,-31.7217,6.210572
67.030365944,-8.68117799999998,-70.3757599999997,-23.29956,1.034076,-0.05426873,-0.1754557,-40.39859,-33.22015,8.607977
67.040363312,-7.63511399999998,-67.7642500000001,-22.26306,1.017679,-0.06334402,-0.1759034,-40.39859,-33.22015,8.607977
67.050361156,-6.21984999999998,-64.9153400000002,-21.3485,1.010206,-0.05481491,-0.1835498,-40.39859,-33.22015,8.607977
67.060359001,-4.927652,-62.1851299999999,-20.00714,1.000417,-0.05261369,-0.1873619,-40.39859,-33.22015,8.607977
67.070356369,-3.573921,-58.8020400000002,-18.72676,1.004272,-0.05076484,-0.2060336,-40.39859,-33.22015,8.607977
67.080354691,-3.020122,-55.59701,-17.50734,1.006236,-0.05175931,-0.2127368,-39.26122,-34.33262,11.00891
67.090352535,-2.281723,-52.62939,-16.77569,1.01123,-0.05861735,-0.2294939,-39.26122,-34.33262,11.00891
67.100349903,-0.927991900000002,-49.72113,-16.16598,1.015219,-0.06415147,-0.2586926,-39.26122,-34.33262,11.00891
67.110347748,1.656404,-47.6438,-15.49531,1.031537,-0.07704601,-0.2692464,-39.26122,-34.33262,11.00891
67.120345116,4.486932,-45.44776,-14.82463,1.053983,-0.07922962,-0.2908208,-38.56551,-35.07456,12.63058
67.13034296,6.64059500000001,-43.96395,-13.78812,1.057076,-0.0628395,-0.3118878,-38.56551,-35.07456,12.63058
67.140341282,7.07132800000002,-42.71755,-12.9955,1.052597,-0.0317751,-0.3061451,-38.56551,-35.07456,12.63058
67.150338173,5.77913000000001,-41.29309,-12.50774,1.037066,-0.009317272,-0.3142596,-38.56551,-35.07456,12.63058
67.160336494,3.502401,-39.74993,-12.20288,1.029446,-0.01867438,-0.3113724,-38.56551,-35.07456,12.63058
67.170334339,1.902537,-37.85065,-11.53221,1.01791,-0.02717207,-0.3123073,-38.94731,-35.06375,14.2403
67.180331707,1.471804,-35.35785,-10.55667,1.002764,-0.02505478,-0.3137172,-38.94731,-35.06375,14.2403
67.190329552,0.7949386,-32.687,-9.15434600000001,0.9778612,-0.02203114,-0.3012316,-38.94731,-35.06375,14.2403
67.200327396,-0.1895931,-29.77873,-7.93493099999999,0.9600907,-0.009664412,-0.2921108,-38.94731,-35.06375,14.2403
67.210324764,-0.927991900000002,-26.33629,-6.65454400000003,0.9416294,-0.01236236,-0.2815493,-38.94731,-35.06375,14.2403
67.220323086,-0.927991900000002,-22.7158,-5.374158,0.9168873,-0.01819216,-0.2810261,-38.18577,-35.81176,15.08842
67.230320931,-0.5587925,-19.27336,-4.093772,0.8972654,-0.01131264,-0.2833865,-38.18577,-35.81176,15.08842
67.240318298,-0.1895931,-15.83092,-2.691445,0.8845294,-0.007624097,-0.2776223,-38.18577,-35.81176,15.08842
67.250316143,-0.004993446,-12.6259,-1.533,0.8819932,-0.00233323,-0.2780978,-38.18577,-35.81176,15.08842
67.260313988,0.6718721,-9.539573,-0.3135853,0.8834998,-0.004746332,-0.2795356,-38.18577,-35.81176,15.08842
67.270311356,1.102605,-6.21584100000001,0.783888500000002,0.8873779,-0.003715376,-0.2814569,-37.42394,-36.5603,15.87204
67.280309677,1.77947,-2.595346,2.064274,0.8947516,-0.006870397,-0.2704617,-37.42394,-36.5603,15.87204
67.290306568,2.087137,1.32191,3.222719,0.9093843,-0.007513703,-0.2661799,-37.42394,-36.5603,15.87204
67.30030489,2.333269,5.357871,4.381163,0.9270842,-0.01591973,-0.2671657,-37.42394,-36.5603,15.87204
67.310302734,2.887069,9.86865100000001,5.417666,0.9438261,-0.02537797,-0.2748497,-37.42394,-36.5603,15.87204
67.320300102,3.071668,14.02332,6.57611100000001,0.9637878,-0.02451519,-0.276799,-37.43349,-36.17668,16.25702
67.330297947,3.440868,17.76252,7.67358400000003,0.9846895,-0.02161989,-0.2710933,-37.43349,-36.17668,16.25702
67.340295792,3.071668,21.50171,8.77105800000001,0.9978337,-0.0208304,-0.2663306,-37.43349,-36.17668,16.25702
67.35029316,2.764002,25.18156,9.74659100000002,1.02089,-0.02918762,-0.2735473,-37.43349,-36.17668,16.25702
67.360291481,3.071668,28.86141,10.66115,1.041098,-0.04144477,-0.2759723,-37.43349,-36.17668,16.25702
67.370289326,4.240799,32.00708,11.08795,1.056325,-0.0479866,-0.2803043,-37.43967,-35.79959,15.86799
67.380286694,5.656064,35.50887,11.63668,1.070467,-0.04874048,-0.2870288,-37.43967,-35.79959,15.86799
67.390284538,6.82519499999998,38.5952,12.12445,1.073672,-0.0373426,-0.2698086,-37.43967,-35.79959,15.86799
67.400282383,7.009795,41.85958,12.91707,1.062766,-0.02729188,-0.2630921,-37.43967,-35.79959,15.86799
67.410279751,6.76366200000002,44.88655,13.83163,1.049169,-0.02933322,-0.2444035,-37.43967,-35.79959,15.86799
67.420278072,6.51752900000003,48.44769,14.56328,1.038548,-0.03428405,-0.2314621,-38.18577,-35.81176,15.08842
67.430275917,6.39446299999999,52.18689,15.59978,1.02253,-0.03745914,-0.2252119,-38.18577,-35.81176,15.08842
67.440273285,6.45599600000001,55.92609,16.75823,1.002444,-0.03141592,-0.2117783,-38.18577,-35.81176,15.08842
67.45027113,6.39446299999999,59.7839899999997,18.16055,0.9868675,-0.03213503,-0.2036151,-38.18577,-35.81176,15.08842
67.460268498,5.717597,63.7012399999998,19.62385,0.97939,-0.02297531,-0.1954687,-38.18577,-35.81176,15.08842
67.470266342,4.486932,67.4997899999998,21.02618,0.970796,-0.03235605,-0.1930584,-38.19444,-35.06466,13.47186
67.480264664,3.994667,71.4170500000002,22.06268,0.9703677,-0.03515735,-0.1796568,-38.19444,-35.06466,13.47186
67.490261555,3.194735,75.33431,23.34307,0.9796242,-0.03493061,-0.1748872,-38.19444,-35.06466,13.47186
67.500259876,2.456336,78.89545,24.50151,1.00845,-0.03858981,-0.1591435,-38.19444,-35.06466,13.47186
67.510257721,1.77947,82.3378899999998,25.84287,1.037459,-0.05195107,-0.1419619,-38.19444,-35.06466,13.47186
67.520255089,2.210203,85.7803300000001,26.8184,1.074404,-0.07304466,-0.1372351,-38.56801,-34.70455,11.40304
67.530252934,3.687001,88.8073,28.03782,1.099607,-0.09135808,-0.1219599,-38.56801,-34.70455,11.40304
67.540250778,6.08679600000001,91.8936199999999,29.07432,1.127905,-0.09323309,-0.1224873,-38.56801,-34.70455,11.40304
67.550248146,8.48659299999999,94.3864200000002,29.745,1.151325,-0.09462202,-0.1124777,-38.56801,-34.70455,11.40304
67.560246468,10.33259,96.5824599999999,30.47665,1.172953,-0.1042898,-0.1005485,-38.56801,-34.70455,11.40304
67.570244312,12.24012,99.1939599999997,31.26927,1.197623,-0.1201928,-0.08623017,-40.3969,-33.22342,8.220975
67.58024168,13.65538,101.0932,32.2448,1.200172,-0.1258597,-0.07379017,-40.3969,-33.22342,8.220975
67.590239525,15.07065,103.1706,33.03742,1.203209,-0.1314775,-0.05704386,-40.3969,-33.22342,8.220975
67.60023737,16.48591,105.0698,34.01295,1.204343,-0.1395714,-0.04125074,-40.3969,-33.22342,8.220975
67.610234738,17.90118,107.1472,34.92751,1.195009,-0.1352858,-0.0307069,-40.3969,-33.22342,8.220975
67.620233059,18.08578,108.8684,35.90305,1.17983,-0.131085,-0.01680282,-40.77664,-32.48623,5.763126
67.63022995,17.96271,110.9457,36.63469,1.171692,-0.1383682,0.001399137,-40.77664,-32.48623,5.763126
67.640228271,17.77811,113.1418,37.6712,1.153707,-0.1405971,0.009088279,-40.77664,-32.48623,5.763126
67.650226116,17.65504,115.3378,38.40285,1.140074,-0.1406866,0.02873369,-40.77664,-32.48623,5.763126
67.660223484,17.53198,117.7119,39.43935,1.125043,-0.1442185,0.04694669,-41.5592,-30.23695,2.520381
67.670221329,17.16278,119.4331,40.171,1.119175,-0.1427319,0.06274955,-41.5592,-30.23695,2.520381
67.680219173,16.67051,121.5698,41.57333,1.112756,-0.1378633,0.07759534,-41.5592,-30.23695,2.520381
67.690216541,15.37831,123.7065,42.48789,1.120168,-0.1429043,0.09481246,-41.5592,-30.23695,2.520381
67.700214863,14.51685,126.0212,43.0976,1.124747,-0.152909,0.1067715,-41.5592,-30.23695,2.520381
67.710212707,14.33225,127.8018,43.64633,1.12689,-0.1629705,0.1177775,-42.30074,-29.89273,-1.099225
67.720210075,14.51685,129.0482,43.7073,1.129552,-0.1743305,0.1450547,-42.30074,-29.89273,-1.099225
67.73020792,15.31678,130.2353,43.40245,1.141154,-0.1948257,0.1637042,-42.30074,-29.89273,-1.099225
67.740205765,17.96271,131.4223,42.91468,1.14925,-0.2106492,0.1694371,-42.30074,-29.89273,-1.099225
67.750203133,20.60864,132.1939,42.54886,1.162068,-0.2179473,0.193824,-42.30074,-29.89273,-1.099225
67.760201454,22.27004,132.4906,41.93915,1.170747,-0.2120795,0.2320934,-42.32464,-28.08159,-4.334043
67.770199299,23.93143,132.6093,41.2075,1.175838,-0.2228486,0.2655877,-42.32464,-28.08159,-4.334043
67.780196667,26.88503,133.2622,40.29294,1.159444,-0.2317966,0.2790187,-42.32464,-28.08159,-4.334043
67.790194511,30.14629,134.2119,39.92712,1.125118,-0.2460022,0.2876965,-42.32464,-28.08159,-4.334043
67.800192356,32.97682,134.6867,39.68323,1.103499,-0.2360359,0.3083104,-42.32464,-28.08159,-4.334043
67.810189724,35.25355,135.2802,40.171,1.082667,-0.2165195,0.3088203,-41.981,-25.82769,-8.019947
67.820187569,34.94588,135.755,40.41488,1.054529,-0.1971167,0.3126929,-41.981,-25.82769,-8.019947
67.830184936,32.23842,135.2209,40.11003,1.017318,-0.1875989,0.3180197,-41.981,-25.82769,-8.019947
67.840183258,29.53096,134.5086,40.171,0.9887609,-0.1978995,0.3161578,-41.981,-25.82769,-8.019947
67.850181103,27.37729,133.4403,40.04906,0.9632398,-0.2138398,0.3286494,-41.981,-25.82769,-8.019947
67.860178471,27.99263,132.4906,40.04906,0.9525338,-0.2144978,0.3329754,-41.99298,-24.34386,-12.47858
67.870176315,27.06963,131.8378,39.98809,0.921938,-0.2199397,0.3354231,-41.99298,-24.34386,-12.47858
67.88017416,26.57736,129.8791,39.43935,0.9095834,-0.2102895,0.3545851,-41.99298,-24.34386,-12.47858
67.890171528,24.85443,127.5644,38.34188,0.8952672,-0.2003193,0.3598718,-41.99298,-24.34386,-12.47858
67.900169849,21.34704,124.3594,36.75663,0.8949777,-0.2103412,0.3804537,-41.99298,-24.34386,-12.47858
67.910167694,19.25491,120.3828,34.86654,0.8904757,-0.2297406,0.3943453,-40.12339,-23.22633,-16.92128
67.920165062,18.14731,116.1094,32.85451,0.875391,-0.2567348,0.3977286,-40.12339,-23.22633,-16.92128
67.930162907,20.17791,111.1831,30.47665,0.8578576,-0.2826475,0.4183446,-40.12339,-23.22633,-16.92128
67.940160751,23.62377,106.0195,28.40364,0.8439901,-0.2964269,0.4293795,-40.12339,-23.22633,-16.92128
67.950158119,28.91562,101.9835,26.63549,0.8485626,-0.2802259,0.4375032,-40.12339,-23.22633,-16.92128
67.960156441,31.43849,98.4223800000002,24.80637,0.8372107,-0.2463334,0.4485215,-38.69804,-22.09845,-19.75472
67.970154285,29.71556,94.3270599999999,23.09919,0.8187076,-0.2208388,0.460033,-38.69804,-22.09845,-19.75472
67.980151653,25.40823,88.9260000000001,20.96521,0.7960951,-0.2356181,0.4868765,-38.69804,-22.09845,-19.75472
67.990149498,27.56189,83.88105,19.319,0.7633526,-0.2831611,0.4601455,-38.69804,-22.09845,-19.75472
68.000147343,30.39242,79.37027,17.8557,0.715868,-0.2970442,0.4793749,-38.69804,-22.09845,-19.75472
68.010144711,35.99195,76.8181200000002,17.61182,0.7121958,-0.2829586,0.4865564,-37.2007,-21.35373,-22.97267
68.020142555,38.57634,76.4026500000002,17.73376,0.7094504,-0.2408368,0.4755431,-37.2007,-21.35373,-22.97267
68.030140877,35.56121,75.9871799999997,17.97764,0.6958635,-0.1912717,0.5047471,-37.2007,-21.35373,-22.97267
68.040138245,30.39242,74.7407800000001,16.94114,0.6500722,-0.1394491,0.5316138,-37.2007,-21.35373,-22.97267
68.050136089,22.7623,70.7048299999999,14.3194,0.5984851,-0.1933911,0.5896254,-37.2007,-21.35373,-22.97267
68.060133457,27.62343,67.2030299999997,12.49027,0.5979427,-0.2682061,0.5929956,-35.70871,-20.59866,-24.96511
68.070131302,36.05348,66.31275,11.57571,0.6039584,-0.3030531,0.595387,-35.70871,-20.59866,-24.96511
68.080129147,41.16074,67.5591500000002,12.18542,0.6115179,-0.2373445,0.643693,-35.70871,-20.59866,-24.96511
68.090126514,41.22227,67.9746200000001,13.16095,0.6048232,-0.1658987,0.6594793,-35.70871,-20.59866,-24.96511
68.100124836,35.43815,66.49081,12.67319,0.5927002,-0.1426419,0.6781589,-35.70871,-20.59866,-24.96511
68.110122681,28.79256,62.9890200000001,11.88057,0.5808677,-0.1606143,0.7045059,-34.57742,-20.60384,-26.56928
68.120120049,27.68496,58.89371,11.75863,0.5905285,-0.2080851,0.7001941,-34.57742,-20.60384,-26.56928
68.130117893,25.46976,57.5286,12.49027,0.5935156,-0.2106391,0.7332113,-34.57742,-20.60384,-26.56928
68.140115738,22.33157,57.8847199999999,13.95357,0.5978922,-0.1828267,0.7891899,-34.57742,-20.60384,-26.56928
68.150113106,18.33191,58.5969400000002,14.50231,0.5905334,-0.2063894,0.7791587,-34.57742,-20.60384,-26.56928
68.160110951,16.97818,57.8847199999999,14.19746,0.5664521,-0.2214303,0.7806402,-32.30789,-21.35803,-27.77405
68.170109272,18.39344,55.27321,13.28289,0.5572897,-0.2264313,0.7849647,-32.30789,-21.35803,-27.77405
68.18010664,20.11637,53.07718,12.55124,0.5557516,-0.2219171,0.8036307,-32.30789,-21.35803,-27.77405
68.190104485,21.77777,52.95847,12.49027,0.5644557,-0.1919272,0.8227509,-32.30789,-21.35803,-27.77405
68.200102329,19.93177,54.32357,12.91707,0.55703,-0.159358,0.8399841,-32.30789,-21.35803,-27.77405
68.210099697,15.68598,54.26422,13.22192,0.5391997,-0.144239,0.8313969,-31.55474,-21.35949,-28.60699
68.220097542,12.42472,53.07718,12.97804,0.5232391,-0.1510164,0.8156335,-31.55474,-21.35949,-28.60699
68.230095863,8.48659299999999,51.1779,12.91707,0.5175284,-0.1584885,0.8079882,-31.55474,-21.35949,-28.60699
68.240093231,5.286864,49.57539,13.09998,0.5145901,-0.1574913,0.817086,-31.55474,-21.35949,-28.60699
68.250091076,3.010135,48.32898,12.79513,0.5085785,-0.1745742,0.8218866,-30.06613,-20.59787,-29.82543
68.260088921,3.317801,46.96388,12.12445,0.4849426,-0.1878248,0.8056597,-30.06613,-20.59787,-29.82543
68.270086289,5.225331,44.88655,11.27086,0.4631348,-0.1947791,0.7832064,-30.06613,-20.59787,-29.82543
68.280084133,6.76366200000002,43.16533,10.29533,0.4512814,-0.1862224,0.7880106,-30.06613,-20.59787,-29.82543
68.290082455,7.99432700000002,41.02864,9.929502,0.4533092,-0.1649983,0.7664657,-30.06613,-20.59787,-29.82543
68.300079823,7.31746100000001,39.60419,9.68561900000002,0.4352714,-0.1386323,0.7660118,-28.54608,-21.35769,-31.03575
68.310077667,5.84066300000002,38.89196,9.74659100000002,0.4265699,-0.1164816,0.7626712,-28.54608,-21.35769,-31.03575
68.320075035,1.164138,37.4675,9.68561900000002,0.4014358,-0.1014149,0.7641469,-28.54608,-21.35769,-31.03575
68.33007288,-4.189253,34.73729,9.56367799999999,0.3860272,-0.1115522,0.7517334,-28.54608,-21.35769,-31.03575
68.340070725,-6.958249,32.18514,8.95397000000002,0.385625,-0.1422622,0.7421705,-28.54608,-21.35769,-31.03575
68.350068092,-9.54264400000001,30.40457,8.588146,0.3872108,-0.1483639,0.7622694,-27.7949,-21.35533,-31.41719
68.360065937,-11.45017,28.80206,8.588146,0.4005888,-0.1603095,0.7555491,-27.7949,-21.35533,-31.41719
68.370064259,-12.25011,27.67436,8.588146,0.3890114,-0.1662555,0.7680138,-27.7949,-21.35533,-31.41719
68.380061627,-14.2807,24.8848,8.22232199999999,0.3683535,-0.1815743,0.7848039,-27.7949,-21.35533,-31.41719
68.390059471,-13.05004,20.61143,6.45416900000001,0.3552426,-0.2100486,0.7814841,-27.7949,-21.35533,-31.41719
68.400057316,-8.435045,16.63482,4.198251,0.3662442,-0.2504661,0.8015755,-26.69087,-20.21236,-32.18894
68.410054684,-1.543324,13.90461,2.369128,0.374739,-0.2357025,0.8034713,-26.69087,-20.21236,-32.18894
68.420052528,2.025603,11.94598,1.149713,0.3688273,-0.2060804,0.8140026,-26.69087,-20.21236,-32.18894
68.43005085,2.579402,10.04671,0.661947,0.3672403,-0.1736019,0.8087326,-26.69087,-20.21236,-32.18894
68.440048218,2.025603,8.62225199999999,0.2351516,0.3640217,-0.1582382,0.7953342,-26.69087,-20.21236,-32.18894
68.450046063,-1.420258,6.12945199999997,-0.1916438,0.3468612,-0.1784613,0.7996765,-26.70124,-19.462,-33.4185
68.460043907,-2.097123,3.696005,-0.801351299999998,0.362105,-0.2124305,0.7719012,-26.70124,-19.462,-33.4185
68.470041275,-0.927991900000002,2.687015,-1.167176,0.3664388,-0.2357008,0.7685496,-26.70124,-19.462,-33.4185
68.48003912,-0.2511264,1.203205,-1.167176,0.3575744,-0.2304077,0.7819638,-26.70124,-19.462,-33.4185
68.490037441,0.7949386,-0.577365899999998,-1.47203,0.3526037,-0.2251386,0.784364,-26.70124,-19.462,-33.4185
68.500034332,0.4257392,-2.595346,-1.837854,0.3401656,-0.2111605,0.7987394,-25.56915,-19.83392,-33.40813
68.510032654,-0.4357261,-4.850737,-2.081738,0.3551389,-0.2040395,0.8011044,-25.56915,-19.83392,-33.40813
68.520030499,-1.174125,-7.04677400000001,-2.691445,0.3522429,-0.2312218,0.8106879,-25.56915,-19.83392,-33.40813
68.530027866,0.5488057,-9.064754,-2.935328,0.35258,-0.2235672,0.7968066,-25.56915,-19.83392,-33.40813
68.540025711,1.717937,-10.96403,-3.666977,0.3576347,-0.2331511,0.800629,-25.56915,-19.83392,-33.40813
68.550024033,3.379334,-12.21043,-4.215714,0.3690211,-0.2169866,0.7900763,-25.93772,-20.21382,-33.02189
68.560020924,3.502401,-13.69424,-4.886393,0.3700541,-0.2197546,0.8039539,-25.93772,-20.21382,-33.02189
68.570019245,4.363866,-16.00898,-5.435129,0.3798068,-0.220004,0.8087227,-25.93772,-20.21382,-33.02189
68.58001709,4.486932,-17.96761,-5.679012,0.394803,-0.2137097,0.8268808,-25.93772,-20.21382,-33.02189
68.590014458,3.133201,-19.86689,-5.618042,0.3989872,-0.2029057,0.8302208,-25.93772,-20.21382,-33.02189
68.600012303,1.410271,-21.05393,-5.374158,0.3948705,-0.1913507,0.8273535,-25.93353,-20.5871,-32.18135
68.610010147,-1.85099,-22.95321,-5.313188,0.3855294,-0.1872846,0.8139687,-25.93353,-20.5871,-32.18135
68.620007515,-3.94312,-25.38666,-5.679012,0.3774173,-0.1968225,0.7981922,-25.93353,-20.5871,-32.18135
68.630005836,-5.112252,-27.8201,-6.28872000000001,0.3869174,-0.2097947,0.7938718,-25.93353,-20.5871,-32.18135
68.640003681,-4.804585,-29.83808,-6.715515,0.3924434,-0.1926776,0.7938578,-25.93353,-20.5871,-32.18135
68.650001049,-5.112252,-32.33088,-7.32522300000002,0.4061824,-0.1977647,0.7923994,-26.32202,-19.83301,-32.63969
68.659998894,-3.94312,-34.82368,-8.23978399999997,0.4119651,-0.1949804,0.7655883,-26.32202,-19.83301,-32.63969
68.669996738,-2.527856,-37.55389,-9.15434600000001,0.4159137,-0.1979102,0.7555321,-26.32202,-19.83301,-32.63969
68.679994106,-2.158657,-40.52151,-9.94696500000001,0.4231176,-0.1924971,0.7473824,-26.32202,-19.83301,-32.63969
68.689992428,-1.051058,-42.71755,-10.55667,0.4484355,-0.165949,0.7262741,-26.32202,-19.83301,-32.63969
68.699989319,-3.512388,-44.73553,-10.37376,0.4543837,-0.1454526,0.7229084,-27.07517,-19.83155,-31.80675
68.70998764,-8.80424499999999,-48.23732,-10.43473,0.4490046,-0.1182541,0.7329608,-27.07517,-19.83155,-31.80675
68.719985485,-14.89604,-53.46033,-10.67861,0.4438403,-0.1292618,0.7095225,-27.07517,-19.83155,-31.80675
68.729982853,-20.31096,-59.3362099999997,-11.34929,0.451032,-0.1491003,0.7032935,-27.07517,-19.83155,-31.80675
68.739980698,-24.86442,-64.2624600000003,-11.65415,0.4791261,-0.166026,0.7046846,-27.07517,-19.83155,-31.80675
68.749978542,-25.41822,-65.3307999999999,-11.53221,0.5304747,-0.176425,0.6787547,-28.19242,-20.58381,-29.81153
68.75997591,-26.40275,-64.0250500000003,-11.41026,0.51929,-0.1783714,0.6495815,-28.19242,-20.58381,-29.81153
68.769974232,-29.78708,-64.8559900000002,-11.22735,0.4923364,-0.1444634,0.6429198,-28.19242,-20.58381,-29.81153
68.779972076,-32.55607,-67.7642500000001,-11.959,0.5007799,-0.1538673,0.6060571,-28.19242,-20.58381,-29.81153
68.789969444,-34.279,-71.5628099999998,-13.23939,0.5135195,-0.183858,0.5935997,-30.07569,-20.21425,-29.44045
68.799967289,-36.6788,-76.7858100000002,-14.09298,0.5332783,-0.198024,0.5959617,-30.07569,-20.21425,-29.44045
68.809965134,-37.54026,-81.4153,-14.21492,0.5654583,-0.1987363,0.6078702,-30.07569,-20.21425,-29.44045
68.819962501,-40.06313,-85.5699600000002,-15.00754,0.608206,-0.2171891,0.6231149,-30.07569,-20.21425,-29.44045
68.829960823,-39.94006,-88.3001699999999,-15.37336,0.6286204,-0.2143078,0.6283429,-30.07569,-20.21425,-29.44045
68.839958668,-41.29379,-90.5555600000002,-16.40987,0.6454772,-0.2294327,0.6383675,-31.58199,-20.21133,-27.77457
68.849956036,-40.73999,-92.6329000000003,-17.69025,0.6570136,-0.2729703,0.6350085,-31.58199,-20.21133,-27.77457
68.85995388,-34.0944,-92.6922499999998,-19.39743,0.6688948,-0.3093873,0.6125041,-31.58199,-20.21133,-27.77457
68.869951725,-27.20268,-91.6832600000002,-20.79976,0.6845083,-0.3105761,0.60817,-31.58199,-20.21133,-27.77457
68.879949093,-23.14149,-91.5052000000003,-21.89723,0.6997488,-0.2910469,0.6382887,-31.58199,-20.21133,-27.77457
68.889947414,-19.20336,-91.8019599999998,-22.75083,0.7310786,-0.2730481,0.6257865,-34.2201,-19.83705,-26.18355
68.899945259,-16.55743,-92.5735399999999,-23.36053,0.7552668,-0.2639198,0.6152133,-34.2201,-19.83705,-26.18355
68.909942627,-17.91116,-96.0753299999998,-23.54345,0.7740728,-0.2541013,0.5855063,-34.2201,-19.83705,-26.18355
68.919940472,-23.01842,-103.1976,-24.94577,0.7940417,-0.2537858,0.576857,-34.2201,-19.83705,-26.18355
68.929938316,-24.67982,-111.6256,-26.83587,0.8220946,-0.2953296,0.5433185,-34.2201,-19.83705,-26.18355
68.939935684,-23.44916,-117.2048,-28.90887,0.8243331,-0.3365377,0.5490681,-35.72363,-20.20468,-23.35464
68.949933529,-17.35736,-119.2821,-29.33567,0.8400331,-0.3163171,0.5475998,-35.72363,-20.20468,-23.35464
68.95993185,-12.80391,-116.2551,-28.42111,0.8624253,-0.262736,0.5662115,-35.72363,-20.20468,-23.35464
68.969929218,-17.0497,-112.9314,-27.62849,0.8669856,-0.2197295,0.5829425,-35.72363,-20.20468,-23.35464
68.979927063,-20.49556,-107.9458,-27.01878,0.8726429,-0.1844248,0.5522947,-35.72363,-20.20468,-23.35464
68.989924908,-26.21815,-104.9782,-27.01878,0.8727134,-0.1891609,0.5125741,-37.59572,-20.95221,-20.13947
68.999922276,-33.10987,-105.453,-28.96984,0.8904309,-0.2249723,0.4905379,-37.59572,-20.95221,-20.13947
69.00992012,-33.60214,-107.5303,-31.71353,0.9172937,-0.2547805,0.4675271,-37.59572,-20.95221,-20.13947
69.019918442,-32.30994,-111.0915,-35.49372,0.9304664,-0.3074703,0.469432,-37.59572,-20.95221,-20.13947
69.02991581,-23.75682,-113.1688,-37.8106,0.9748983,-0.3382051,0.466491,-37.59572,-20.95221,-20.13947
69.039913654,-13.60384,-112.1598,-38.48129,1.022668,-0.3128896,0.474537,-39.85997,-20.93858,-16.54413
69.049911499,-8.68117799999998,-110.8541,-38.11546,1.038617,-0.2536483,0.4883726,-39.85997,-20.93858,-16.54413
69.059908867,-8.61964500000002,-109.3109,-37.99352,1.042037,-0.2019613,0.5003178,-39.85997,-20.93858,-16.54413
69.069906712,-12.68084,-108.8954,-38.48129,1.034537,-0.1919881,0.4912353,-39.85997,-20.93858,-16.54413
69.079905033,-13.66537,-108.2426,-38.72517,1.040267,-0.1862102,0.473038,-39.85997,-20.93858,-16.54413
69.089901924,-13.97304,-106.462,-38.17643,1.032905,-0.1842418,0.4385928,-40.89654,-22.82109,-13.31686
69.099900246,-15.44983,-105.0969,-37.01799,1.023104,-0.1816338,0.4261663,-40.89654,-22.82109,-13.31686
69.10989809,-18.09576,-104.1473,-35.92051,1.019471,-0.1701965,0.4094195,-40.89654,-22.82109,-13.31686
69.119895458,-18.8957,-101.9512,-34.94498,1.026812,-0.1720392,0.4046214,-40.89654,-22.82109,-13.31686
69.129893303,-19.63409,-99.5771200000002,-34.09139,1.025583,-0.1848646,0.386441,-40.89654,-22.82109,-13.31686
69.139891148,-18.77263,-96.9656100000001,-33.05489,1.036356,-0.1882771,0.3620157,-41.63851,-23.93673,-9.639816
69.149888516,-18.77263,-94.1167000000002,-31.83547,1.042436,-0.1752295,0.3409444,-41.63851,-23.93673,-9.639816
69.159886837,-20.06483,-91.8613099999999,-31.10382,1.041245,-0.1642869,0.317972,-41.63851,-23.93673,-9.639816
69.169884682,-21.97236,-90.7929700000002,-30.37217,1.045198,-0.167856,0.2911658,-41.63851,-23.93673,-9.639816
69.17988205,-23.63375,-89.90269,-30.06732,1.059159,-0.1852847,0.2681743,-41.63851,-23.93673,-9.639816
69.189879894,-23.32609,-89.1311000000001,-29.88441,1.067165,-0.1969909,0.2461488,-41.24473,-25.43136,-6.790909
69.199877739,-22.40309,-88.1814699999998,-29.70149,1.075446,-0.1975764,0.21742,-41.24473,-25.43136,-6.790909
69.209875107,-21.11089,-88.0627599999999,-29.57955,1.072636,-0.2041465,0.1958906,-41.24473,-25.43136,-6.790909
69.219873428,-19.75716,-88.0034099999998,-29.76246,1.071039,-0.1976381,0.1671772,-41.24473,-25.43136,-6.790909
69.229871273,-18.7111,-88.1221200000003,-30.43314,1.064699,-0.197987,0.1427809,-41.24473,-25.43136,-6.790909
69.239868641,-17.54197,-88.4188799999998,-31.16479,1.054885,-0.195025,0.115997,-42.35778,-26.5569,-3.955153
69.249866486,-16.00363,-88.4188799999998,-31.65256,1.051691,-0.1811976,0.09398454,-42.35778,-26.5569,-3.955153
69.25986433,-15.3883,-89.1311000000001,-31.95741,1.035172,-0.1584181,0.07007867,-42.35778,-26.5569,-3.955153
69.269861698,-15.81903,-89.6652799999999,-32.38421,1.032367,-0.1391893,0.05332845,-42.35778,-26.5569,-3.955153
69.27986002,-16.3113,-90.2588000000001,-32.62809,1.022914,-0.1293687,0.03180647,-42.35778,-26.5569,-3.955153
69.289857864,-17.11123,-90.3181500000002,-32.56712,1.020832,-0.1227733,0.01362251,-41.95248,-28.43897,-1.942723
69.299855232,-17.84963,-90.7929700000002,-32.20129,1.039713,-0.1167971,-0.01129789,-41.95248,-28.43897,-1.942723
69.309853077,-19.14183,-91.5052000000003,-31.89644,1.054248,-0.1127759,-0.02807443,-41.95248,-28.43897,-1.942723
69.319850922,-20.74169,-92.2174299999997,-31.71353,1.074908,-0.09737813,-0.03625021,-41.95248,-28.43897,-1.942723
69.32984829,-22.83382,-93.1670600000001,-31.40867,1.084898,-0.08460329,-0.0424924,-41.95248,-28.43897,-1.942723
69.339846134,-24.92595,-94.2947600000001,-31.22576,1.091643,-0.08065709,-0.05064097,-41.5806,-28.79581,0.5130987
69.349843502,-26.09508,-94.9476299999998,-31.40867,1.096424,-0.1020756,-0.06500106,-41.5806,-28.79581,0.5130987
69.359841824,-26.21815,-95.5411600000003,-31.59159,1.096222,-0.1178403,-0.0879683,-41.5806,-28.79581,0.5130987
69.369839668,-24.67982,-95.7192200000002,-32.07935,1.096005,-0.1325369,-0.1004071,-41.5806,-28.79581,0.5130987
69.379837513,-21.78776,-95.3037500000002,-32.38421,1.088208,-0.1327786,-0.109965,-41.56456,-30.2266,3.745887
69.389834881,-18.83416,-95.0663400000002,-32.99392,1.077407,-0.1287151,-0.1204759,-41.56456,-30.2266,3.745887
69.399832726,-15.88057,-94.4134699999999,-33.35974,1.067535,-0.1221727,-0.127639,-41.56456,-30.2266,3.745887
69.409831047,-13.1731,-93.9386400000002,-33.35974,1.059935,-0.1068166,-0.1324155,-41.56456,-30.2266,3.745887
69.419828415,-11.08097,-93.7012300000002,-33.72556,1.057371,-0.1000904,-0.1352842,-41.56456,-30.2266,3.745887
69.42982626,-9.29651100000003,-92.8109499999999,-33.54265,1.064411,-0.08592922,-0.1429573,-41.17695,-31.34415,6.205764
69.439823628,-7.32744799999997,-91.9800199999997,-33.35974,1.068663,-0.07917801,-0.1578023,-41.17695,-31.34415,6.205764
69.449821472,-5.97371699999999,-91.2084400000002,-32.56712,1.082108,-0.06874707,-0.1621356,-41.17695,-31.34415,6.205764
69.459819317,-5.604517,-90.0213900000001,-31.95741,1.092659,-0.05985308,-0.1688564,-41.17695,-31.34415,6.205764
69.469816685,-5.97371699999999,-88.59693,-30.92091,1.099321,-0.05153941,-0.1774845,-41.17695,-31.34415,6.205764
69.47981453,-6.09678299999998,-87.2318300000003,-29.82343,1.103757,-0.05445514,-0.187063,-40.03171,-32.83698,8.608729
69.489812851,-5.481451,-85.68867,-28.17722,1.103351,-0.05885857,-0.189454,-40.03171,-32.83698,8.608729
69.499810696,-4.743052,-83.7300399999998,-26.28713,1.105104,-0.04872004,-0.200467,-40.03171,-32.83698,8.608729
69.509808064,-5.112252,-81.8307599999997,-24.64092,1.094637,-0.03633624,-0.2052377,-40.03171,-32.83698,8.608729
69.519805908,-5.296851,-79.8721300000001,-23.36053,1.081201,-0.02155064,-0.2066538,-40.03171,-32.83698,8.608729
69.52980423,-6.03525000000001,-77.3199800000003,-22.32403,1.06952,-0.02227177,-0.2071118,-39.69841,-34.3359,11.00567
69.539801121,-6.77364899999998,-74.2930099999999,-21.10461,1.051925,-0.01982655,-0.2204819,-39.69841,-34.3359,11.00567
69.549799442,-6.58904900000001,-71.0879800000001,-19.8852,1.03584,-0.01970666,-0.2257182,-39.69841,-34.3359,11.00567
69.55979681,-6.281383,-67.8236000000002,-18.60481,1.024752,-0.02634824,-0.237183,-39.69841,-34.3359,11.00567
69.569794655,-5.358385,-64.3811599999999,-17.56831,1.031042,-0.02447321,-0.2582518,-39.69841,-34.3359,11.00567
69.5797925,-4.558453,-61.5916099999997,-16.59278,1.029047,-0.02210046,-0.2601632,-38.93606,-35.45065,13.46833
69.589789868,-4.12772,-58.44593,-15.61725,1.021572,-0.01361523,-0.2725953,-38.93606,-35.45065,13.46833
69.599787712,-4.12772,-55.2409,-15.00754,1.014221,-0.01131322,-0.2706688,-38.93606,-35.45065,13.46833
69.609786034,-4.31232,-51.91716,-14.33686,1.000151,-0.01446299,-0.2658578,-38.93606,-35.45065,13.46833
69.619783401,-3.327788,-47.8812,-13.72715,0.988606,-0.02247053,-0.2663141,-38.93606,-35.45065,13.46833
69.629781246,-2.404789,-43.42978,-12.93453,0.971143,-0.02670747,-0.2667612,-37.80316,-36.1893,15.09323
69.639779091,-1.358725,-38.80029,-12.14191,0.9588837,-0.02255865,-0.2648266,-37.80316,-36.1893,15.09323
69.649776935,-0.5587925,-34.23016,-11.41026,0.9422193,-0.01761711,-0.2729346,-37.80316,-36.1893,15.09323
69.659774303,0.3026727,-29.95679,-10.67861,0.9408185,-0.02115165,-0.2844171,-37.80316,-36.1893,15.09323
69.669772625,0.733405399999999,-26.09888,-9.88599500000001,0.9430953,-0.0129597,-0.2968661,-37.80316,-36.1893,15.09323
69.67977047,0.7949386,-22.30033,-8.66657900000002,0.9361659,-0.007278468,-0.2982912,-37.80038,-36.55984,16.25627
69.689767837,0.856471800000002,-18.73919,-7.93493099999999,0.9395468,-0.005797708,-0.3030832,-37.80038,-36.55984,16.25627
69.699765682,1.471804,-14.40647,-7.02036900000001,0.9500276,-0.01931982,-0.3164982,-37.80038,-36.55984,16.25627
69.709763527,2.210203,-10.54856,-5.618042,0.9713942,-0.01557066,-0.3246722,-37.80038,-36.55984,16.25627
69.719760895,2.579402,-7.04677400000001,-4.581539,0.9829476,-0.008062049,-0.3256514,-37.80038,-36.55984,16.25627
69.729758739,2.517869,-3.901098,-3.484065,0.978472,-0.003304217,-0.3270805,-37.0467,-36.92749,17.10236
69.739757061,2.271736,-0.636718299999999,-2.32562,0.9760906,-0.006284461,-0.3289899,-37.0467,-36.92749,17.10236
69.749754429,1.841003,2.924424,-0.801351299999998,0.9725901,-0.001481049,-0.3275493,-37.0467,-36.92749,17.10236
69.759752274,1.471804,6.18880399999999,0.600976199999997,0.9692799,-0.006913736,-0.329935,-37.0467,-36.92749,17.10236
69.769750118,1.656404,9.74994700000003,1.759421,0.9663846,-0.00843315,-0.3304082,-37.0467,-36.92749,17.10236
69.779747486,1.841003,12.95497,3.283689,0.9643983,-0.006568103,-0.3347124,-36.66409,-37.30503,17.10717
69.789745331,2.333269,15.68518,4.13728,0.9616746,-0.01736965,-0.3409263,-36.66409,-37.30503,17.10717
69.799743652,3.256268,18.23733,5.173783,0.9513436,-0.01227227,-0.3456954,-36.66409,-37.30503,17.10717
69.80974102,4.179266,20.61143,6.02737400000002,0.9406001,-0.01101793,-0.3447199,-36.66409,-37.30503,17.10717
69.819738865,5.102265,23.28229,6.88096399999999,0.933426,-0.01781372,-0.328434,-36.66409,-37.30503,17.10717
69.82973671,6.20986300000002,25.65638,7.79552599999997,0.9289605,-0.01351092,-0.3265131,-36.29104,-37.29895,17.49695
69.839734077,6.82519499999998,28.14918,8.95397000000002,0.9268888,-0.006608305,-0.3111968,-36.29104,-37.29895,17.49695
69.849731922,6.57906199999999,30.93874,10.05144,0.9174798,0.001501898,-0.3073539,-36.29104,-37.29895,17.49695
69.859730244,6.02526299999999,33.78765,11.3928,0.9124643,0.009226121,-0.3020827,-36.29104,-37.29895,17.49695
69.869727612,5.656064,37.3488,12.30736,0.9219499,-0.002656055,-0.2934819,-36.29104,-37.29895,17.49695
69.879725456,5.286864,40.67253,13.28289,0.9351849,-0.006737339,-0.2901539,-37.79251,-36.9402,16.25829
69.889723301,4.917665,44.17432,14.74619,0.9365848,-0.003233523,-0.2820214,-37.79251,-36.9402,16.25829
69.899720669,4.240799,47.20129,15.90464,0.9438462,-0.0006471914,-0.280599,-37.79251,-36.9402,16.25829
69.909718513,3.194735,50.16891,17.42891,0.951229,-0.004287972,-0.2696037,-37.79251,-36.9402,16.25829
69.919716835,2.456336,53.13653,18.64832,0.9523954,-0.01445216,-0.2676888,-37.42056,-36.56684,15.09804
69.929713726,2.14867,56.22285,19.74579,0.9612749,-0.02004223,-0.2605242,-37.42056,-36.56684,15.09804
69.939712048,1.656404,59.1904700000001,20.7823,0.9725006,-0.0206695,-0.2471435,-37.42056,-36.56684,15.09804
69.949709892,1.164138,62.45485,21.75783,0.9813094,-0.02230326,-0.2323226,-37.42056,-36.56684,15.09804
69.95970726,1.041071,66.1346900000001,22.73336,0.9970922,-0.03207777,-0.219426,-37.42056,-36.56684,15.09804
69.969705105,0.733405399999999,69.3990699999999,23.64792,1.016598,-0.03257656,-0.2098884,-38.55934,-35.45164,13.01961
69.97970295,0.610338899999999,72.9008599999998,24.68443,1.036124,-0.0339547,-0.1903004,-38.55934,-35.45164,13.01961
69.989700317,0.4257392,76.2839399999998,25.72093,1.048846,-0.03653126,-0.1807504,-38.55934,-35.45164,13.01961
69.999698639,0.5488057,79.84509,26.63549,1.067858,-0.03649246,-0.164512,-38.55934,-35.45164,13.01961
70.009696484,0.4257392,83.2875299999998,27.42811,1.092911,-0.04715221,-0.16216,-38.55934,-35.45164,13.01961
70.019693851,0.6718721,86.3145000000003,28.40364,1.11724,-0.04515668,-0.1559815,-38.9332,-35.09099,11.01529
70.029691696,0.4257392,89.1040600000001,29.3182,1.151892,-0.04778593,-0.1464697,-38.9332,-35.09099,11.01529
70.039689541,0.3642059,91.6562099999999,29.86694,1.169289,-0.06585097,-0.1402739,-38.9332,-35.09099,11.01529
70.049686909,0.5488057,93.7335400000002,30.35471,1.185448,-0.06984379,-0.133601,-38.9332,-35.09099,11.01529
70.05968523,1.471804,95.4547599999999,30.7815,1.192021,-0.08224752,-0.1226019,-38.9332,-35.09099,11.01529
70.069683075,3.071668,96.6418099999999,31.08636,1.192665,-0.09043878,-0.1163795,-39.99857,-34.36168,8.229839
70.079680443,4.979198,97.8882100000001,31.45218,1.191038,-0.1074131,-0.1091936,-39.99857,-34.36168,8.229839
70.089678288,7.25592799999999,98.8378399999999,32.18383,1.180747,-0.1041403,-0.1010407,-39.99857,-34.36168,8.229839
70.099676132,9.22499200000001,99.9655399999999,32.91548,1.170439,-0.09986515,-0.08953805,-39.99857,-34.36168,8.229839
70.1096735,9.90185699999999,101.1526,33.7081,1.157171,-0.09371793,-0.0794664,-39.99857,-34.36168,8.229839
70.119671822,9.471125,101.9242,34.31781,1.145007,-0.094317,-0.06556633,-40.0705,-33.24832,4.998276
70.129669666,9.28652499999998,102.6364,34.98848,1.141061,-0.09129508,-0.04546004,-40.0705,-33.24832,4.998276
70.139667034,8.60965899999997,103.9421,35.84208,1.133794,-0.09327275,-0.03348246,-40.0705,-33.24832,4.998276
70.149664879,7.74819400000003,105.1886,36.81761,1.129604,-0.1034989,-0.02677246,-40.0705,-33.24832,4.998276
70.159662724,7.13286200000001,106.1975,37.79314,1.115042,-0.1060452,-0.008081952,-40.0705,-33.24832,4.998276
70.169660091,6.33293000000003,106.9691,38.40285,1.120094,-0.1149458,0.01727607,-41.153,-31.75557,2.531274
70.179657936,6.14833,108.2749,38.89061,1.107383,-0.1384125,0.02926867,-41.153,-31.75557,2.531274
70.189656258,7.13286200000001,109.3432,38.89061,1.098542,-0.1603536,0.04029698,-41.153,-31.75557,2.531274
70.199653626,9.40959199999999,110.5303,39.07352,1.086257,-0.1803445,0.05946659,-41.153,-31.75557,2.531274
70.20965147,13.47079,111.0051,39.37838,1.07774,-0.1934797,0.07623498,-41.153,-31.75557,2.531274
70.219649315,17.96271,111.658,39.98809,1.075798,-0.1933295,0.0968171,-41.17651,-29.8843,-1.090883
70.229646683,21.40857,112.6669,40.53682,1.073249,-0.1869047,0.1140486,-41.17651,-29.8843,-1.090883
70.239644527,23.1315,113.1418,40.47585,1.076655,-0.1861628,0.1346213,-41.17651,-29.8843,-1.090883
70.249642849,25.3467,113.6759,40.71973,1.081255,-0.1970556,0.1556734,-41.17651,-29.8843,-1.090883
70.259640217,27.50036,114.6849,40.65876,1.087167,-0.2002482,0.165714,-41.17651,-29.8843,-1.090883
70.269638062,29.22329,115.3378,40.171,1.08346,-0.2098298,0.1886946,-41.57685,-28.0727,-3.941479
70.279635906,31.19235,115.3972,39.92712,1.074291,-0.214266,0.2016333,-41.57685,-28.0727,-3.941479
70.289633274,32.85375,115.7533,39.68323,1.076384,-0.2212593,0.2293888,-41.57685,-28.0727,-3.941479
70.299631119,35.19201,116.1687,39.19547,1.076699,-0.2119851,0.2332145,-41.57685,-28.0727,-3.941479
70.30962944,36.54575,116.4062,39.19547,1.073745,-0.2099418,0.2504479,-41.57685,-28.0727,-3.941479
70.319627285,35.68428,116.1094,38.7077,1.057628,-0.2077252,0.2619612,-41.58436,-26.96268,-7.624083
70.329624653,34.88435,115.3972,38.21993,1.057711,-0.2120751,0.2643551,-41.58436,-26.96268,-7.624083
70.339622498,33.83828,114.4475,37.73217,1.041648,-0.2128039,0.2725191,-41.58436,-26.96268,-7.624083
70.349620342,32.79222,113.5572,36.75663,1.029659,-0.2225578,0.294557,-41.58436,-26.96268,-7.624083
70.35961771,31.93075,113.0231,35.96402,1.017771,-0.2120055,0.3051037,-41.58436,-26.96268,-7.624083
70.369616032,29.83862,111.836,35.35431,0.9977224,-0.2078658,0.3228448,-41.61912,-24.70452,-10.47426
70.379613876,27.80803,110.7677,34.86654,0.9781339,-0.2022592,0.3405849,-41.61912,-24.70452,-10.47426
70.389611244,25.22363,109.64,34.62266,0.9519318,-0.2080784,0.3454178,-41.61912,-24.70452,-10.47426
70.399609089,23.56223,108.3936,34.50072,0.9422116,-0.2091239,0.3583566,-41.61912,-24.70452,-10.47426
70.409606934,22.33157,107.2065,34.31781,0.92224,-0.2095272,0.3574343,-41.61912,-24.70452,-10.47426
70.419604302,21.2855,104.9511,34.31781,0.907528,-0.2044199,0.3632016,-40.85553,-24.72614,-13.69372
70.429602146,19.43951,102.2209,33.64713,0.8977327,-0.2016495,0.3684823,-40.85553,-24.72614,-13.69372
70.439600468,17.77811,98.7785000000001,32.79354,0.8791976,-0.2004833,0.3766501,-40.85553,-24.72614,-13.69372
70.449597836,15.74751,94.7425299999998,31.51315,0.8672335,-0.2117779,0.3895954,-40.85553,-24.72614,-13.69372
70.45959568,16.11671,90.8846299999998,29.98888,0.8559653,-0.2342705,0.3987138,-40.85553,-24.72614,-13.69372
70.469593525,18.39344,87.7389500000001,28.52559,0.838635,-0.2451501,0.4154969,-40.12955,-22.84924,-17.31031
70.479590893,21.1009,84.7713299999997,27.30617,0.8293119,-0.2412933,0.4322624,-40.12955,-22.84924,-17.31031
70.489588738,21.77777,81.8630699999998,25.72093,0.8176651,-0.2175938,0.4451981,-40.12955,-22.84924,-17.31031
70.499587059,21.03937,79.13286,24.25763,0.8084977,-0.2219773,0.4638797,-40.12955,-22.84924,-17.31031
70.509584427,21.6547,75.9278300000002,22.48948,0.7862508,-0.2305243,0.4806709,-39.4537,-21.72699,-20.14931
70.519582272,24.2391,73.25697,21.02618,0.772585,-0.2293145,0.4830872,-39.4537,-21.72699,-20.14931
70.529580116,24.6083,70.7048299999999,19.44094,0.7675836,-0.2219225,0.5051085,-39.4537,-21.72699,-20.14931
70.539577484,24.85443,68.4494299999999,17.91667,0.7524041,-0.2177568,0.515184,-39.4537,-21.72699,-20.14931
70.549575329,24.6083,65.60052,15.90464,0.7259903,-0.2381057,0.525764,-39.4537,-21.72699,-20.14931
70.55957365,28.66949,63.5231900000002,14.86813,0.7222109,-0.2445328,0.5219436,-38.32832,-21.35563,-22.20701
70.569570542,30.63856,62.03938,13.8926,0.7204773,-0.2299449,0.5267286,-38.32832,-21.35563,-22.20701
70.579568863,29.65402,60.6149300000002,12.97804,0.7176074,-0.2057913,0.5702779,-38.32832,-21.35563,-22.20701
70.589566708,26.88503,58.2408300000001,11.45377,0.7012039,-0.2135088,0.6119446,-38.32832,-21.35563,-22.20701
70.599564076,30.45395,57.5286,10.78309,0.7113561,-0.2351931,0.6100181,-38.32832,-21.35563,-22.20701
70.60956192,33.40755,59.6059299999998,10.53921,0.7120999,-0.2223334,0.6329852,-36.83999,-20.59348,-23.36095
70.619560242,31.80768,60.91168,10.3563,0.6971517,-0.2037945,0.6732069,-36.83999,-20.59348,-23.36095
70.629557133,30.26936,61.0897399999999,10.29533,0.6838728,-0.1972274,0.6760997,-36.83999,-20.59348,-23.36095
70.639555454,28.54642,60.0213999999997,10.23436,0.6650424,-0.2062674,0.6847492,-36.83999,-20.59348,-23.36095
70.649553299,27.43883,58.8343500000002,9.99047299999997,0.6739968,-0.2156865,0.6981363,-36.83999,-20.59348,-23.36095
70.659550667,27.62343,58.8343500000002,10.41727,0.6754631,-0.2154996,0.7153624,-35.32582,-20.97675,-25.02481
70.669548511,25.5313,58.9530600000001,10.84406,0.6733465,-0.2061462,0.7330709,-35.32582,-20.97675,-25.02481
70.679546356,21.4701,58.3595399999999,11.3928,0.6668847,-0.1987523,0.7584448,-35.32582,-20.97675,-25.02481
70.689543724,17.65504,57.3505400000001,11.63668,0.6559581,-0.2134455,0.7694749,-35.32582,-20.97675,-25.02481
70.699542046,17.22431,56.1635,11.94154,0.6459103,-0.223398,0.7656664,-35.32582,-20.97675,-25.02481
70.70953989,16.36285,55.33257,12.00251,0.6335153,-0.2119277,0.771428,-34.19035,-21.3552,-25.78844
70.719537735,14.76298,55.39192,12.06348,0.6201093,-0.1985423,0.7762337,-34.19035,-21.3552,-25.78844
70.729535103,12.79392,54.79839,12.18542,0.6069547,-0.1988855,0.7671637,-34.19035,-21.3552,-25.78844
70.739532947,11.19406,53.96746,12.12445,0.5924558,-0.2056252,0.7523549,-34.19035,-21.3552,-25.78844
70.749531269,11.99399,52.60236,11.51474,0.5838999,-0.2176718,0.7289227,-34.19035,-21.3552,-25.78844
70.759528637,12.79392,50.88114,11.02698,0.5685157,-0.2285875,0.7375667,-33.44167,-20.98284,-27.39741
70.769526482,17.03971,50.94049,10.72212,0.5810643,-0.2227188,0.7145716,-33.44167,-20.98284,-27.39741
70.779524326,17.83964,52.12754,11.20989,0.5671505,-0.1820342,0.7298998,-33.44167,-20.98284,-27.39741
70.789521694,12.17859,50.70308,11.88057,0.5460749,-0.1485303,0.7725213,-33.44167,-20.98284,-27.39741
70.799519539,10.51719,49.15992,11.94154,0.5370814,-0.1636678,0.7309046,-33.44167,-20.98284,-27.39741
70.80951786,7.37899399999997,47.5574,11.63668,0.5215234,-0.1910125,0.7500819,-31.5626,-20.97913,-28.60901
70.819514751,7.31746100000001,46.54841,11.3928,0.5190291,-0.1882689,0.7366854,-31.5626,-20.97913,-28.60901
70.829513073,5.84066300000002,44.64914,11.02698,0.4967045,-0.1930747,0.7376827,-31.5626,-20.97913,-28.60901
70.839510918,3.440868,41.44411,10.60018,0.4818,-0.2034424,0.7520687,-31.5626,-20.97913,-28.60901
70.849508285,5.348398,38.12038,9.62464900000002,0.4835826,-0.2211247,0.7276627,-31.5626,-20.97913,-28.60901
70.85950613,6.14833,35.80563,8.83202800000001,0.4798043,-0.2011047,0.7463287,-30.81731,-20.60023,-29.44399
70.869504452,6.39446299999999,34.38118,8.46620500000003,0.4907007,-0.1842709,0.7568339,-30.81731,-20.60023,-29.44399
70.879501343,6.82519499999998,34.38118,8.34426300000002,0.4807376,-0.1728665,0.7501484,-30.81731,-20.60023,-29.44399
70.889499664,4.0562,32.65996,8.22232199999999,0.4514541,-0.1698286,0.7736488,-30.81731,-20.60023,-29.44399
70.899497509,3.810067,30.52328,7.55164299999999,0.4418592,-0.1785248,0.7468675,-30.81731,-20.60023,-29.44399
70.909494877,3.933134,27.14019,6.271257,0.4429521,-0.2104613,0.7593168,-29.31495,-20.59552,-30.20687
70.919492722,4.979198,24.05387,5.356696,0.4371433,-0.2125198,0.7593274,-29.31495,-20.59552,-30.20687
70.929490566,6.82519499999998,22.03588,5.112813,0.4593434,-0.2008124,0.7693359,-29.31495,-20.59552,-30.20687
70.939487934,4.794599,20.73013,5.051842,0.4446132,-0.1683173,0.7942392,-29.31495,-20.59552,-30.20687
70.949486256,1.841003,19.60244,5.234754,0.4493102,-0.1590179,0.7913571,-29.31495,-20.59552,-30.20687
70.9594841,-2.03559,18.23733,5.478637,0.4280242,-0.1671872,0.7942678,-28.55394,-20.97733,-31.03778
70.969481945,-5.112252,16.21935,5.539608,0.4294781,-0.1930362,0.7808717,-28.55394,-20.97733,-31.03778
70.979479313,-4.743052,14.97295,5.356696,0.4200354,-0.2093071,0.7756281,-28.55394,-20.97733,-31.03778
70.989477158,-4.989185,12.95497,5.234754,0.4048032,-0.2021654,0.7924029,-28.55394,-20.97733,-31.03778
70.999475479,-4.558453,10.28412,4.320192,0.4102878,-0.2088997,0.7880879,-28.55394,-20.97733,-31.03778
71.009472847,-3.081655,8.44419500000002,3.222719,0.408499,-0.2170557,0.8034076,-28.1775,-20.97779,-31.422
71.019470692,-0.2511264,7.49455599999999,2.673982,0.4186545,-0.2129894,0.8009959,-28.1775,-20.97779,-31.422
71.029468536,0.3642059,6.48556600000003,2.003304,0.4222881,-0.1987859,0.8052931,-28.1775,-20.97779,-31.422
71.039465904,0.4872724,4.823699,1.942333,0.4167772,-0.1905592,0.8134364,-28.1775,-20.97779,-31.422
71.049463749,1.102605,3.043129,0.844859200000001,0.4184648,-0.2027314,0.8072151,-27.81849,-20.21426,-31.42328
71.05946207,1.77947,0.965795599999997,0.0522393,0.4126025,-0.2018359,0.8115323,-27.81849,-20.21426,-31.42328
71.069458962,2.640936,-1.289594,-0.679409800000002,0.4155216,-0.2018878,0.7995628,-27.81849,-20.21426,-31.42328
71.079457283,3.133201,-3.485632,-1.350088,0.4016411,-0.1896636,0.784748,-27.81849,-20.21426,-31.42328
71.089455128,2.333269,-6.75001199999997,-2.26465,0.3917408,-0.1816903,0.7747132,-27.81849,-20.21426,-31.42328
71.099452496,1.533337,-10.60792,-3.240182,0.3972734,-0.1651379,0.7660848,-28.19153,-20.22035,-31.81306
71.10945034,0.610338899999999,-13.93165,-4.337656,0.3992807,-0.1686577,0.7488535,-28.19153,-20.22035,-31.81306
71.119448185,0.6718721,-16.3651,-4.947363,0.4058201,-0.1797929,0.7392734,-28.19153,-20.22035,-31.81306
71.129445553,1.77947,-17.07732,-5.313188,0.4214904,-0.184606,0.7105328,-28.19153,-20.22035,-31.81306
71.139443874,2.210203,-17.49279,-5.679012,0.4141656,-0.1581335,0.6985744,-28.19153,-20.22035,-31.81306
71.149441719,0.7949386,-18.62049,-5.4961,0.4009705,-0.1302447,0.6947616,-27.82635,-19.83391,-31.42531
71.159439087,-2.835522,-21.64746,-5.983866,0.4038914,-0.1302397,0.6890135,-27.82635,-19.83391,-31.42531
71.169436932,-5.78911700000002,-25.98018,-6.65454400000003,0.4054504,-0.1612828,0.6918903,-27.82635,-19.83391,-31.42531
71.179434776,-7.696647,-31.26254,-7.50813499999997,0.4150391,-0.1784249,0.7095853,-27.82635,-19.83391,-31.42531
71.189432144,-9.23497800000001,-37.19778,-8.72755100000002,0.4208236,-0.1748126,0.720103,-27.82635,-19.83391,-31.42531
71.199430466,-12.49624,-44.08265,-10.00794,0.4363458,-0.1967934,0.7272602,-28.18537,-20.59743,-31.42403
71.20942831,-11.88091,-49.12761,-10.73959,0.4655728,-0.1969695,0.6980162,-28.18537,-20.59743,-31.42403
71.219426155,-12.06551,-52.45134,-11.34929,0.472365,-0.1697322,0.6860329,-28.18537,-20.59743,-31.42403
71.229423523,-16.06517,-54.94414,-11.28832,0.4721094,-0.13049,0.6735803,-28.18537,-20.59743,-31.42403
71.239421368,-19.57256,-57.02147,-11.59318,0.4769512,-0.129769,0.6357642,-28.18537,-20.59743,-31.42403
71.249419689,-21.72622,-58.7426900000001,-12.08094,0.4852675,-0.1579955,0.6132638,-28.94977,-20.20908,-29.81911
71.259417057,-22.64922,-61.2948399999999,-12.75162,0.4954565,-0.1816097,0.6127735,-28.94977,-20.20908,-29.81911
71.269414902,-19.38796,-63.0754100000002,-13.72715,0.5158752,-0.2050131,0.6132226,-28.94977,-20.20908,-29.81911
71.279412746,-17.11123,-64.5592199999998,-14.76366,0.5306371,-0.2124131,0.6222917,-28.94977,-20.20908,-29.81911
71.289410114,-16.55743,-67.5268400000001,-15.43433,0.5388892,-0.1844198,0.6366274,-28.94977,-20.20908,-29.81911
71.299407959,-19.4495,-72.4530900000001,-16.47084,0.5589953,-0.1906065,0.6605227,-31.18419,-20.9834,-29.44474
71.309406281,-19.32643,-77.3793299999998,-17.93414,0.5881005,-0.2094428,0.6633483,-31.18419,-20.9834,-29.44474
71.319403172,-16.37283,-79.6347299999998,-19.15355,0.6145949,-0.2191548,0.6599545,-31.18419,-20.9834,-29.44474
71.329401493,-17.0497,-81.5340000000002,-19.64132,0.6310197,-0.2107701,0.6910312,-31.18419,-20.9834,-29.44474
71.339399338,-18.3419,-83.0771599999999,-19.94617,0.6543989,-0.2103696,0.6842903,-31.18419,-20.9834,-29.44474
71.349396706,-17.17277,-83.4332700000001,-20.43394,0.6765417,-0.222243,0.6665475,-32.327,-20.59078,-27.0041
71.35939455,-17.2343,-84.56097,-20.49491,0.6796569,-0.2067102,0.6579237,-32.327,-20.59078,-27.0041
71.369392395,-19.88023,-87.1724800000002,-20.98267,0.6898534,-0.1788057,0.6583773,-32.327,-20.59078,-27.0041
71.379389763,-25.78742,-91.8613099999999,-22.20209,0.7153468,-0.1870622,0.6568992,-32.327,-20.59078,-27.0041
71.389388085,-28.06415,-96.4907999999998,-23.90927,0.7472221,-0.2239157,0.6496745,-32.327,-20.59078,-27.0041
71.399385929,-26.09508,-99.1616499999997,-25.06771,0.7684235,-0.2635107,0.6314619,-34.20159,-20.96831,-25.01647
71.409383774,-20.80323,-99.7551800000002,-25.37257,0.7796007,-0.261797,0.6352705,-34.20159,-20.96831,-25.01647
71.419381142,-18.64956,-100.4674,-25.98228,0.7790384,-0.2579907,0.6276133,-34.20159,-20.96831,-25.01647
71.429378986,-12.86544,-100.8235,-27.01878,0.786191,-0.2503244,0.60032,-34.20159,-20.96831,-25.01647
71.439377308,-6.71211600000002,-101.8325,-28.36014,0.7989306,-0.2554453,0.5443057,-34.20159,-20.96831,-25.01647
71.449374676,-2.158657,-104.444,-29.45761,0.8315247,-0.2273922,0.5126557,-36.072,-21.71911,-22.1883
71.459372521,-0.5587925,-108.8954,-30.67702,0.8520636,-0.2057716,0.4944284,-36.072,-21.71911,-22.1883
71.469370365,-2.03559,-115.1868,-32.56712,0.859506,-0.2129444,0.4910673,-36.072,-21.71911,-22.1883
71.479367733,-0.743392200000001,-120.113,-34.88401,0.8651528,-0.2284883,0.4795757,-36.072,-21.71911,-22.1883
71.489365578,1.77947,-122.0123,-36.22536,0.8648148,-0.2361735,0.4901069,-36.072,-21.71911,-22.1883
71.499363899,6.45599600000001,-119.3415,-34.94498,0.8765852,-0.1883275,0.4891169,-37.58535,-21.70258,-18.9099
71.509361267,4.363866,-114.2965,-32.50615,0.880478,-0.1363206,0.4819181,-37.58535,-21.70258,-18.9099
71.519359112,-1.974057,-110.676,-30.12829,0.8857074,-0.1037996,0.4665861,-37.58535,-21.70258,-18.9099
71.529356957,-9.111911,-108.3613,-28.23819,0.8851342,-0.1003313,0.4220787,-37.58535,-21.70258,-18.9099
71.539354324,-17.0497,-109.5483,-27.01878,0.9211336,-0.1236373,0.3995288,-37.58535,-21.70258,-18.9099
71.549352169,-23.57222,-112.1005,-26.22616,0.9732214,-0.1213215,0.380773,-39.0625,-23.58183,-14.91187
71.559350491,-30.95621,-115.721,-26.65295,1.011101,-0.1397871,0.4051191,-39.0625,-23.58183,-14.91187
71.569347382,-37.10953,-119.104,-27.99431,1.053465,-0.1891371,0.443344,-39.0625,-23.58183,-14.91187
71.579345703,-36.6788,-118.4512,-29.45761,1.101274,-0.2177341,0.4542753,-39.0625,-23.58183,-14.91187
71.589343548,-33.04834,-116.0177,-30.79897,1.126741,-0.2501477,0.468118,-39.0625,-23.58183,-14.91187
71.599341393,-26.83348,-112.9314,-30.85994,1.118682,-0.2362453,0.4647784,-40.4957,-24.32935,-12.08046
71.609338761,-22.09542,-109.6077,-30.55508,1.089838,-0.2059562,0.4384992,-40.4957,-24.32935,-12.08046
71.619336605,-20.68016,-107.1149,-30.18926,1.062941,-0.1756856,0.4059951,-40.4957,-24.32935,-12.08046
71.629334927,-19.88023,-105.3343,-30.61605,1.061984,-0.1518286,0.3600473,-40.4957,-24.32935,-12.08046
71.639332294,-21.11089,-103.9692,-30.79897,1.058379,-0.116155,0.3365942,-41.61243,-25.4478,-8.406199
71.649330139,-25.29515,-103.1383,-31.04285,1.056256,-0.107008,0.3318098,-41.61243,-25.4478,-8.406199
71.659327984,-28.80255,-101.2983,-30.98188,1.074553,-0.1212116,0.3332173,-41.61243,-25.4478,-8.406199
71.669325352,-30.27934,-98.1526600000001,-30.00635,1.071374,-0.1597603,0.322704,-41.61243,-25.4478,-8.406199
71.679323196,-28.12568,-95.36311,-28.60402,1.06564,-0.1920553,0.310758,-41.61243,-25.4478,-8.406199
71.689321518,-24.00295,-93.0483599999999,-26.77489,1.062919,-0.2035489,0.2820511,-41.58722,-27.32233,-5.171041
71.699318886,-20.31096,-91.1490900000001,-25.00674,1.063758,-0.1969661,0.2562049,-41.58722,-27.32233,-5.171041
71.70931673,-17.35736,-89.0717500000001,-23.78733,1.067358,-0.1815071,0.2384873,-41.58722,-27.32233,-5.171041
71.719314575,-16.3113,-87.4098799999999,-23.05568,1.074908,-0.1689164,0.2174135,-41.58722,-27.32233,-5.171041
71.729311943,-16.24977,-85.8073700000002,-22.56791,1.068963,-0.1644377,0.1887082,-41.58722,-27.32233,-5.171041
71.739309788,-16.80357,-84.6796700000002,-22.14112,1.063019,-0.1599369,0.1623957,-41.95695,-28.06516,-2.718754
71.749308109,-17.17277,-84.0267999999999,-21.83626,1.054805,-0.1641798,0.1413538,-41.95695,-28.06516,-2.718754
71.759305954,-17.72656,-83.4926299999998,-21.40947,1.060101,-0.1613964,0.1155007,-41.95695,-28.06516,-2.718754
71.769303322,-17.4189,-82.6617000000002,-21.04364,1.056392,-0.1461388,0.09157444,-41.95695,-28.06516,-2.718754
71.779301166,-18.58803,-81.7714100000002,-20.55588,1.060009,-0.1316777,0.07098563,-41.95695,-28.06516,-2.718754
71.789299011,-21.23396,-80.8811299999999,-20.43394,1.059814,-0.1215733,0.0604547,-41.56906,-29.18325,-0.3233786
71.799296379,-24.74135,-80.2876,-20.43394,1.056831,-0.1189008,0.04035902,-41.56906,-29.18325,-0.3233786
71.809294701,-27.57188,-79.4566699999998,-20.73879,1.054625,-0.1318289,0.01308736,-41.56906,-29.18325,-0.3233786
71.819292545,-29.35635,-79.0411999999999,-21.10461,1.050866,-0.1399195,-0.01322569,-41.56906,-29.18325,-0.3233786
71.829289913,-29.97168,-78.3289699999998,-21.47044,1.053784,-0.1400154,-0.02998091,-41.56906,-29.18325,-0.3233786
71.839287758,-30.52548,-77.97285,-21.40947,1.056594,-0.1342119,-0.03908025,-41.95283,-29.16863,1.737851
71.849285603,-31.75614,-77.9135100000002,-21.65335,1.050924,-0.1178633,-0.04577464,-41.95283,-29.16863,1.737851
71.85928297,-32.37148,-78.0322099999998,-22.08015,1.04707,-0.1204701,-0.0567745,-41.95283,-29.16863,1.737851
71.869280815,-32.30994,-77.7947999999997,-22.44597,1.044594,-0.1186936,-0.06969219,-41.95283,-29.16863,1.737851
71.879279137,-31.26388,-77.8541600000001,-23.17762,1.049194,-0.1303531,-0.07926873,-41.95283,-29.16863,1.737851
71.889276504,-28.24875,-77.97285,-24.03121,1.057147,-0.139114,-0.0979448,-41.17409,-30.9845,3.752724
71.899274349,-23.32609,-77.8541600000001,-24.33607,1.066391,-0.1384937,-0.1032254,-41.17409,-30.9845,3.752724
71.909272194,-18.64956,-78.1509200000002,-24.70189,1.081674,-0.1222741,-0.1161778,-41.17409,-30.9845,3.752724
71.919270515,-14.77297,-78.3883300000002,-25.06771,1.098365,-0.1030277,-0.1200405,-41.17409,-30.9845,3.752724
71.929267406,-11.69631,-78.5663799999999,-25.18966,1.111656,-0.08434755,-0.1253328,-41.17409,-30.9845,3.752724
71.939265728,-9.85031000000002,-78.6257299999999,-25.37257,1.114322,-0.07072799,-0.1296481,-40.40976,-32.10305,5.763879
71.949263573,-8.61964500000002,-78.5070299999998,-25.37257,1.109717,-0.05923534,-0.1382574,-40.40976,-32.10305,5.763879
71.959260941,-7.63511399999998,-78.1509200000002,-24.8848,1.101389,-0.05700964,-0.1425506,-40.40976,-32.10305,5.763879
71.969258785,-6.52751599999999,-78.1509200000002,-24.09218,1.095956,-0.05327331,-0.1473279,-40.40976,-32.10305,5.763879
71.97925663,-5.419918,-77.4980400000002,-22.93374,1.080357,-0.05319207,-0.1578294,-40.40976,-32.10305,5.763879
71.989253998,-4.250786,-76.4890500000001,-21.77529,1.069988,-0.04619114,-0.1669061,-40.40307,-32.84633,7.831944
71.999252319,-3.820054,-75.53941,-20.37296,1.056111,-0.03386154,-0.1702351,-40.40307,-32.84633,7.831944
72.009250164,-3.94312,-74.2336599999998,-19.15355,1.034382,-0.01885035,-0.1821655,-40.40307,-32.84633,7.831944
72.019247532,-4.558453,-72.4530900000001,-17.99511,1.026964,-0.01324458,-0.1907684,-40.40307,-32.84633,7.831944
72.029245377,-5.727584,-70.6131699999998,-16.89763,1.022622,-0.01587412,-0.2032031,-40.40307,-32.84633,7.831944
72.039243221,-6.15831700000002,-68.8326000000001,-15.86113,1.025534,-0.01537451,-0.207994,-40.01937,-33.59116,9.386788
72.049240589,-6.58904900000001,-66.9333199999999,-15.06851,1.029382,-0.0129521,-0.2170943,-40.01937,-33.59116,9.386788
72.059238911,-6.65058200000003,-65.2120999999998,-14.39783,1.039257,-0.02019967,-0.2338598,-40.01937,-33.59116,9.386788
72.069236755,-6.958249,-63.847,-14.03201,1.040285,-0.02311694,-0.2362537,-40.01937,-33.59116,9.386788
72.0792346,-6.21984999999998,-62.3038300000001,-13.78812,1.038461,-0.03006143,-0.2477346,-40.01937,-33.59116,9.386788
72.089231968,-5.050718,-60.40455,-13.54424,1.031622,-0.02925975,-0.2515515,-38.57757,-34.32093,11.78802
72.099229813,-3.758521,-58.3865700000002,-13.48327,1.013511,-0.02466605,-0.241471,-38.57757,-34.32093,11.78802
72.109228134,-2.958589,-55.41895,-13.30036,0.9988154,-0.02057852,-0.2409679,-38.57757,-34.32093,11.78802
72.119225025,-1.85099,-52.39198,-13.11744,0.9852117,-0.02282615,-0.2447722,-38.57757,-34.32093,11.78802
72.129223347,-0.5587925,-48.71214,-13.05647,0.9832303,-0.02158292,-0.2639121,-38.57757,-34.32093,11.78802
72.139221191,0.3026727,-45.68517,-12.87356,0.9788149,-0.02033954,-0.2777834,-38.19782,-35.05812,14.24586
72.149218559,0.979538199999999,-43.01431,-12.81259,0.9800987,-0.01121288,-0.2921453,-38.19782,-35.05812,14.24586
72.159216404,0.733405399999999,-40.64022,-12.62968,0.9766141,-0.007451217,-0.2983617,-38.19782,-35.05812,14.24586
72.169214726,0.733405399999999,-38.08806,-12.32483,0.9804851,-0.005868658,-0.2931045,-38.19782,-35.05812,14.24586
72.179211617,0.3642059,-35.47656,-11.83706,0.9740326,0.0002728482,-0.2983592,-37.81103,-35.80894,15.0912
72.189209938,0.05653978,-32.62764,-11.16638,0.9706433,-0.0006958153,-0.2906958,-37.81103,-35.80894,15.0912
72.199207783,-0.0665266799999999,-29.30391,-10.55667,0.9785997,-0.009333819,-0.2959718,-37.81103,-35.80894,15.0912
72.209205627,-0.4357261,-25.92083,-9.76405300000001,0.9745662,-0.002120002,-0.2954881,-37.81103,-35.80894,15.0912
72.219202995,-0.5587925,-22.30033,-8.971434,0.9657153,0.002056676,-0.2978666,-37.81103,-35.80894,15.0912
72.22920084,-1.174125,-18.9766,-8.05687200000003,0.9575154,-0.002518283,-0.3021583,-37.80824,-36.17949,16.25424
72.239199162,-1.051058,-16.00898,-7.14231100000002,0.9541231,-0.003583505,-0.3050235,-37.80824,-36.17949,16.25424
72.249196529,-0.5587925,-12.98201,-6.22774899999998,0.9527955,-0.01099536,-0.315548,-37.80824,-36.17949,16.25424
72.259194374,0.3642059,-10.2518,-5.313188,0.955615,-0.005677636,-0.3246472,-37.80824,-36.17949,16.25424
72.269192219,1.287204,-7.69964999999998,-4.032802,0.9585294,-0.005107799,-0.321781,-37.80824,-36.17949,16.25424
72.279189587,1.410271,-4.850737,-3.11824,0.9634642,-0.008420667,-0.3227459,-37.0509,-36.55422,16.26183
72.289187431,1.656404,-1.705061,-2.32562,0.9654798,-0.01167716,-0.3112627,-37.0509,-36.55422,16.26183
72.299185753,2.271736,1.559319,-1.228147,0.9669963,-0.01454969,-0.3098289,-37.0509,-36.55422,16.26183
72.309183121,2.640936,4.526937,-0.00873146199999999,0.9663787,-0.007842051,-0.3189225,-37.0509,-36.55422,16.26183
72.319180965,2.394803,7.37585099999998,1.454567,0.962356,-0.001061321,-0.3126957,-37.0509,-36.55422,16.26183
72.32917881,1.410271,10.52153,2.49107,0.9511718,-0.002223468,-0.3093259,-37.04501,-36.93076,16.71536
72.339176655,0.979538199999999,13.72655,3.832426,0.9455162,-0.012597,-0.3155349,-37.04501,-36.93076,16.71536
72.349174023,1.102605,16.81288,4.807959,0.9436361,-0.01589976,-0.3006949,-37.04501,-36.93076,16.71536
72.359172344,1.287204,19.66179,5.84446099999998,0.9363188,-0.01560225,-0.305468,-37.04501,-36.93076,16.71536
72.371669293,1.164138,23.40099,7.24678899999998,0.9284532,-0.01183941,-0.3021052,-37.04501,-36.93076,16.71536
72.379167557,0.7949386,25.83444,8.10037999999998,0.9289427,-0.01175517,-0.2939703,-37.05287,-36.55041,16.71333
72.389165402,0.5488057,29.15817,9.25882399999997,0.9265172,-0.01225833,-0.2906159,-37.05287,-36.55041,16.71333
72.399163246,0.733405399999999,32.30384,10.05144,0.9238155,-0.0239129,-0.2839082,-37.05287,-36.55041,16.71333
72.409160614,1.471804,35.44952,10.84406,0.9364544,-0.02215711,-0.2786663,-37.05287,-36.55041,16.71333
72.419158936,2.517869,38.65455,11.3928,0.9428046,-0.02302108,-0.2805914,-37.05287,-36.55041,16.71333
72.42915678,3.071668,41.91893,12.18542,0.9581859,-0.0114221,-0.2676997,-37.42394,-36.5603,15.87204
72.439154148,3.133201,45.65813,12.97804,0.9631443,-0.01553532,-0.2499999,-37.42394,-36.5603,15.87204
72.449151993,2.702469,49.51603,13.58775,0.9700115,-0.01776355,-0.2428327,-37.42394,-36.5603,15.87204
72.459149838,2.579402,53.31458,14.44134,0.9793143,-0.01994367,-0.2356697,-37.42394,-36.5603,15.87204
72.469148159,2.764002,57.29119,14.86813,0.9849956,-0.03672095,-0.2227537,-37.42394,-36.5603,15.87204
72.481644631,4.548466,61.2677999999999,15.96561,1.017375,-0.04815958,-0.21515,-37.42645,-36.1903,14.64451
72.489143372,6.39446299999999,63.8199499999997,16.33143,1.03936,-0.0511005,-0.2123161,-37.42645,-36.1903,14.64451
72.499141216,8.85579200000002,67.0249800000001,17.30696,1.068948,-0.0436294,-0.2032767,-37.42645,-36.1903,14.64451
72.511637688,11.99399,70.5267600000002,17.79473,1.1039,-0.03589003,-0.1765394,-37.42645,-36.1903,14.64451
72.519136429,13.53232,73.3163299999998,18.16055,1.123315,-0.03151365,-0.1650885,-37.42645,-36.1903,14.64451
72.531633854,15.13218,77.7083999999999,18.70929,1.150129,-0.03178907,-0.1469493,-38.16549,-36.21608,12.25244
72.539131642,15.62445,80.3199100000001,19.07512,1.161501,-0.04019292,-0.1340454,-38.16549,-36.21608,12.25244
72.549129963,17.16278,83.88105,19.80677,1.168796,-0.06529144,-0.1311802,-38.16549,-36.21608,12.25244
72.561626911,19.62411,88.0357100000002,21.63589,1.162683,-0.07703532,-0.1268593,-38.16549,-36.21608,12.25244
72.571625233,21.34704,91.06268,23.40404,1.161196,-0.07556301,-0.1220714,-38.16549,-36.21608,12.25244
72.581622601,22.08544,93.6741900000002,24.92831,1.153432,-0.07710405,-0.1144002,-39.31213,-34.72053,10.17197
72.589120865,21.96237,95.8702299999998,26.2087,1.15337,-0.07364666,-0.1081795,-39.31213,-34.72053,10.17197
72.60161829,20.60864,99.1939599999997,28.15976,1.145554,-0.07217658,-0.08998037,-39.31213,-34.72053,10.17197
72.611615658,19.19337,102.1022,29.68403,1.141292,-0.07845958,-0.07704976,-39.31213,-34.72053,10.17197
72.621613502,17.90118,105.0698,30.96441,1.127632,-0.07710497,-0.05884042,-39.70032,-33.60189,7.841099
72.631611824,16.11671,108.2749,32.48868,1.12382,-0.08145726,-0.04830397,-39.70032,-33.60189,7.841099
72.641609669,14.14765,111.4205,33.7081,1.118989,-0.08337802,-0.03537351,-39.70032,-33.60189,7.841099
72.651607037,11.50172,114.5069,35.17139,1.118596,-0.08816187,-0.02627864,-39.70032,-33.60189,7.841099
72.661604881,9.10192500000001,116.881,36.45178,1.10331,-0.1044736,-0.02337634,-39.70032,-33.60189,7.841099
72.671602726,8.30199300000002,118.4241,38.2809,1.089731,-0.1082619,-0.03627324,-40.46098,-32.49042,4.99144
72.681600094,7.25592799999999,119.3738,39.68323,1.087895,-0.08840969,-0.04010376,-40.46098,-32.49042,4.99144
72.691598415,4.240799,119.5518,40.65876,1.085876,-0.05883785,-0.04345789,-40.46098,-32.49042,4.99144
72.70159626,-0.743392200000001,119.9673,40.23197,1.093833,-0.04105078,-0.02864048,-40.46098,-32.49042,4.99144
72.711593628,-7.696647,120.3828,39.50032,1.124967,-0.06272661,0.03113283,-40.46098,-32.49042,4.99144
72.721591473,-12.68084,121.273,39.80517,1.153771,-0.1417062,0.1000179,-41.1749,-30.61777,2.138188
72.731589317,-12.00397,123.1723,41.6343,1.172063,-0.2322062,0.1540884,-41.1749,-30.61777,2.138188
72.741586685,-4.804585,126.1399,43.82924,1.191527,-0.3078469,0.1832671,-41.1749,-30.61777,2.138188
72.75158453,7.13286200000001,129.345,46.45098,1.185652,-0.3322118,0.1885479,-41.1749,-30.61777,2.138188
72.761582851,17.71658,130.9475,48.40205,1.172555,-0.2833554,0.1923868,-41.1749,-30.61777,2.138188
72.771580696,23.56223,131.9565,49.01176,1.173679,-0.2132874,0.200024,-41.93506,-29.20295,-2.325668
72.781578064,23.06997,132.3126,48.28011,1.162708,-0.1741999,0.1938116,-41.93506,-29.20295,-2.325668
72.791575909,19.31644,131.1255,47.0607,1.14784,-0.160861,0.1967055,-41.93506,-29.20295,-2.325668
72.80157423,16.17825,130.532,46.39001,1.140361,-0.1773992,0.2110801,-41.93506,-29.20295,-2.325668
72.811571121,14.39378,130.354,45.23157,1.121986,-0.2099957,0.2465352,-41.93506,-29.20295,-2.325668
72.821569443,16.91665,130.7101,43.89021,1.114282,-0.2406876,0.2546923,-41.58186,-27.33269,-6.396547
72.831567287,20.97784,131.6597,42.6708,1.085269,-0.2523322,0.2662317,-41.58186,-27.33269,-6.396547
72.841564655,24.73137,131.6004,41.39041,1.069336,-0.2341242,0.2724763,-41.58186,-27.33269,-6.396547
72.8515625,26.6389,131.3036,40.29294,1.039207,-0.212239,0.2864019,-41.58186,-27.33269,-6.396547
72.861560345,26.57736,130.1759,38.58576,1.011747,-0.2030583,0.286926,-41.58186,-27.33269,-6.396547
72.871558666,26.2697,128.0986,37.36634,0.9926762,-0.1995607,0.2855226,-42.35905,-25.09377,-10.8648
72.881556034,25.83896,126.1993,36.26887,0.9923229,-0.2061822,0.3061037,-42.35905,-25.09377,-10.8648
72.891553879,26.6389,123.6471,35.47625,0.9821919,-0.2110225,0.3300514,-42.35905,-25.09377,-10.8648
72.901551723,28.85409,121.273,34.68363,0.9540968,-0.2197728,0.3372812,-42.35905,-25.09377,-10.8648
72.911549091,31.68462,119.3738,33.76907,0.9330894,-0.2167204,0.3444957,-42.35905,-25.09377,-10.8648
72.921546936,33.09988,116.5248,32.85451,0.9135013,-0.2110963,0.36415,-41.61538,-23.9814,-14.92884
72.931545258,34.69975,114.6256,32.42771,0.8840101,-0.197591,0.3637194,-41.61538,-23.9814,-14.92884
72.941542625,34.14595,112.6669,31.93995,0.8759287,-0.182069,0.3780868,-41.61538,-23.9814,-14.92884
72.95154047,31.13082,110.649,31.81801,0.8594165,-0.1590612,0.3790668,-41.61538,-23.9814,-14.92884
72.961538315,25.22363,107.8594,31.26927,0.8512106,-0.1622784,0.4168894,-41.61538,-23.9814,-14.92884
72.971535683,20.3625,104.1796,30.17179,0.8440104,-0.2196346,0.4307954,-39.43886,-22.85117,-18.14372
72.981533527,21.59317,100.7371,29.13529,0.8303002,-0.268018,0.4303532,-39.43886,-22.85117,-18.14372
72.991531849,25.77743,96.5824599999999,27.67199,0.8134815,-0.2804375,0.4370858,-39.43886,-22.85117,-18.14372
73.001529694,29.10023,92.1310299999999,26.26967,0.7855566,-0.2208158,0.4280262,-39.43886,-22.85117,-18.14372
73.011527061,25.65436,86.6112599999998,23.58695,0.7710608,-0.1746263,0.4620185,-39.43886,-22.85117,-18.14372
73.021524906,21.22397,81.1508400000003,21.20909,0.7599063,-0.1515258,0.4615534,-38.32751,-21.72236,-20.59247
73.031522751,16.73204,75.5717200000001,18.34347,0.7409693,-0.1802898,0.4922227,-38.32751,-21.72236,-20.59247
73.041520119,17.28584,70.7048299999999,16.08755,0.7144332,-0.2200832,0.5023292,-38.32751,-21.72236,-20.59247
73.05151844,23.06997,66.6095100000001,14.13649,0.6938981,-0.2423563,0.5023708,-38.32751,-21.72236,-20.59247
73.061516285,31.25389,64.1760599999999,12.36833,0.6906582,-0.225351,0.5090721,-38.32751,-21.72236,-20.59247
73.071513653,36.97648,63.1077200000002,11.20989,0.684306,-0.1724913,0.5109839,-36.45122,-21.3481,-22.96711
73.081511498,39.25321,63.2264300000001,10.05144,0.6732507,-0.1283574,0.5253491,-36.45122,-21.3481,-22.96711
73.091509342,37.22261,62.5142,8.83202800000001,0.6593906,-0.1419086,0.5612699,-36.45122,-21.3481,-22.96711
73.101507664,37.46874,61.6832699999999,7.79552599999997,0.6410741,-0.1780547,0.5804542,-36.45122,-21.3481,-22.96711
73.111504555,40.1762,60.1994600000003,6.81999300000002,0.6345548,-0.2191201,0.6206766,-36.45122,-21.3481,-22.96711
73.121502876,45.59113,59.7839899999997,7.002906,0.6402656,-0.2116436,0.6288005,-35.32949,-20.96966,-24.1863
73.131500721,44.0528,59.1311099999998,6.45416900000001,0.6397962,-0.1598141,0.6646811,-35.32949,-20.96966,-24.1863
73.141498089,37.71488,57.94407,6.45416900000001,0.6371488,-0.1215638,0.7082263,-35.32949,-20.96966,-24.1863
73.151495934,29.90016,56.04479,6.63708199999998,0.6302868,-0.144814,0.7312159,-35.32949,-20.96966,-24.1863
73.161493778,24.36217,54.67969,7.734555,0.6305463,-0.1839333,0.7570686,-33.80774,-21.73274,-25.78363
73.171491146,19.93177,53.07718,8.64911699999998,0.6297067,-0.1905381,0.780522,-33.80774,-21.73274,-25.78363
73.181489468,16.67051,52.12754,9.44173599999998,0.6216968,-0.2045913,0.8020756,-33.80774,-21.73274,-25.78363
73.191487312,15.19372,51.94948,10.29533,0.6242469,-0.2109853,0.7881941,-33.80774,-21.73274,-25.78363
73.201485157,15.00912,53.84875,11.14892,0.6203861,-0.1873777,0.774316,-33.80774,-21.73274,-25.78363
73.211482525,10.70179,54.73904,12.06348,0.5966298,-0.1671831,0.8021096,-33.03717,-22.49818,-26.99952
73.22148037,7.68665999999998,53.55199,11.63668,0.5836117,-0.2004668,0.8040552,-33.03717,-22.49818,-26.99952
73.231478691,10.02492,51.94948,10.47824,0.5932435,-0.2721739,0.8064497,-33.03717,-22.49818,-26.99952
73.241476059,17.53198,50.40632,9.50270700000001,0.585174,-0.2834661,0.8112525,-33.03717,-22.49818,-26.99952
73.251473904,23.80837,49.21927,8.77105800000001,0.5826092,-0.2247003,0.8131561,-33.03717,-22.49818,-26.99952
73.261471748,24.11603,48.74445,8.77105800000001,0.5743461,-0.1737958,0.8179432,-31.91714,-22.11647,-27.83171
73.271469593,21.77777,48.74445,8.95397000000002,0.5723882,-0.1477165,0.8045397,-31.91714,-22.11647,-27.83171
73.281466961,19.37797,50.16891,9.929502,0.5566214,-0.1389793,0.7844648,-31.91714,-22.11647,-27.83171
73.291465283,13.71692,51.05919,11.14892,0.5238881,-0.1341798,0.7955279,-31.91714,-22.11647,-27.83171
73.301463127,8.67119300000002,50.22826,12.18542,0.5159145,-0.1509515,0.785496,-31.91714,-22.11647,-27.83171
73.311460495,5.77913000000001,48.92251,12.36833,0.5013292,-0.1790962,0.7682999,-31.53732,-22.12347,-28.98993
73.32145834,3.810067,46.60777,12.36833,0.4922251,-0.1868932,0.7855465,-31.53732,-22.12347,-28.98993
73.331456184,3.379334,44.05561,11.75863,0.4884727,-0.1947907,0.7802908,-31.53732,-22.12347,-28.98993
73.341453552,3.810067,42.27504,11.75863,0.480681,-0.169238,0.7750335,-31.53732,-22.12347,-28.98993
73.351451874,2.579402,40.85059,11.51474,0.4557684,-0.1401097,0.7726765,-31.53732,-22.12347,-28.98993
73.361449719,0.05653978,38.00167,10.96601,0.4339952,-0.148293,0.7751095,-29.28689,-22.1104,-29.42475
73.371447086,0.856471800000002,34.67794,10.05144,0.4291892,-0.1781663,0.7602897,-29.28689,-22.1104,-29.42475
73.381444931,3.379334,32.42255,9.319795,0.4241518,-0.1695847,0.7531176,-29.28689,-22.1104,-29.42475
73.391442776,4.302333,30.34522,8.52717499999997,0.4312514,-0.1325348,0.7507028,-29.28689,-22.1104,-29.42475
73.401441097,1.77947,29.27687,8.22232199999999,0.4301544,-0.09995457,0.755482,-29.28689,-22.1104,-29.42475
73.411437988,-2.897055,27.79307,8.52717499999997,0.4181075,-0.08125839,0.7535839,-28.16347,-21.73523,-31.03095
73.42143631,-7.94277999999999,25.30027,8.28329199999999,0.4121659,-0.1023195,0.7483354,-28.16347,-21.73523,-31.03095
73.431434155,-11.63477,21.85783,7.79552599999997,0.3974215,-0.147199,0.7612942,-28.16347,-21.73523,-31.03095
73.441431522,-10.40411,18.11863,6.63708199999998,0.3973573,-0.195869,0.753171,-28.16347,-21.73523,-31.03095
73.451429367,-7.38898099999999,14.85425,5.112813,0.3987996,-0.194895,0.7502968,-28.16347,-21.73523,-31.03095
73.461427689,-5.235318,12.53951,4.442134,0.3993115,-0.1443645,0.7483686,-27.03924,-21.72679,-31.0226
73.471425533,-6.281383,10.87764,3.771456,0.4081495,-0.1217532,0.7574403,-27.03924,-21.72679,-31.0226
73.481422901,-7.63511399999998,9.92800300000002,3.34466,0.4014205,-0.1267675,0.7550605,-27.03924,-21.72679,-31.0226
73.491420746,-7.26591500000001,8.62225199999999,2.55204,0.3868299,-0.1543036,0.7512644,-27.03924,-21.72679,-31.0226
73.501418591,-5.235318,6.54491799999999,1.210684,0.3790908,-0.1830218,0.7627711,-27.03924,-21.72679,-31.0226
73.511415959,-0.989525099999998,2.983776,-0.4355267,0.3810382,-0.2086592,0.7713886,-26.67684,-20.96981,-31.79788
73.521413803,3.994667,-0.2212517,-2.203679,0.3971088,-0.2076935,0.7890677,-26.67684,-20.96981,-31.79788
73.531412125,5.532998,-2.773403,-3.545036,0.3936913,-0.155174,0.8005461,-26.67684,-20.96981,-31.79788
73.541409493,3.194735,-5.562965,-4.459597,0.3917552,-0.1555973,0.8115568,-26.67684,-20.96981,-31.79788
73.551407337,2.640936,-7.69964999999998,-4.886393,0.4008822,-0.2006841,0.8034167,-26.67684,-20.96981,-31.79788
73.561405182,3.994667,-9.24281100000002,-5.313188,0.396901,-0.1964595,0.7957653,-25.93324,-20.58764,-32.24585
73.571403027,3.625467,-11.08274,-5.557071,0.405651,-0.1953016,0.7971855,-25.93324,-20.58764,-32.24585
73.581400395,2.702469,-12.86331,-5.679012,0.4125779,-0.2010618,0.7899962,-25.93324,-20.58764,-32.24585
73.591398716,2.087137,-14.64388,-5.4961,0.4085894,-0.1962944,0.7885662,-25.93324,-20.58764,-32.24585
73.601396561,0.7949386,-16.3651,-5.069304,0.4116009,-0.1747526,0.7995626,-25.93324,-20.58764,-32.24585
73.611393929,-1.666391,-18.32372,-5.313188,0.4009169,-0.176268,0.8163318,-27.05328,-20.96935,-31.41366
73.621391773,-0.620325700000001,-19.45142,-5.73998300000002,0.4120945,-0.2009574,0.80244,-27.05328,-20.96935,-31.41366
73.631389618,1.410271,-20.04494,-6.22774899999998,0.4185396,-0.2065604,0.8134374,-27.05328,-20.96935,-31.41366
73.641386986,3.071668,-21.17264,-6.715515,0.42522,-0.1992095,0.8057667,-27.05328,-20.96935,-31.41366
73.651385307,4.302333,-23.48738,-7.69104699999998,0.4213936,-0.2032516,0.7971601,-27.05328,-20.96935,-31.41366
73.661383152,5.96372999999998,-26.39565,-8.30075500000001,0.4286337,-0.1997903,0.7880536,-27.42354,-21.34598,-30.64041
73.671380997,6.51752900000003,-28.59168,-8.42269599999998,0.4498629,-0.1887679,0.7784423,-27.42354,-21.34598,-30.64041
73.681378364,4.917665,-30.66902,-8.117843,0.4410832,-0.1628935,0.7573935,-27.42354,-21.34598,-30.64041
73.691376209,1.102605,-33.51793,-8.05687200000003,0.4318106,-0.1620829,0.7598023,-27.42354,-21.34598,-30.64041
73.701374531,-1.789457,-36.90102,-8.23978399999997,0.4360213,-0.1535379,0.7286853,-27.42354,-21.34598,-30.64041
73.711371899,-6.09678299999998,-40.99633,-8.17881399999997,0.4388992,-0.151025,0.7315511,-28.17303,-21.35161,-30.64597
73.721369743,-9.973376,-44.85423,-7.81298899999999,0.4454628,-0.1380731,0.6989933,-28.17303,-21.35161,-30.64597
73.731367588,-14.0961,-47.7625,-7.81298899999999,0.4663794,-0.1362503,0.693692,-28.17303,-21.35161,-30.64597
73.741365433,-19.20336,-50.374,-7.44716500000003,0.4709736,-0.1216822,0.6826729,-28.17303,-21.35161,-30.64597
73.751362801,-22.95689,-53.16357,-7.20328100000002,0.4752779,-0.1179202,0.6596928,-28.53402,-22.11132,-30.19319
73.761361122,-27.07962,-56.01248,-7.02036900000001,0.474807,-0.1189628,0.6529939,-28.53402,-22.11132,-30.19319
73.771358967,-30.95621,-59.3955700000001,-7.20328100000002,0.490889,-0.1191836,0.647223,-28.53402,-22.11132,-30.19319
73.781356335,-33.35601,-62.6599499999999,-8.23978399999997,0.5137574,-0.1436376,0.6337892,-28.53402,-22.11132,-30.19319
73.791354179,-33.66367,-65.5088599999999,-9.33725800000002,0.5288652,-0.169523,0.639991,-28.53402,-22.11132,-30.19319
73.801352024,-30.27934,-67.1113700000002,-10.37376,0.5413181,-0.184578,0.6141301,-29.68102,-21.34542,-28.59308
73.811349392,-28.55641,-69.0699999999998,-11.28832,0.5648893,-0.1935943,0.6399345,-29.68102,-21.34542,-28.59308
73.821347237,-25.60282,-69.6635300000003,-11.71512,0.5875109,-0.1528844,0.6322273,-29.68102,-21.34542,-28.59308
73.831345558,-27.75648,-70.79122,-12.08094,0.5901658,-0.1380695,0.6523191,-29.68102,-21.34542,-28.59308
73.841343403,-32.61761,-74.1149499999999,-12.69065,0.6124048,-0.1538713,0.6829132,-29.68102,-21.34542,-28.59308
73.851340771,-32.86374,-77.4980400000002,-14.09298,0.6283601,-0.199318,0.6738042,-31.55224,-21.72949,-27.37945
73.861338615,-31.07928,-81.0591800000002,-15.73919,0.6583179,-0.2375575,0.6785476,-31.55224,-21.72949,-27.37945
73.871336937,-27.32575,-83.6113400000002,-17.44637,0.6883169,-0.2263048,0.6751423,-31.55224,-21.72949,-27.37945
73.881333828,-25.47975,-86.8163599999997,-19.4584,0.6971254,-0.2279474,0.6890061,-31.55224,-21.72949,-27.37945
73.891332149,-24.00295,-89.3685199999998,-21.40947,0.7206448,-0.234728,0.6937526,-31.55224,-21.72949,-27.37945
73.901329994,-18.09576,-89.6652799999999,-22.87277,0.7297401,-0.2528483,0.6588054,-33.83133,-20.59168,-25.78972
73.911327839,-14.34224,-89.0124,-23.66539,0.7348711,-0.2405677,0.6621433,-33.83133,-20.59168,-25.78972
73.921325207,-13.48077,-89.0717500000001,-23.8483,0.7403136,-0.2191226,0.6573425,-33.83133,-20.59168,-25.78972
73.931323051,-12.74237,-88.59693,-24.45801,0.7594529,-0.2266379,0.6443896,-33.83133,-20.59168,-25.78972
73.941321373,-12.31164,-89.0717500000001,-24.45801,0.7897594,-0.2319889,0.6314165,-33.83133,-20.59168,-25.78972
73.951318741,-13.23464,-89.7839800000001,-24.33607,0.8037492,-0.198765,0.6208549,-35.69387,-21.72284,-22.95952
73.961316586,-18.8957,-92.4548300000001,-24.15315,0.8362693,-0.1917263,0.6294108,-35.69387,-21.72284,-22.95952
73.97131443,-22.21849,-95.36311,-24.15315,0.8611982,-0.1962423,0.613097,-35.69387,-21.72284,-22.95952
73.981311798,-26.40275,-98.68684,-25.18966,0.8666638,-0.2276767,0.6178812,-35.69387,-21.72284,-22.95952
73.991309643,-25.91048,-100.5268,-26.16519,0.8518446,-0.2430863,0.6121681,-35.69387,-21.72284,-22.95952
74.001307964,-22.52616,-99.8145300000002,-26.16519,0.8507699,-0.2385376,0.5805828,-36.81898,-22.09474,-20.96633
74.011305809,-20.37249,-97.6778400000001,-26.47004,0.8567017,-0.2177837,0.5523311,-36.81898,-22.09474,-20.96633
74.021303177,-18.7111,-94.7695800000001,-26.10422,0.8640489,-0.194581,0.5231192,-36.81898,-22.09474,-20.96633
74.031301022,-19.63409,-93.7012300000002,-26.71392,0.8722156,-0.1887331,0.5073105,-36.81898,-22.09474,-20.96633
74.041298866,-21.78776,-95.1256899999997,-28.29916,0.8961639,-0.2183444,0.5120621,-36.81898,-22.09474,-20.96633
74.051296234,-17.48043,-96.3127399999998,-30.06732,0.9240761,-0.2519492,0.4967076,-38.69276,-22.839,-17.36415
74.061294556,-11.14251,-97.79655,-31.53061,0.9442225,-0.2863767,0.5143887,-38.69276,-22.839,-17.36415
74.0712924,-3.327788,-98.68684,-31.7745,0.9554963,-0.2637129,0.5239347,-38.69276,-22.839,-17.36415
74.081290245,2.517869,-97.79655,-30.61605,0.9556027,-0.2175771,0.5205726,-38.69276,-22.839,-17.36415
74.091287613,2.210203,-96.66885,-29.64052,0.9581319,-0.1966667,0.5167343,-38.69276,-22.839,-17.36415
74.101285458,0.4872724,-95.0069900000002,-28.78693,0.9662626,-0.1632174,0.4903898,-39.42938,-23.96499,-14.91262
74.111283779,-2.835522,-93.4044700000001,-27.44557,0.9717311,-0.1440401,0.4501749,-39.42938,-23.96499,-14.91262
74.121281147,-8.74271199999997,-92.3361299999999,-26.28713,0.9720088,-0.1328448,0.4516073,-39.42938,-23.96499,-14.91262
74.131278992,-14.58837,-91.2084400000002,-24.8848,0.9827358,-0.133846,0.4252672,-39.42938,-23.96499,-14.91262
74.141276836,-20.31096,-89.90269,-23.90927,0.9843976,-0.1445083,0.4247884,-39.42938,-23.96499,-14.91262
74.151274204,-24.37215,-88.59693,-23.17762,1.002415,-0.169973,0.417585,-40.17555,-24.70736,-12.07611
74.161272049,-25.78742,-86.4008899999998,-22.62888,0.9992101,-0.1813709,0.4003648,-40.17555,-24.70736,-12.07611
74.171270371,-26.34122,-84.73903,-22.14112,0.9909769,-0.2103138,0.3884222,-40.17555,-24.70736,-12.07611
74.181268215,-24.74135,-82.9584600000003,-21.71432,1.00232,-0.2180621,0.3668684,-40.17555,-24.70736,-12.07611
74.191265583,-22.83382,-81.6526999999998,-20.73879,1.017692,-0.2067572,0.3476957,-40.17555,-24.70736,-12.07611
74.201263428,-21.84929,-80.8811299999999,-20.19005,1.028736,-0.1984272,0.3314027,-40.54868,-25.44364,-8.849821
74.211261272,-20.80323,-79.5160199999999,-20.06811,1.029992,-0.1878476,0.316562,-40.54868,-25.44364,-8.849821
74.22125864,-20.68016,-78.6850900000003,-20.12908,1.01926,-0.187793,0.2926519,-40.54868,-25.44364,-8.849821
74.231256485,-20.00329,-77.4386900000001,-20.00714,1.029475,-0.1872456,0.2773195,-40.54868,-25.44364,-8.849821
74.241254807,-19.75716,-76.2516400000001,-19.4584,1.030603,-0.169883,0.2605629,-40.54868,-25.44364,-8.849821
74.251252651,-20.74169,-76.3109900000001,-18.78773,1.028517,-0.1626658,0.2572146,-41.22283,-26.56916,-6.397822
74.261250019,-21.91082,-76.0735899999998,-18.60481,1.020221,-0.1625367,0.2361717,-41.22283,-26.56916,-6.397822
74.271247864,-22.77229,-75.8955200000002,-18.66578,1.021281,-0.167555,0.2165495,-41.22283,-26.56916,-6.397822
74.281246185,-23.01842,-75.4800599999999,-18.4219,1.016862,-0.1664126,0.191671,-41.22283,-26.56916,-6.397822
74.291243076,-23.14149,-74.8865399999998,-18.4219,1.022171,-0.1639745,0.1811324,-41.59258,-27.31199,-3.945536
74.301241398,-22.77229,-74.7678299999999,-18.17802,1.015492,-0.1720745,0.1600888,-41.59258,-27.31199,-3.945536
74.311239243,-21.66469,-74.1149499999999,-17.87317,1.015882,-0.1673741,0.141901,-41.59258,-27.31199,-3.945536
74.321237087,-21.11089,-73.5807799999998,-17.87317,1.022129,-0.1629956,0.1289674,-41.59258,-27.31199,-3.945536
74.331234455,-20.98783,-73.1059599999998,-18.05608,1.023061,-0.1612045,0.1103009,-41.59258,-27.31199,-3.945536
74.3412323,-20.92629,-72.9279100000001,-18.11705,1.031751,-0.1572988,0.09353457,-41.20129,-28.43662,-2.324162
74.351230621,-20.24943,-72.7498500000002,-18.60481,1.041057,-0.1601578,0.07964038,-41.20129,-28.43662,-2.324162
74.361227989,-19.20336,-72.8092000000003,-18.8487,1.044178,-0.1708614,0.0715019,-41.20129,-28.43662,-2.324162
74.371225834,-17.84963,-72.9279100000001,-19.03161,1.054005,-0.1757109,0.05138582,-41.20129,-28.43662,-2.324162
74.381223679,-16.18823,-73.5214299999997,-19.27549,1.05601,-0.1792922,0.02745445,-41.20129,-28.43662,-2.324162
74.391221523,-14.15764,-73.8181899999998,-19.51937,1.065178,-0.1749087,0.00877287,-41.19431,-29.18044,-0.3205976
74.401218891,-12.49624,-74.7678299999999,-19.58035,1.072913,-0.1719674,-0.005120078,-41.19431,-29.18044,-0.3205976
74.411217213,-10.65024,-75.4800599999999,-19.8852,1.075151,-0.1618939,-0.02426962,-41.19431,-29.18044,-0.3205976
74.421215057,-9.48111099999999,-76.5484000000002,-20.31199,1.078421,-0.1546191,-0.03289156,-41.19431,-29.18044,-0.3205976
74.431212425,-9.29651100000003,-77.6760899999999,-20.61685,1.08786,-0.1384624,-0.04009081,-41.19431,-29.18044,-0.3205976
74.44121027,-9.54264400000001,-78.8037899999999,-21.16559,1.089486,-0.1215451,-0.05349813,-41.95283,-29.16863,1.737851
74.451208115,-10.58871,-79.7534299999999,-21.47044,1.081508,-0.1120409,-0.05970817,-41.95283,-29.16863,1.737851
74.461205483,-11.32711,-80.8217700000002,-21.95821,1.070841,-0.1153077,-0.07500315,-41.95283,-29.16863,1.737851
74.471203804,-11.69631,-81.17789,-22.08015,1.055205,-0.1132966,-0.08694082,-41.95283,-29.16863,1.737851
74.481201649,-11.75784,-81.5933500000003,-22.26306,1.043254,-0.1000667,-0.1022378,-41.95283,-29.16863,1.737851
74.491199494,-11.81937,-81.8901099999998,-22.20209,1.037315,-0.0954211,-0.1127573,-41.2461,-30.60135,4.137235
74.501196861,-12.00397,-81.7714100000002,-22.56791,1.030798,-0.08590121,-0.1204057,-41.2461,-30.60135,4.137235
74.511194706,-12.12704,-81.6526999999998,-22.385,1.023695,-0.07097296,-0.1199185,-41.2461,-30.60135,4.137235
74.521193028,-12.68084,-81.4746500000001,-22.44597,1.017216,-0.063361,-0.1237378,-41.2461,-30.60135,4.137235
74.531190395,-13.29617,-80.7624200000001,-22.75083,1.013814,-0.06394485,-0.1270818,-41.2461,-30.60135,4.137235
74.54118824,-13.1731,-79.3973199999998,-22.99471,1.006498,-0.063621,-0.1289834,-41.17695,-31.34415,6.205764
74.551186085,-12.37317,-78.2102700000003,-23.05568,1.005072,-0.06563681,-0.1337661,-41.17695,-31.34415,6.205764
74.56118393,-11.45017,-76.7858100000002,-22.93374,1.004014,-0.0613237,-0.1380726,-41.17695,-31.34415,6.205764
74.571181297,-10.15798,-74.7084799999998,-22.75083,1.007305,-0.05495461,-0.1395157,-41.17695,-31.34415,6.205764
74.581179619,-9.111911,-72.8092000000003,-22.50694,1.022853,-0.05278261,-0.1481577,-41.17695,-31.34415,6.205764
74.591177464,-8.49657899999998,-70.6725199999998,-21.89723,1.025279,-0.05227945,-0.1515121,-40.47677,-32.45991,8.603456
74.601174832,-7.32744799999997,-68.5951799999998,-21.28753,1.035398,-0.04628333,-0.1553599,-40.47677,-32.45991,8.603456
74.611172676,-6.835182,-66.51785,-20.61685,1.051875,-0.04165011,-0.1625685,-40.47677,-32.45991,8.603456
74.621170521,-6.34291600000002,-64.2624600000003,-19.76326,1.067408,-0.03841002,-0.1606821,-40.47677,-32.45991,8.603456
74.631168842,-6.281383,-61.9477199999999,-18.97064,1.07897,-0.03139595,-0.1626184,-40.47677,-32.45991,8.603456
74.641165733,-6.40444899999998,-59.4549099999999,-18.29996,1.088786,-0.03507201,-0.1607202,-40.09505,-33.20092,10.6098
74.651164055,-6.52751599999999,-56.30924,-17.3854,1.09125,-0.03646361,-0.1588099,-40.09505,-33.20092,10.6098
74.661161899,-6.40444899999998,-53.34162,-16.28792,1.085955,-0.0399698,-0.1587997,-40.09505,-33.20092,10.6098
74.671159267,-5.66605,-49.89919,-15.19045,1.078213,-0.04313931,-0.1697927,-40.09505,-33.20092,10.6098
74.681157112,-4.743052,-46.57545,-14.21492,1.066006,-0.04198406,-0.1764717,-40.09505,-33.20092,10.6098
74.691155434,-4.189253,-43.01431,-13.11744,1.058059,-0.03382304,-0.1702385,-39.34109,-33.56911,11.3914
74.701153278,-3.758521,-39.0377,-12.20288,1.046956,-0.0393746,-0.168782,-39.34109,-33.56911,11.3914
74.711150646,-3.512388,-34.70498,-11.28832,1.043172,-0.04520172,-0.1601595,-39.34109,-33.56911,11.3914
74.721148491,-2.897055,-30.07549,-10.19085,1.038972,-0.05494211,-0.1534496,-39.34109,-33.56911,11.3914
74.731146336,-2.03559,-24.79313,-8.72755100000002,1.030157,-0.05274359,-0.1596563,-39.34109,-33.56911,11.3914
74.741143703,-1.051058,-19.33271,-7.386194,1.02161,-0.06450487,-0.1519812,-39.32652,-34.69275,13.46149
74.751141548,-0.1895931,-13.991,-5.92289500000003,1.018551,-0.05724985,-0.1491062,-39.32652,-34.69275,13.46149
74.76113987,0.3026727,-8.58993499999999,-4.520568,1.013689,-0.0578538,-0.1514905,-39.32652,-34.69275,13.46149
74.771137714,0.4257392,-3.010813,-2.874357,1.010665,-0.05257694,-0.1524437,-39.32652,-34.69275,13.46149
74.781135082,0.05653978,1.915434,-1.47203,1.012097,-0.05115663,-0.1596252,-39.32652,-34.69275,13.46149
74.791132927,-0.2511264,7.19779400000002,-0.2526145,1.013677,-0.05745143,-0.1605835,-38.56918,-35.06747,13.46908
74.801130772,0.3026727,12.00534,0.905829999999998,1.016705,-0.06333693,-0.1730303,-38.56918,-35.06747,13.46908
74.811128139,0.6718721,16.81288,2.064274,1.027447,-0.0646264,-0.1778344,-38.56918,-35.06747,13.46908
74.821126461,0.7949386,21.38301,3.527573,1.036124,-0.0596175,-0.1802437,-38.56918,-35.06747,13.46908
74.831124306,0.856471800000002,25.71573,4.746988,1.042079,-0.0653136,-0.1783383,-38.56918,-35.06747,13.46908
74.84112215,0.856471800000002,30.34522,5.96640299999999,1.047559,-0.07141729,-0.1668605,-38.94562,-35.06702,13.8533
74.851119518,1.841003,35.09341,7.002906,1.043737,-0.07533648,-0.162067,-38.94562,-35.06702,13.8533
74.861117363,2.887069,39.54483,7.67358400000003,1.044262,-0.07722161,-0.1568031,-38.94562,-35.06702,13.8533
74.871115684,3.933134,44.23367,8.64911699999998,1.044171,-0.07233328,-0.1534542,-38.94562,-35.06702,13.8533
74.881113052,5.286864,48.74445,9.68561900000002,1.044192,-0.07323018,-0.1453182,-38.9307,-35.46099,12.24282
74.891110897,5.717597,53.13653,10.66115,1.044453,-0.06101947,-0.1391003,-38.9307,-35.46099,12.24282
74.901108742,5.90219700000001,57.29119,11.69765,1.040835,-0.04987043,-0.1343111,-38.9307,-35.46099,12.24282
74.911106586,5.656064,61.80197,12.67319,1.044227,-0.04880083,-0.1309673,-38.9307,-35.46099,12.24282
74.921103954,5.040731,65.8972899999998,13.95357,1.049751,-0.057386,-0.1252318,-38.9307,-35.46099,12.24282
74.931102276,4.979198,70.1113,15.29493,1.054688,-0.06061986,-0.1175824,-38.94276,-34.70737,11.40026
74.941100121,5.286864,73.6724399999999,17.18502,1.064982,-0.06381808,-0.1175995,-38.94276,-34.70737,11.40026
74.951097488,5.656064,77.1148799999997,18.95317,1.072904,-0.07042526,-0.1133044,-38.94276,-34.70737,11.40026
74.961095333,5.96372999999998,80.3199100000001,20.72133,1.095864,-0.07330744,-0.106165,-38.94276,-34.70737,11.40026
74.971093178,6.14833,83.64364,22.36754,1.121765,-0.07712094,-0.1009449,-38.94276,-34.70737,11.40026
74.981091499,6.82519499999998,86.9673699999999,23.95278,1.138558,-0.08881488,-0.087571,-39.69753,-33.97244,9.004132
74.991088867,7.99432700000002,90.0537000000001,25.65996,1.149864,-0.09389301,-0.08280365,-39.69753,-33.97244,9.004132
75.001086712,9.28652499999998,93.1400200000001,27.18423,1.158253,-0.09882259,-0.05553817,-39.69753,-33.97244,9.004132
75.011084557,10.64026,96.1076399999998,28.7085,1.17651,-0.1104306,-0.03594539,-39.69753,-33.97244,9.004132
75.021081924,11.93245,99.4907199999998,30.29374,1.171542,-0.1050781,-0.02445228,-39.69753,-33.97244,9.004132
75.031079769,13.04005,102.1616,31.93995,1.152024,-0.1034366,-0.01532573,-39.67923,-34.37295,6.619648
75.041078091,13.90152,104.6544,33.64713,1.141418,-0.1094467,-0.01195566,-39.67923,-34.37295,6.619648
75.051075935,14.27072,106.4943,34.98848,1.130815,-0.1153516,0.002900198,-39.67923,-34.37295,6.619648
75.061073303,15.07065,108.9277,36.14693,1.129044,-0.1244878,0.01726292,-39.67923,-34.37295,6.619648
75.071071148,16.11671,111.4799,37.06149,1.129285,-0.1370167,0.02827297,-39.67923,-34.37295,6.619648
75.081068993,16.60898,113.9727,37.85411,1.122157,-0.1462149,0.04743081,-40.82866,-32.50685,3.376151
75.09106636,18.57804,116.8216,38.89061,1.119796,-0.1500921,0.05365742,-40.82866,-32.50685,3.376151
75.101064682,20.60864,119.0177,39.62226,1.111607,-0.1551089,0.05415156,-40.82866,-32.50685,3.376151
75.111062527,21.8393,121.3324,40.65876,1.114552,-0.1558734,0.07041821,-40.82866,-32.50685,3.376151
75.121060371,21.90084,122.9943,40.7807,1.116745,-0.1426,0.08237537,-40.82866,-32.50685,3.376151
75.131057739,20.91631,124.2407,40.7807,1.120333,-0.1516041,0.09960018,-40.85556,-30.62904,0.527998
75.141055584,19.80871,125.4277,40.41488,1.134749,-0.1661686,0.123029,-40.85556,-30.62904,0.527998
75.151053906,19.50104,127.3863,40.23197,1.144274,-0.1799192,0.1397661,-40.85556,-30.62904,0.527998
75.161050797,19.43951,128.4547,40.171,1.143269,-0.1777935,0.1617818,-40.85556,-30.62904,0.527998
75.171049118,19.68564,129.1076,40.171,1.139377,-0.1777432,0.1756673,-40.85556,-30.62904,0.527998
75.181046963,18.94724,129.4637,39.98809,1.129143,-0.1772971,0.1933923,-41.56451,-28.82687,-3.16342
75.191044807,18.63958,129.345,39.43935,1.123386,-0.1816045,0.2130251,-41.56451,-28.82687,-3.16342
75.201042175,19.07031,129.4637,39.25644,1.104947,-0.1859178,0.2063583,-41.56451,-28.82687,-3.16342
75.21104002,18.57804,128.8108,38.95158,1.08354,-0.1870801,0.2317604,-41.56451,-28.82687,-3.16342
75.221038342,18.88571,127.7425,38.7077,1.070897,-0.1881833,0.2447043,-41.56451,-28.82687,-3.16342
75.231035709,18.76264,127.1489,38.46382,1.056858,-0.1926675,0.2629158,-41.95293,-27.34258,-7.237831
75.241033554,19.07031,126.3773,38.58576,1.047146,-0.1942382,0.2715475,-41.95293,-27.34258,-7.237831
75.251031399,19.80871,125.6651,38.82964,1.028609,-0.1931379,0.2725367,-41.95293,-27.34258,-7.237831
75.26102972,19.37797,124.1813,39.31741,1.007721,-0.1963829,0.2816669,-41.95293,-27.34258,-7.237831
75.271026611,19.31644,122.282,39.50032,0.994871,-0.1869925,0.2735511,-41.95293,-27.34258,-7.237831
75.281024933,18.39344,119.7892,39.7442,0.9787564,-0.1847101,0.2922431,-40.90511,-25.84697,-11.23709
75.291022778,15.25525,116.4062,38.76867,0.9752975,-0.1816829,0.3118699,-40.90511,-25.84697,-11.23709
75.301020622,13.34772,112.7857,38.15896,0.9666517,-0.1880613,0.323851,-40.90511,-25.84697,-11.23709
75.31101799,11.62479,109.5213,37.06149,0.9446616,-0.2101658,0.345431,-40.90511,-25.84697,-11.23709
75.321015835,12.42472,106.6724,36.2079,0.9317406,-0.2224819,0.3550282,-40.90511,-25.84697,-11.23709
75.331014156,13.96305,104.595,35.65916,0.904503,-0.224841,0.3684765,-40.1727,-24.3477,-14.52915
75.341011524,14.57838,102.2803,34.62266,0.8818994,-0.2144696,0.3823919,-40.1727,-24.3477,-14.52915
75.351009369,14.39378,99.6094300000003,32.97645,0.86597,-0.2225857,0.3795503,-40.1727,-24.3477,-14.52915
75.361007214,16.42438,97.0572700000002,31.75703,0.8514381,-0.2272682,0.3771839,-40.1727,-24.3477,-14.52915
75.371005058,16.91665,93.9116000000002,30.29374,0.8333493,-0.2235144,0.4016219,-40.1727,-24.3477,-14.52915
75.381002426,16.36285,89.5788800000001,28.2817,0.8202893,-0.2278432,0.4346675,-39.81361,-22.85398,-18.1465
75.391000748,18.88571,86.1364399999998,25.90384,0.8091307,-0.2561561,0.4447444,-39.81361,-22.85398,-18.1465
75.400998592,25.03903,83.5249300000001,24.07472,0.7927793,-0.2676427,0.4462115,-39.81361,-22.85398,-18.1465
75.41099596,28.91562,80.4979599999997,22.48948,0.7753982,-0.249844,0.4639446,-39.81361,-22.85398,-18.1465
75.420993805,29.34636,76.9961800000002,20.41647,0.7577827,-0.2193233,0.4917248,-38.70055,-21.72845,-20.98226
75.43099165,29.77709,73.25697,18.34347,0.7358122,-0.2167145,0.5056412,-38.70055,-21.72845,-20.98226
75.440989971,30.39242,70.2300000000001,16.08755,0.7301882,-0.2284136,0.5137898,-38.70055,-21.72845,-20.98226
75.450987339,31.80768,68.3900799999998,14.74619,0.7329528,-0.2450643,0.5468109,-38.70055,-21.72845,-20.98226
75.460985184,34.94588,67.3810900000002,13.8926,0.7332934,-0.2373001,0.5448941,-38.70055,-21.72845,-20.98226
75.470983029,37.65334,67.8559100000003,13.03901,0.7125377,-0.2215512,0.5583263,-37.19453,-21.73082,-22.58364
75.480980396,38.26868,68.0933200000003,12.67319,0.6844988,-0.207527,0.5583716,-37.19453,-21.73082,-22.58364
75.490978241,39.13014,68.8055499999998,12.8561,0.663562,-0.1827945,0.5450016,-37.19453,-21.73082,-22.58364
75.500976563,35.74582,68.3900799999998,12.30736,0.6515026,-0.1885877,0.5751744,-37.19453,-21.73082,-22.58364
75.510974407,33.28448,67.2623900000001,11.75863,0.6660179,-0.1821055,0.6148692,-37.19453,-21.73082,-22.58364
75.520971775,31.80768,66.0159800000002,11.33183,0.6777247,-0.2077861,0.6507486,-36.07111,-21.35564,-24.18984
75.53096962,32.66915,65.0069999999998,11.57571,0.6807598,-0.2126899,0.6923808,-36.07111,-21.35564,-24.18984
75.540967465,30.02322,63.5231900000002,12.4293,0.6813899,-0.1933616,0.7320965,-36.07111,-21.35564,-24.18984
75.550964832,25.1621,61.14909,13.34387,0.6820524,-0.1760993,0.7584125,-36.07111,-21.35564,-24.18984
75.560963154,19.07031,58.5375900000001,14.19746,0.6692818,-0.1704063,0.7708763,-36.07111,-21.35564,-24.18984
75.570960999,14.51685,56.87572,14.56328,0.6675991,-0.1844968,0.7747115,-34.55106,-22.11546,-25.40016
75.580958843,12.30165,56.34155,14.3194,0.6510474,-0.2116997,0.7584758,-34.55106,-22.11546,-25.40016
75.590956211,12.60932,56.40091,14.13649,0.6467987,-0.219121,0.7532207,-34.55106,-22.11546,-25.40016
75.600954056,15.25525,57.11314,13.77066,0.618451,-0.2149533,0.7389118,-34.55106,-22.11546,-25.40016
75.610952377,16.30131,56.2822,12.91707,0.6034099,-0.2180257,0.7542533,-34.55106,-22.11546,-25.40016
75.620950222,19.37797,55.33257,11.69765,0.6011229,-0.225767,0.7628736,-33.81024,-21.36274,-27.01116
75.63094759,25.22363,54.50163,10.3563,0.6027594,-0.2349062,0.7695732,-33.81024,-21.36274,-27.01116
75.640945434,28.36183,53.90811,9.25882399999997,0.5918504,-0.224181,0.7968683,-33.81024,-21.36274,-27.01116
75.650943279,32.36148,54.14552,8.71008699999998,0.6004418,-0.2148792,0.7858437,-33.81024,-21.36274,-27.01116
75.660940647,32.11535,54.38293,8.83202800000001,0.5792603,-0.176203,0.8097994,-33.81024,-21.36274,-27.01116
75.670938969,27.93109,53.73005,9.68561900000002,0.5737352,-0.1412367,0.8193716,-32.29974,-21.73893,-27.83652
75.680936813,24.6083,54.02681,10.11241,0.5526395,-0.1340056,0.8055278,-32.29974,-21.73893,-27.83652
75.690934658,17.83964,53.07718,10.96601,0.528376,-0.1385514,0.8390716,-32.29974,-21.73893,-27.83652
75.700932026,15.31678,52.543,10.84406,0.5263869,-0.1631948,0.8055811,-32.29974,-21.73893,-27.83652
75.710929871,14.27072,52.24624,10.90504,0.5170999,-0.1877061,0.8022535,-32.29974,-21.73893,-27.83652
75.720928192,13.10159,51.47466,10.90504,0.509495,-0.1717325,0.8118342,-30.03637,-22.11603,-29.43032
75.730925083,13.04005,50.94049,10.66115,0.5139686,-0.1765562,0.8060847,-30.03637,-22.11603,-29.43032
75.740923405,12.24012,50.76243,10.66115,0.4901698,-0.1546073,0.8132992,-30.03637,-22.11603,-29.43032
75.750921249,8.97885900000003,49.33797,11.02698,0.4655415,-0.1404893,0.8162099,-30.03637,-22.11603,-29.43032
75.760919094,6.27139599999998,46.96388,11.08795,0.4560663,-0.1554653,0.7932587,-30.03637,-22.11603,-29.43032
75.770916462,3.502401,44.23367,11.14892,0.4393475,-0.1476004,0.7861072,-29.65796,-22.1203,-30.26604
75.780914307,0.4257392,42.15634,11.33183,0.4420341,-0.1092325,0.7779568,-29.65796,-22.1203,-30.26604
75.790912628,-4.189253,40.96929,11.69765,0.432963,-0.09344147,0.7707899,-29.65796,-22.1203,-30.26604
75.800910473,-9.85031000000002,39.90095,11.88057,0.4242049,-0.1204904,0.7545406,-29.65796,-22.1203,-30.26604
75.810907841,-11.45017,38.53584,11.75863,0.4132385,-0.1597623,0.7349482,-29.65796,-22.1203,-30.26604
75.820905685,-10.34258,36.57722,11.3928,0.3988205,-0.1709089,0.7163117,-27.78704,-21.73569,-31.41517
75.830904007,-9.54264400000001,34.26247,10.96601,0.3838749,-0.153062,0.7340404,-27.78704,-21.73569,-31.41517
75.840900898,-9.91184299999998,30.22651,9.929502,0.3744333,-0.1428859,0.751283,-27.78704,-21.73569,-31.41517
75.850899219,-9.48111099999999,26.2499,8.71008699999998,0.3732736,-0.1589273,0.7532035,-27.78704,-21.73569,-31.41517
75.860897064,-8.80424499999999,22.80747,7.36873099999998,0.3821718,-0.1654758,0.761804,-27.78704,-21.73569,-31.41517
75.870894909,-7.08131499999998,20.49272,6.14931499999999,0.3903865,-0.161982,0.7541316,-26.66701,-21.35398,-32.24736
75.880892277,-6.58904900000001,18.23733,5.112813,0.3699287,-0.1623643,0.7565603,-26.66701,-21.35398,-32.24736
75.890890121,-5.97371699999999,15.50712,4.259222,0.3568302,-0.1655782,0.7522768,-26.66701,-21.35398,-32.24736
75.900888443,-3.635454,12.53951,3.039807,0.361689,-0.1907424,0.7532319,-26.66701,-21.35398,-32.24736
75.910885811,-0.804925400000002,10.16541,1.881362,0.3666084,-0.1929872,0.7627954,-26.66701,-21.35398,-32.24736
75.920883656,0.7949386,8.62225199999999,1.149713,0.3765004,-0.1748031,0.7637306,-26.29674,-20.97735,-33.02061
75.9308815,-0.681858999999999,6.60427000000001,0.600976199999997,0.3539355,-0.1663046,0.7853037,-26.29674,-20.97735,-33.02061
75.940879345,-2.835522,3.221186,-0.130673,0.3421291,-0.1865492,0.775758,-26.29674,-20.97735,-33.02061
75.950876713,-2.712456,-0.8147754,-1.289117,0.3397563,-0.215678,0.7839054,-26.29674,-20.97735,-33.02061
75.960875034,-1.85099,-4.375917,-1.959796,0.3484799,-0.2130365,0.7881967,-26.29674,-20.97735,-33.02061
75.970872879,-1.481791,-6.15648800000002,-2.569504,0.3711384,-0.1999017,0.7938967,-25.92789,-20.59799,-33.47136
75.980870724,-1.85099,-7.69964999999998,-2.813386,0.3716535,-0.2013318,0.7958105,-25.92789,-20.59799,-33.47136
75.990868092,-0.989525099999998,-8.53058200000001,-3.240182,0.364673,-0.2190338,0.78817,-25.92789,-20.59799,-33.47136
76.000865936,0.6718721,-9.71763000000003,-3.240182,0.360117,-0.2098514,0.7924828,-25.92789,-20.59799,-33.47136
76.010864258,1.533337,-11.4982,-3.91086,0.3620077,-0.2062195,0.8135359,-25.55512,-20.59137,-33.01707
76.020861626,2.825535,-13.21942,-4.581539,0.3748305,-0.2141351,0.8235657,-25.55512,-20.59137,-33.01707
76.03085947,5.040731,-15.05934,-5.4961,0.3792482,-0.2153082,0.8450943,-25.55512,-20.59137,-33.01707
76.040857315,6.57906199999999,-17.49279,-6.28872000000001,0.3759474,-0.2212223,0.8431872,-25.55512,-20.59137,-33.01707
76.05085516,7.62512700000002,-20.34171,-7.26425199999999,0.3842261,-0.2211245,0.8359941,-25.55512,-20.59137,-33.01707
76.060852528,8.97885900000003,-22.65645,-7.93493099999999,0.4030744,-0.2130692,0.8259091,-26.6889,-20.21618,-32.64044
76.070850849,8.67119300000002,-24.0809,-7.93493099999999,0.4046103,-0.1912329,0.8192007,-26.6889,-20.21618,-32.64044
76.080848694,6.702129,-25.0899,-7.20328100000002,0.4024799,-0.1558977,0.8086666,-26.6889,-20.21618,-32.64044
76.090846062,1.96407,-26.98917,-6.77648599999997,0.3960155,-0.1493538,0.794319,-26.6889,-20.21618,-32.64044
76.100843906,-0.8664587,-28.53233,-6.715515,0.4031154,-0.1643523,0.7861747,-26.6889,-20.21618,-32.64044
76.110841751,-2.773989,-30.55031,-7.02036900000001,0.4140521,-0.1757594,0.7904657,-26.31166,-20.58337,-31.41013
76.120840073,-4.250786,-32.56829,-7.50813499999997,0.4135175,-0.1733973,0.7842445,-26.31166,-20.58337,-31.41013
76.130837441,-4.989185,-35.23915,-7.99590099999999,0.416909,-0.1723584,0.7842383,-26.31166,-20.58337,-31.41013
76.140835285,-6.46598299999997,-38.08806,-8.17881399999997,0.4282654,-0.1548199,0.7645924,-26.31166,-20.58337,-31.41013
76.15083313,-8.49657899999998,-39.92799,-8.05687200000003,0.4302435,-0.1312943,0.7291683,-26.31166,-20.58337,-31.41013
76.160830975,-13.66537,-42.00532,-7.69104699999998,0.4305892,-0.09772681,0.7325091,-26.6645,-21.72398,-31.01982
76.170828342,-18.64956,-44.97294,-7.81298899999999,0.4438843,-0.1053269,0.7229164,-26.6645,-21.72398,-31.01982
76.180826664,-20.74169,-46.87222,-8.23978399999997,0.4654086,-0.1361642,0.7051794,-26.6645,-21.72398,-31.01982
76.190824509,-22.58769,-49.0089,-8.78852100000003,0.4611632,-0.1434846,0.7109316,-26.6645,-21.72398,-31.01982
76.200821877,-24.00295,-52.21393,-9.76405300000001,0.4751937,-0.1641292,0.708041,-26.6645,-21.72398,-31.01982
76.210819721,-21.35703,-54.05385,-10.80056,0.5081713,-0.1821101,0.6898023,-28.175,-21.34779,-30.19447
76.220817566,-20.80323,-56.42794,-11.65415,0.5098636,-0.1684923,0.687403,-28.175,-21.34779,-30.19447
76.230815888,-23.38762,-60.7013199999998,-12.69065,0.5006254,-0.1432742,0.7017698,-28.175,-21.34779,-30.19447
76.240813255,-26.21815,-66.4584999999999,-14.03201,0.5160389,-0.1601706,0.6806899,-28.175,-21.34779,-30.19447
76.2508111,-28.06415,-72.0376200000001,-14.8856,0.542169,-0.2024918,0.6725196,-28.175,-21.34779,-30.19447
76.260808945,-25.29515,-74.82718,-15.73919,0.5662853,-0.2158542,0.6471164,-29.68522,-20.97215,-29.43362
76.270806789,-24.55675,-76.3703499999999,-16.47084,0.5793637,-0.2117258,0.6451783,-29.68522,-20.97215,-29.43362
76.280804157,-24.37215,-77.97285,-16.65375,0.5806315,-0.1759122,0.6265023,-29.68522,-20.97215,-29.43362
76.290802479,-27.75648,-80.3469500000001,-17.62928,0.5874687,-0.1767665,0.6245763,-29.68522,-20.97215,-29.43362
76.300800324,-28.86408,-83.0771599999999,-18.60481,0.6143188,-0.2054276,0.6207083,-29.68522,-20.97215,-29.43362
76.310797691,-25.47975,-84.9170800000002,-20.31199,0.6385463,-0.2502073,0.613499,-31.56429,-20.97586,-28.22201
76.320795536,-22.52616,-88.0627599999999,-21.83626,0.6539091,-0.2632908,0.6374043,-31.56429,-20.97586,-28.22201
76.330793381,-19.75716,-91.2677900000003,-23.4215,0.6742512,-0.2821511,0.6565168,-31.56429,-20.97586,-28.22201
76.340791702,-9.48111099999999,-92.39548,-24.94577,0.6905559,-0.2946828,0.6325628,-31.56429,-20.97586,-28.22201
76.350788593,-2.158657,-91.2084400000002,-25.06771,0.7070278,-0.2638088,0.6253474,-31.56429,-20.97586,-28.22201
76.360786915,-2.404789,-90.4368600000001,-24.64092,0.7125049,-0.1658904,0.6401486,-33.45659,-20.58886,-25.78694
76.37078476,-10.15798,-92.15807,-24.94577,0.722742,-0.1405727,0.623374,-33.45659,-20.58886,-25.78694
76.380782604,-19.63409,-97.32173,-26.10422,0.7607775,-0.1936774,0.6324144,-33.45659,-20.58886,-25.78694
76.390779972,-20.74169,-101.4764,-27.14072,0.7846702,-0.2468125,0.6156363,-33.45659,-20.58886,-25.78694
76.400778294,-17.84963,-104.8595,-28.23819,0.8045438,-0.2930571,0.6170492,-33.45659,-20.58886,-25.78694
76.410776138,-13.9115,-106.6994,-28.66499,0.822116,-0.294658,0.6165404,-35.69359,-21.72338,-23.02402
76.420773506,-8.68117799999998,-105.5124,-28.42111,0.8278463,-0.2632437,0.5854149,-35.69359,-21.72338,-23.02402
76.430771351,-7.32744799999997,-104.3253,-28.11625,0.837312,-0.222921,0.5638521,-35.69359,-21.72338,-23.02402
76.440769196,-9.85031000000002,-103.8505,-27.32363,0.8382614,-0.170075,0.5485224,-35.69359,-21.72338,-23.02402
76.450767517,-14.52684,-104.8001,-26.89684,0.8498475,-0.138987,0.5221725,-35.69359,-21.72338,-23.02402
76.460764408,-21.17243,-106.7588,-27.56752,0.8835968,-0.1719599,0.5101578,-37.20497,-21.71066,-20.19713
76.47076273,-23.57222,-107.8865,-27.99431,0.9132882,-0.1961694,0.5086765,-37.20497,-21.71066,-20.19713
76.480760574,-24.67982,-108.7767,-29.09178,0.9434779,-0.2207893,0.5143732,-37.20497,-21.71066,-20.19713
76.490758419,-22.89536,-110.1418,-29.39664,0.9668529,-0.2197494,0.5243822,-37.20497,-21.71066,-20.19713
76.500755787,-22.21849,-111.0321,-30.18926,0.9656436,-0.2327139,0.5440093,-37.20497,-21.71066,-20.19713
76.510754109,-17.84963,-110.5573,-31.16479,0.9764132,-0.235465,0.5387269,-38.31213,-23.21273,-16.90784
76.520751953,-13.29617,-107.9458,-32.07935,0.9889894,-0.2310492,0.5162107,-38.31213,-23.21273,-16.90784
76.530749321,-9.35804399999999,-105.6311,-32.01838,0.9915142,-0.2102749,0.4975365,-38.31213,-23.21273,-16.90784
76.540747166,-7.26591500000001,-103.1976,-31.46964,0.9898925,-0.1765674,0.4673804,-38.31213,-23.21273,-16.90784
76.550745011,-8.86577800000001,-101.9512,-30.61605,0.9815799,-0.1497689,0.4401092,-39.05383,-24.32891,-13.2953
76.560743332,-11.38864,-101.8325,-29.64052,0.9996628,-0.1272952,0.4142287,-39.05383,-24.32891,-13.2953
76.570740223,-15.5729,-101.7138,-29.21373,1.013513,-0.1125091,0.4070222,-39.05383,-24.32891,-13.2953
76.580738545,-21.78776,-102.1886,-29.64052,1.020897,-0.1417557,0.4342957,-39.05383,-24.32891,-13.2953
76.590736389,-23.81835,-101.239,-29.64052,1.039894,-0.16703,0.4457549,-39.05383,-24.32891,-13.2953
76.600734234,-22.52616,-97.7371999999999,-29.33567,1.045679,-0.1898207,0.438572,-40.16071,-25.83154,-10.07052
76.610731602,-19.94176,-94.2947600000001,-27.99431,1.049643,-0.1938142,0.4184659,-40.16071,-25.83154,-10.07052
76.620729446,-17.91116,-92.0987199999999,-26.71392,1.036083,-0.1729112,0.3955126,-40.16071,-25.83154,-10.07052
76.630727768,-17.2343,-89.96204,-25.9213,1.027704,-0.142787,0.3601048,-40.16071,-25.83154,-10.07052
76.640725136,-17.11123,-87.9440500000001,-26.04325,1.029297,-0.1245486,0.3318613,-40.16071,-25.83154,-10.07052
76.65072298,-18.09576,-86.34155,-26.71392,1.024428,-0.1253588,0.3069841,-41.21748,-26.57951,-7.623329
76.660720825,-19.20336,-85.03579,-26.89684,1.021597,-0.131054,0.2749258,-41.21748,-26.57951,-7.623329
76.670719147,-19.51103,-83.7893899999999,-26.59198,1.024327,-0.1472203,0.2548251,-41.21748,-26.57951,-7.623329
76.680716038,-18.95723,-83.1958699999997,-26.59198,1.034328,-0.1613124,0.2332753,-41.21748,-26.57951,-7.623329
76.690714359,-17.4189,-82.7210500000003,-26.04325,1.041793,-0.1700698,0.2160358,-41.21748,-26.57951,-7.623329
76.700712204,-15.14217,-82.3649400000001,-25.43354,1.05297,-0.1691535,0.1858658,-41.65137,-27.31953,-4.784503
76.710710049,-13.84997,-82.3055799999997,-24.64092,1.055599,-0.1536172,0.1786786,-41.65137,-27.31953,-4.784503
76.720707416,-13.97304,-82.8990999999999,-24.45801,1.055448,-0.1459898,0.1628839,-41.65137,-27.31953,-4.784503
76.730705261,-14.21917,-83.37392,-24.27509,1.058338,-0.1446372,0.1451712,-41.65137,-27.31953,-4.784503
76.740703583,-12.9885,-83.1958699999997,-24.21412,1.06429,-0.1504387,0.1355908,-41.65137,-27.31953,-4.784503
76.750701427,-12.37317,-82.48363,-24.45801,1.068991,-0.1417787,0.1159587,-41.62866,-28.82407,-2.776881
76.760698795,-11.69631,-81.8901099999998,-24.82383,1.066155,-0.146852,0.09873625,-41.62866,-28.82407,-2.776881
76.77069664,-10.71177,-81.4746500000001,-25.18966,1.050445,-0.1409592,0.08631914,-41.62866,-28.82407,-2.776881
76.780694485,-9.41957799999997,-80.9998300000001,-25.61645,1.044749,-0.149517,0.06623108,-41.62866,-28.82407,-2.776881
76.790691853,-8.00431300000001,-80.46566,-25.86033,1.048044,-0.1437653,0.05043083,-41.62866,-28.82407,-2.776881
76.800690174,-7.32744799999997,-79.81278,-25.61645,1.055166,-0.1339979,0.04036581,-41.24892,-29.56126,-0.3190336
76.810688019,-7.696647,-79.57537,-24.94577,1.060277,-0.120794,0.0384392,-41.24892,-29.56126,-0.3190336
76.820685863,-8.435045,-79.1005600000003,-24.27509,1.062553,-0.1126197,0.02407584,-41.24892,-29.56126,-0.3190336
76.830683231,-9.60417699999997,-78.7444399999998,-23.90927,1.057002,-0.1025597,0.02025432,-41.24892,-29.56126,-0.3190336
76.840681076,-10.77331,-78.0915599999998,-23.60442,1.060875,-0.1016867,0.001104299,-41.24892,-29.56126,-0.3190336
76.850679398,-11.51171,-77.6167399999998,-23.36053,1.069125,-0.1001712,-0.0103963,-40.48001,-30.99297,2.145314
76.860677242,-11.57324,-76.8451600000002,-23.17762,1.076732,-0.09042925,-0.02429077,-40.48001,-30.99297,2.145314
76.87067461,-11.51171,-76.1329300000002,-22.8118,1.084486,-0.0884639,-0.03866208,-40.48001,-30.99297,2.145314
76.880672455,-11.45017,-75.77682,-22.93374,1.083418,-0.08370014,-0.04679723,-40.48001,-30.99297,2.145314
76.8906703,-10.95791,-75.1239499999998,-23.11665,1.083863,-0.08191866,-0.06546293,-40.48001,-30.99297,2.145314
76.900667667,-10.15798,-74.8865399999998,-23.29956,1.081903,-0.08155039,-0.07407399,-40.47303,-31.73679,4.14888
76.910665989,-9.60417699999997,-74.3523599999999,-22.93374,1.089445,-0.06844326,-0.09179781,-40.47303,-31.73679,4.14888
76.920663834,-9.48111099999999,-73.8775500000002,-22.14112,1.106318,-0.05896034,-0.1009226,-40.47303,-31.73679,4.14888
76.930661678,-10.95791,-73.6994900000002,-21.3485,1.10367,-0.04789302,-0.1071423,-40.47303,-31.73679,4.14888
76.940659046,-12.31164,-73.4620800000002,-20.73879,1.098797,-0.04806388,-0.1152696,-40.47303,-31.73679,4.14888
76.950656891,-12.74237,-73.1059599999998,-20.00714,1.091686,-0.05906616,-0.1339188,-40.08542,-32.85434,6.608756
76.960655212,-12.37317,-72.6905000000001,-19.09258,1.079575,-0.06338597,-0.1549539,-40.08542,-32.85434,6.608756
76.970653057,-11.51171,-72.6311399999998,-18.17802,1.075105,-0.05921046,-0.1669116,-40.08542,-32.85434,6.608756
76.980650425,-11.14251,-72.8685499999998,-17.50734,1.063276,-0.05221207,-0.1731143,-40.08542,-32.85434,6.608756
76.99064827,-10.09644,-72.7498500000002,-16.83666,1.054891,-0.04715081,-0.1860225,-40.08542,-32.85434,6.608756
77.000646114,-9.78877599999997,-72.6311399999998,-16.10501,1.04635,-0.03385794,-0.2018041,-40.07058,-33.97852,8.614349
77.010644436,-9.78877599999997,-72.4530900000001,-15.73919,1.030128,-0.02643846,-0.2056063,-40.07058,-33.97852,8.614349
77.020641804,-10.65024,-71.68151,-15.12948,1.01288,-0.01606221,-0.2027075,-40.07058,-33.97852,8.614349
77.030639648,-11.20404,-70.7318699999999,-14.4588,0.9963531,-0.01837635,-0.2074638,-40.07058,-33.97852,8.614349
77.040637493,-11.20404,-69.4261200000003,-13.91006,0.9910259,-0.02059644,-0.2261184,-40.07058,-33.97852,8.614349
77.050634861,-10.46564,-68.4171300000001,-13.4223,1.003363,-0.02926634,-0.2443236,-38.57418,-34.32747,11.01401
77.060632706,-9.72724300000001,-67.7642500000001,-13.23939,1.004812,-0.02883509,-0.2534192,-38.57418,-34.32747,11.01401
77.070631027,-8.558112,-66.8739600000002,-12.9955,1.012124,-0.02930379,-0.2673105,-38.57418,-34.32747,11.01401
77.080628872,-7.63511399999998,-66.3397900000001,-12.81259,1.009991,-0.01967973,-0.2730522,-38.57418,-34.32747,11.01401
77.09062624,-6.958249,-65.3901600000003,-12.32483,1.004908,-0.008673679,-0.2807034,-38.94445,-34.7041,11.78726
77.100624084,-7.26591500000001,-64.0250500000003,-11.89803,1.004819,-0.003754618,-0.2740044,-38.94445,-34.7041,11.78726
77.110621929,-8.12737899999999,-62.6599499999999,-11.41026,0.9955277,-0.001981259,-0.2725529,-38.94445,-34.7041,11.78726
77.120620251,-8.00431300000001,-60.4639099999997,-10.9225,0.9805611,-0.009662577,-0.2830536,-38.94445,-34.7041,11.78726
77.130617619,-7.38898099999999,-58.3865700000002,-10.61764,0.9807675,-0.02094043,-0.2945369,-38.94445,-34.7041,11.78726
77.140615463,-6.58904900000001,-56.30924,-10.19085,0.9802236,-0.01810132,-0.3017153,-38.17593,-36.19592,14.63895
77.150613308,-5.66605,-54.58802,-10.00794,0.9845865,-0.01713097,-0.3112946,-38.17593,-36.19592,14.63895
77.160611153,-5.481451,-53.04486,-9.581141,0.9912207,-0.007368795,-0.3208803,-38.17593,-36.19592,14.63895
77.170608521,-5.296851,-51.32364,-9.45920000000002,0.985699,0.001290995,-0.31848,-38.17593,-36.19592,14.63895
77.180606842,-5.85064999999999,-49.18695,-9.03240400000001,0.9816837,0.00753768,-0.3175174,-38.17593,-36.19592,14.63895
77.190604687,-6.40444899999998,-46.57545,-8.48366700000001,0.9733839,0.008319264,-0.3203746,-37.80655,-36.18276,15.86724
77.200602055,-6.52751599999999,-43.72654,-7.93493099999999,0.9681593,0.0008260317,-0.3313708,-37.80655,-36.18276,15.86724
77.210599899,-5.97371699999999,-41.4118,-7.44716500000003,0.965493,-0.01280669,-0.3284912,-37.80655,-36.18276,15.86724
77.220597744,-4.558453,-38.56288,-7.02036900000001,0.9661315,-0.02116913,-0.3409331,-37.80655,-36.18276,15.86724
77.230596066,-2.712456,-36.36684,-6.41066099999999,0.9650286,-0.01441845,-0.344283,-37.80655,-36.18276,15.86724
77.240593433,-1.112592,-33.57728,-5.557071,0.9671441,0.002609374,-0.3466839,-37.42931,-36.54995,17.09755
77.250591278,-0.8664587,-30.84707,-5.008334,0.9581593,0.01416025,-0.3394926,-37.42931,-36.54995,17.09755
77.260589123,-1.666391,-27.93881,-4.459597,0.9574838,0.02445257,-0.3284868,-37.42931,-36.54995,17.09755
77.270586968,-2.404789,-24.55572,-4.337656,0.9513526,0.01365388,-0.3270376,-37.42931,-36.54995,17.09755
77.280584335,-2.097123,-21.05393,-3.788919,0.9490998,0.003899313,-0.326074,-37.42931,-36.54995,17.09755
77.290582657,-1.112592,-17.67085,-3.05727,0.9444011,-0.005457116,-0.3294135,-37.05992,-36.53679,18.32584
77.300580502,0.4257392,-14.46582,-2.081738,0.9502644,-0.006321931,-0.3303806,-37.05992,-36.53679,18.32584
77.310578346,1.59487,-11.14209,-1.411059,0.9408942,-8.015777e-05,-0.3184015,-37.05992,-36.53679,18.32584
77.320575714,2.210203,-7.34353599999998,-0.3135853,0.9388079,0.007137043,-0.3217498,-37.05992,-36.53679,18.32584
77.330573559,1.841003,-3.366927,0.844859200000001,0.9401327,0.01446111,-0.3207968,-37.05992,-36.53679,18.32584
77.34057188,0.918004999999997,0.847090899999998,1.942333,0.9371137,0.01987403,-0.3069142,-36.2964,-37.2886,18.72246
77.350568771,-0.1895931,5.120461,2.978836,0.9366355,0.01936987,-0.3078704,-36.2964,-37.2886,18.72246
77.360567093,-0.681858999999999,8.919013,4.015339,0.9383134,0.007665852,-0.3160061,-36.2964,-37.2886,18.72246
77.370564938,-0.1280599,12.89562,4.868929,0.9482977,-0.005388904,-0.3303774,-36.2964,-37.2886,18.72246
77.380562782,0.6718721,16.57547,5.661549,0.9624578,-0.007131862,-0.3390161,-36.2964,-37.2886,18.72246
77.39056015,1.717937,19.36503,6.45416900000001,0.973668,-0.007470892,-0.3471713,-36.30257,-36.91152,18.33343
77.400558472,2.764002,21.97653,6.88096399999999,0.9751194,-0.006982595,-0.3500454,-36.30257,-36.91152,18.33343
77.410556316,3.748534,24.8848,7.36873099999998,0.9809287,-0.004906508,-0.3481418,-36.30257,-36.91152,18.33343
77.420554161,4.486932,27.67436,7.36873099999998,0.9848474,-0.005686921,-0.3357054,-36.30257,-36.91152,18.33343
77.430551529,5.656064,30.22651,7.856497,0.9800327,-0.008649446,-0.3304319,-36.30257,-36.91152,18.33343
77.440549374,6.76366200000002,33.13478,8.03940900000001,0.9889395,-0.01570119,-0.3237456,-37.0425,-37.30077,17.94289
77.450547695,7.68665999999998,36.33981,8.64911699999998,0.9855682,-0.01765016,-0.3170391,-37.0425,-37.30077,17.94289
77.46054554,8.24046,39.36678,9.38076599999998,0.9716852,-0.004729448,-0.3088825,-37.0425,-37.30077,17.94289
77.470542908,8.055861,43.04662,10.23436,0.9535664,0.0004026887,-0.2930592,-37.0425,-37.30077,17.94289
77.480540753,7.19439499999998,46.1923,11.51474,0.9413632,0.001676437,-0.2868167,-37.0425,-37.30077,17.94289
77.490538597,6.02526299999999,49.51603,12.8561,0.9237997,0.002778485,-0.2877436,-37.05287,-36.55041,16.71333
77.500536919,4.671532,52.72106,14.38037,0.9141946,-0.004691632,-0.2867678,-37.05287,-36.55041,16.71333
77.51053381,4.240799,55.27321,15.3559,0.9148353,-0.01298823,-0.2920311,-37.05287,-36.55041,16.71333
77.520532131,4.733066,57.6473099999999,16.33143,0.9160988,-0.02859674,-0.3011222,-37.05287,-36.55041,16.71333
77.530529976,5.471464,59.9026899999999,17.55085,0.9312008,-0.02824573,-0.2954057,-37.05287,-36.55041,16.71333
77.540527344,5.96372999999998,62.03938,18.83123,0.952077,-0.02383609,-0.2834788,-37.80486,-36.18603,15.48023
77.550525189,5.040731,64.2354099999999,20.23356,0.9739472,-0.02033044,-0.2662891,-37.80486,-36.18603,15.48023
77.56052351,4.425399,67.0249800000001,21.02618,0.9960271,-0.02800169,-0.2495755,-37.80486,-36.18603,15.48023
77.570521355,3.625467,70.1113,21.57492,1.013138,-0.03034679,-0.2242402,-37.80486,-36.18603,15.48023
77.580518723,2.948602,73.49438,22.55045,1.022582,-0.03968605,-0.2031969,-37.80486,-36.18603,15.48023
77.590516567,1.902537,76.5807100000002,23.58695,1.033364,-0.04280004,-0.1950791,-37.44665,-35.05577,13.86442
77.600514412,1.77947,80.02315,24.98928,1.055481,-0.05239677,-0.1764507,-37.44665,-35.05577,13.86442
77.610512734,2.025603,83.40623,26.08675,1.091084,-0.05342222,-0.1530623,-37.44665,-35.05577,13.86442
77.620509624,1.348738,86.8486699999998,27.06229,1.125508,-0.04385037,-0.1373317,-37.44665,-35.05577,13.86442
77.630507946,0.3026727,90.2911100000002,27.85491,1.156918,-0.05518975,-0.1168048,-37.44665,-35.05577,13.86442
77.640505791,-0.1280599,94.0302999999998,28.64753,1.176248,-0.07216138,-0.1015197,-39.3158,-34.71345,11.01048
77.650503635,0.4257392,97.7101500000002,29.37918,1.20432,-0.08744104,-0.07955021,-39.3158,-34.71345,11.01048
77.660501003,1.717937,101.2119,30.35471,1.216313,-0.103227,-0.07813132,-39.3158,-34.71345,11.01048
77.670498848,3.440868,104.1202,31.57412,1.215957,-0.109932,-0.06664315,-39.3158,-34.71345,11.01048
77.680497169,5.409931,106.9098,32.42771,1.212237,-0.1191287,-0.05466989,-40.0863,-33.21781,8.610293
77.690495014,7.563594,109.5806,33.83004,1.208341,-0.1191706,-0.05083449,-40.0863,-33.21781,8.610293
77.700492382,8.73272599999998,112.0734,35.04945,1.19862,-0.1202292,-0.03933144,-40.0863,-33.21781,8.610293
77.710490227,9.163459,114.3882,36.26887,1.17786,-0.1302661,-0.02924257,-40.0863,-33.21781,8.610293
77.720488548,9.84032400000003,116.4062,37.61023,1.166887,-0.1425612,-0.02156306,-40.0863,-33.21781,8.610293
77.730486393,11.13252,118.9583,39.01255,1.160244,-0.1518113,-0.009106119,-40.8416,-32.11669,4.535129
77.740483761,12.36319,121.6292,39.86615,1.153694,-0.1659059,0.004787636,-40.8416,-32.11669,4.535129
77.750481605,13.90152,124.2407,41.2075,1.146972,-0.1706831,0.02825081,-40.8416,-32.11669,4.535129
77.76047945,15.50138,126.8522,42.48789,1.147906,-0.1680595,0.04739155,-40.8416,-32.11669,4.535129
77.770476818,16.42438,129.4043,43.46342,1.134611,-0.1604682,0.05602714,-40.8416,-32.11669,4.535129
77.780474663,16.73204,131.3629,44.1341,1.1274,-0.1653165,0.07279113,-41.23369,-30.62532,1.299221
77.790472984,16.73204,133.0248,44.68283,1.129361,-0.1656584,0.08427361,-41.23369,-30.62532,1.299221
77.800470829,16.79358,134.2119,44.92672,1.125084,-0.1708909,0.1058183,-41.23369,-30.62532,1.299221
77.810468197,17.40891,134.6867,44.7438,1.13026,-0.1867107,0.1182564,-41.23369,-30.62532,1.299221
77.820466042,18.88571,135.2802,44.19507,1.134879,-0.198553,0.1417016,-41.23369,-30.62532,1.299221
77.830463886,21.4701,135.6363,43.82924,1.142861,-0.2079343,0.1613117,-42.3098,-29.20576,-2.328448
77.840462208,24.2391,135.9924,43.21954,1.140555,-0.2147216,0.1680176,-42.3098,-29.20576,-2.328448
77.850459576,26.76196,135.9331,42.85371,1.139766,-0.224364,0.1780715,-42.3098,-29.20576,-2.328448
77.86045742,29.83862,135.2802,42.18303,1.12501,-0.2167795,0.1891025,-42.3098,-29.20576,-2.328448
77.870455265,31.80768,134.3306,41.39041,1.116714,-0.2158663,0.2006026,-42.3098,-29.20576,-2.328448
77.880453587,32.79222,133.4996,40.29294,1.114269,-0.2146883,0.228364,-42.31392,-28.10229,-6.785053
77.890450478,32.91528,133.1435,39.37838,1.101969,-0.2079527,0.2475267,-42.31392,-28.10229,-6.785053
77.900448799,32.73069,132.6093,38.76867,1.084327,-0.2023559,0.259999,-42.31392,-28.10229,-6.785053
77.910446644,31.06929,131.7191,38.15896,1.067267,-0.2015149,0.2825216,-42.31392,-28.10229,-6.785053
77.920444489,29.10023,130.532,37.6712,1.057348,-0.1917946,0.3040723,-42.31392,-28.10229,-6.785053
77.930441856,26.70043,129.6417,37.42731,1.046223,-0.1957572,0.3198857,-42.03273,-25.84887,-10.47142
77.940439701,25.03903,128.2173,37.00052,1.016259,-0.2089881,0.3194628,-42.03273,-25.84887,-10.47142
77.950438023,23.1315,126.6148,37.06149,0.9747371,-0.2034605,0.3228838,-42.03273,-25.84887,-10.47142
77.960435867,22.5777,124.3,37.42731,0.9519896,-0.2116674,0.3248398,-42.03273,-25.84887,-10.47142
77.970433235,21.96237,121.095,37.30537,0.927999,-0.2059426,0.3119586,-42.03273,-25.84887,-10.47142
77.98043108,20.30097,117.89,36.75663,0.9236127,-0.2053284,0.3354163,-40.91432,-24.73368,-14.53268
77.990428925,18.82417,114.6849,35.96402,0.9226076,-0.2288743,0.3665316,-40.91432,-24.73368,-14.53268
78.000426292,19.19337,112.9044,35.47625,0.9032618,-0.2357219,0.4034175,-40.91432,-24.73368,-14.53268
78.010424614,20.85477,110.7677,34.80557,0.8909512,-0.2541941,0.4292868,-40.91432,-24.73368,-14.53268
78.020422459,23.5007,108.8684,34.62266,0.8740094,-0.2340271,0.4393612,-40.91432,-24.73368,-14.53268
78.030420303,23.06997,105.604,33.58615,0.8545888,-0.2114005,0.4580537,-40.18835,-22.85679,-18.14928
78.040417671,21.1009,101.6868,32.18383,0.8236969,-0.2006543,0.4777264,-40.18835,-22.85679,-18.14928
78.050415516,18.27038,97.2946899999999,30.04985,0.8037533,-0.2281383,0.4911684,-40.18835,-22.85679,-18.14928
78.060413837,20.67017,93.7928899999997,27.97685,0.7996786,-0.2447671,0.4883083,-40.18835,-22.85679,-18.14928
78.070411682,23.43917,91.0033299999999,26.33064,0.7845131,-0.2417046,0.4840268,-40.18835,-22.85679,-18.14928
78.08040905,24.54677,88.0357100000002,24.3186,0.7547994,-0.2158797,0.5027364,-38.69099,-22.11207,-21.36723
78.090406895,24.54677,84.5932800000001,22.42851,0.7274323,-0.2114952,0.5099616,-38.69099,-22.11207,-21.36723
78.100404739,25.96203,81.2695500000001,20.17259,0.7145965,-0.2288577,0.4989812,-38.69099,-22.11207,-21.36723
78.110403061,30.76162,78.9548000000001,18.34347,0.6933274,-0.2380424,0.4971063,-38.69099,-22.11207,-21.36723
78.120400429,35.49968,77.5303500000003,17.18502,0.6828074,-0.2226606,0.5014279,-38.69099,-22.11207,-21.36723
78.130398273,37.16108,77.2929400000002,15.96561,0.6726411,-0.1998774,0.5172328,-36.83015,-20.97764,-23.81042
78.140396118,36.05348,76.8181200000002,14.74619,0.6576557,-0.1794175,0.5550611,-36.83015,-20.97764,-23.81042
78.150393963,35.74582,75.9871799999997,14.44134,0.6532949,-0.180322,0.5718192,-36.83015,-20.97764,-23.81042
78.160391331,34.39208,75.4530100000002,14.56328,0.6443163,-0.168578,0.6000677,-36.83015,-20.97764,-23.81042
78.170389652,29.71556,73.0195700000002,14.01454,0.6428801,-0.142947,0.6426569,-36.83015,-20.97764,-23.81042
78.180387497,24.73137,69.3990699999999,12.97804,0.6426318,-0.1547671,0.6790321,-35.32413,-20.98001,-25.41181
78.190385342,22.27004,65.83793,12.00251,0.6405954,-0.2011331,0.7144623,-35.32413,-20.98001,-25.41181
78.20038271,21.6547,62.5142,11.3928,0.6419768,-0.2223074,0.7340869,-35.32413,-20.98001,-25.41181
78.210380554,22.7623,60.6742799999997,11.8196,0.6431071,-0.2040991,0.7565733,-35.32413,-20.98001,-25.41181
78.220378876,20.85477,60.1401100000002,12.06348,0.6410641,-0.172969,0.7642261,-33.81024,-21.36274,-27.01116
78.23037672,16.79358,61.2677999999999,12.55124,0.6163807,-0.1559496,0.7657005,-33.81024,-21.36274,-27.01116
78.240374088,11.74785,61.32715,12.91707,0.6109192,-0.1764495,0.7676296,-33.81024,-21.36274,-27.01116
78.250371933,11.07099,62.2174300000002,13.58775,0.5895924,-0.2092281,0.7365677,-33.81024,-21.36274,-27.01116
78.260369778,10.02492,61.6239100000001,14.07551,0.5737073,-0.2190415,0.7605268,-33.81024,-21.36274,-27.01116
78.270367146,8.97885900000003,60.4962199999998,14.38037,0.5594239,-0.2103574,0.7844782,-32.6711,-21.74828,-28.6133
78.280365467,6.886728,58.41889,13.8926,0.5615543,-0.2192806,0.81367,-32.6711,-21.74828,-28.6133
78.290363312,5.96372999999998,56.51961,13.40484,0.5553232,-0.2239473,0.8481396,-32.6711,-21.74828,-28.6133
78.300361157,7.19439499999998,55.74803,13.09998,0.5511757,-0.2366857,0.8457572,-32.6711,-21.74828,-28.6133
78.310358524,8.117393,56.40091,13.34387,0.538648,-0.2185727,0.8342885,-32.6711,-21.74828,-28.6133
78.320356369,5.532998,55.98544,13.40484,0.5212409,-0.2000438,0.8256997,-30.80776,-20.98386,-29.82896
78.330354691,3.687001,55.21386,13.77066,0.502113,-0.1944817,0.7845741,-30.80776,-20.98386,-29.82896
78.340352535,2.333269,53.7894,13.46581,0.4795818,-0.2144303,0.7774399,-30.80776,-20.98386,-29.82896
78.350349903,2.394803,51.77142,13.28289,0.4695342,-0.2243696,0.7750671,-30.80776,-20.98386,-29.82896
78.360347748,3.748534,50.82178,13.03901,0.4661604,-0.227173,0.7415733,-30.80776,-20.98386,-29.82896
78.370345593,2.456336,49.15992,13.28289,0.4478034,-0.2094418,0.7540437,-29.30681,-20.97642,-30.26934
78.380343914,0.3642059,46.54841,13.46581,0.4249389,-0.1864114,0.7181845,-29.30681,-20.97642,-30.26934
78.390341282,-4.066186,43.28403,13.52678,0.3982669,-0.1932424,0.7196684,-29.30681,-20.97642,-30.26934
78.400339127,-6.835182,40.07901,13.16095,0.4044646,-0.2121814,0.7076981,-29.30681,-20.97642,-30.26934
78.410336971,-5.727584,37.76426,12.67319,0.410457,-0.219803,0.7115182,-29.30681,-20.97642,-30.26934
78.420334816,-5.91218399999998,35.33081,12.61222,0.389185,-0.2026635,0.7187296,-27.06364,-20.21899,-32.64323
78.430332184,-7.57358100000002,32.65996,12.00251,0.3869203,-0.1856038,0.7292578,-27.06364,-20.21899,-32.64323
78.440330505,-8.61964500000002,30.10781,11.69765,0.3864404,-0.1861607,0.7225587,-27.06364,-20.21899,-32.64323
78.45032835,-10.95791,27.25889,11.14892,0.3738058,-0.1877804,0.7321527,-27.06364,-20.21899,-32.64323
78.460326195,-12.00397,24.29128,10.11241,0.3715899,-0.1994648,0.7345524,-27.06364,-20.21899,-32.64323
78.470323563,-10.83484,20.31467,8.71008699999998,0.3619817,-0.2326767,0.7369706,-26.32819,-19.45592,-33.02872
78.480321407,-6.15831700000002,16.81288,7.002906,0.3490962,-0.2469666,0.7432182,-26.32819,-19.45592,-33.02872
78.490319729,-1.297191,13.84526,5.112813,0.360591,-0.2358953,0.7599455,-26.32819,-19.45592,-33.02872
78.500317574,2.210203,12.36145,3.893397,0.3655764,-0.2158337,0.7642388,-26.32819,-19.45592,-33.02872
78.510314942,3.317801,10.58088,3.100777,0.3574185,-0.1965309,0.7671196,-26.32819,-19.45592,-33.02872
78.520312786,2.764002,7.55390800000001,1.69845,0.3415787,-0.2095573,0.7585362,-25.58459,-19.07376,-33.47669
78.530310631,3.071668,3.102481,0.5400054,0.3340997,-0.2260867,0.7738679,-25.58459,-19.07376,-33.47669
78.540308952,3.563934,-0.874127800000001,-0.4964975,0.3522324,-0.2315509,0.7747949,-25.58459,-19.07376,-33.47669
78.55030632,3.071668,-3.485632,-1.045234,0.3705018,-0.2178941,0.7939025,-25.58459,-19.07376,-33.47669
78.560304165,2.025603,-4.138508,-0.8623221,0.3673329,-0.2048319,0.7943833,-25.58459,-19.07376,-33.47669
78.57030201,0.3642059,-3.663689,-0.4964975,0.3696105,-0.1966136,0.7848056,-25.20816,-19.07421,-33.86091
78.580299854,-1.604858,-3.604337,-0.4964975,0.3532677,-0.2086035,0.7843586,-25.20816,-19.07421,-33.86091
78.590297222,-0.927991900000002,-5.266203,-1.228147,0.3475552,-0.2417779,0.7824628,-25.20816,-19.07421,-33.86091
78.600295544,2.087137,-7.402888,-2.447562,0.3634033,-0.2549089,0.8001459,-25.20816,-19.07421,-33.86091
78.610293389,4.609999,-11.14209,-3.788919,0.3650404,-0.2376186,0.8274174,-25.20816,-19.07421,-33.86091
78.620291233,5.717597,-14.99999,-5.008334,0.3678465,-0.2311801,0.8345895,-25.96551,-18.69948,-33.8685
78.630288601,6.02526299999999,-17.49279,-5.86192500000002,0.3989196,-0.2252647,0.8297481,-25.96551,-18.69948,-33.8685
78.640286446,6.45599600000001,-16.83992,-5.86192500000002,0.4170297,-0.2042527,0.8033894,-25.96551,-18.69948,-33.8685
78.650284767,4.425399,-15.29675,-5.374158,0.3970864,-0.1804373,0.7938465,-25.96551,-18.69948,-33.8685
78.660282612,0.2411395,-14.82193,-4.825422,0.3894743,-0.1903329,0.7909908,-25.96551,-18.69948,-33.8685
78.67027998,0.118073,-16.24639,-4.947363,0.3808958,-0.2264182,0.7958009,-25.95934,-19.07657,-33.47947
78.680277824,2.087137,-18.62049,-5.679012,0.385107,-0.2683706,0.822126,-25.95934,-19.07657,-33.47947
78.690275669,5.90219700000001,-20.99458,-7.02036900000001,0.4193786,-0.2504882,0.8435976,-25.95934,-19.07657,-33.47947
78.700273991,6.64059500000001,-23.9622,-8.17881399999997,0.4136727,-0.2313992,0.8708815,-25.95934,-19.07657,-33.47947
78.710271358,6.64059500000001,-26.87047,-8.36172599999998,0.4064048,-0.2085422,0.8354736,-25.95934,-19.07657,-33.47947
78.720269203,3.502401,-29.83808,-8.72755100000002,0.406511,-0.1888314,0.8120182,-26.32819,-19.45592,-33.02872
78.730267048,-0.4972593,-32.98376,-9.09337499999998,0.4034918,-0.1841983,0.7938363,-26.32819,-19.45592,-33.02872
78.740264893,-1.543324,-35.2985,-9.33725800000002,0.4140303,-0.2013139,0.7593648,-26.32819,-19.45592,-33.02872
78.75026226,-2.281723,-36.96037,-9.45920000000002,0.426296,-0.2060318,0.7483374,-26.32819,-19.45592,-33.02872
78.760260582,-3.204721,-39.15641,-10.00794,0.4146591,-0.1835673,0.732559,-26.32819,-19.45592,-33.02872
78.770258427,-4.866118,-41.82726,-10.12988,0.4301063,-0.1760782,0.7210443,-27.44794,-19.83818,-32.26103
78.780255794,-7.08131499999998,-43.48913,-10.25182,0.4419306,-0.1575894,0.6980473,-27.44794,-19.83818,-32.26103
78.790253639,-12.49624,-45.50711,-10.06891,0.4389625,-0.1295687,0.6865594,-27.44794,-19.83818,-32.26103
78.800251484,-20.24943,-49.60242,-10.31279,0.4412412,-0.1469605,0.6927814,-27.44794,-19.83818,-32.26103
78.810249805,-22.40309,-53.63838,-10.86153,0.4689711,-0.1972576,0.6592457,-28.19492,-20.21381,-31.03906
78.820247173,-22.09542,-56.54665,-11.59318,0.4835608,-0.2218094,0.6530051,-28.19492,-20.21381,-31.03906
78.830245018,-21.72622,-59.2175100000002,-11.65415,0.494297,-0.1968757,0.6462799,-28.19492,-20.21381,-31.03906
78.840242863,-23.69529,-62.7193,-12.14191,0.5059941,-0.1715686,0.6251956,-28.19492,-20.21381,-31.03906
78.850240707,-27.32575,-66.51785,-12.75162,0.4952221,-0.1688921,0.6223423,-28.19492,-20.21381,-31.03906
78.860238075,-31.57154,-71.74086,-13.97104,0.5109162,-0.2001463,0.6247158,-29.34612,-19.07464,-30.27948
78.870236397,-29.84861,-75.95488,-15.25142,0.5554355,-0.2358571,0.6088544,-29.34612,-19.07464,-30.27948
78.880234241,-26.71042,-78.5663799999999,-16.59278,0.5845498,-0.2551792,0.61168,-29.34612,-19.07464,-30.27948
78.890232086,-24.55675,-80.3469500000001,-17.75122,0.6014413,-0.2458836,0.6350984,-29.34612,-19.07464,-30.27948
78.900229454,-20.68016,-81.1185300000002,-18.60481,0.6142663,-0.2545,0.6216782,-29.34612,-19.07464,-30.27948
78.910227299,-17.91116,-82.0088200000002,-19.58035,0.6113253,-0.2535906,0.6212045,-32.34523,-19.46006,-28.23569
78.92022562,-18.46496,-85.3325500000002,-20.49491,0.6182105,-0.2560281,0.6585221,-32.34523,-19.46006,-28.23569
78.930223465,-15.2037,-88.8936900000001,-21.89723,0.6621751,-0.2876956,0.6608465,-32.34523,-19.46006,-28.23569
78.940220833,-6.958249,-89.0124,-23.48248,0.6924419,-0.3168453,0.6493153,-32.34523,-19.46006,-28.23569
78.950218678,-2.589389,-88.9530499999999,-24.15315,0.7055416,-0.2871756,0.6770422,-32.34523,-19.46006,-28.23569
78.960216522,-2.773989,-90.6742599999998,-24.8848,0.7056155,-0.2389738,0.6870798,-33.85294,-19.45442,-26.2473
78.970214844,-5.91218399999998,-93.7012300000002,-25.43354,0.7415069,-0.2299862,0.6889293,-33.85294,-19.45442,-26.2473
78.980212212,-8.37351199999997,-96.1346799999999,-26.04325,0.7727631,-0.2337684,0.6860043,-33.85294,-19.45442,-26.2473
78.990210056,-11.38864,-98.8648900000002,-26.16519,0.7902949,-0.2335493,0.672095,-33.85294,-19.45442,-26.2473
79.000207901,-16.6805,-102.4854,-26.77489,0.7905709,-0.2480519,0.6797554,-33.85294,-19.45442,-26.2473
79.010205746,-16.18823,-104.6221,-27.62849,0.8081735,-0.278201,0.6395321,-35.34691,-20.20568,-23.80336
79.020203114,-11.81937,-103.8505,-27.8114,0.8166831,-0.2652896,0.5983564,-35.34691,-20.20568,-23.80336
79.030201435,-12.00397,-103.0196,-27.32363,0.8174639,-0.2030649,0.5992962,-35.34691,-20.20568,-23.80336
79.04019928,-14.89604,-101.1796,-26.04325,0.8206421,-0.1396771,0.5629026,-35.34691,-20.20568,-23.80336
79.050197124,-22.34156,-100.8235,-25.43354,0.818885,-0.1506965,0.5308439,-35.34691,-20.20568,-23.80336
79.060194492,-27.44881,-101.7138,-25.9213,0.8392923,-0.2000962,0.5049779,-36.84595,-20.94713,-20.19841
79.070192337,-26.64888,-102.426,-26.3481,0.8561056,-0.2399051,0.4728943,-36.84595,-20.94713,-20.19841
79.080190659,-25.47975,-105.0969,-27.62849,0.873602,-0.2889982,0.4867551,-36.84595,-20.94713,-20.19841
79.090188503,-17.54197,-106.0465,-28.66499,0.8915691,-0.2857627,0.4828943,-36.84595,-20.94713,-20.19841
79.100185871,-9.78877599999997,-105.5717,-29.15276,0.9207406,-0.2822795,0.4818855,-36.84595,-20.94713,-20.19841
79.110183716,-6.21984999999998,-105.6904,-29.15276,0.9446434,-0.2317509,0.4823093,-38.69893,-22.46192,-17.75319
79.120181561,-5.66605,-104.7408,-28.29916,0.9678174,-0.1687469,0.4669383,-38.69893,-22.46192,-17.75319
79.130179882,-11.63477,-105.453,-27.68946,0.977329,-0.1300731,0.4774404,-38.69893,-22.46192,-17.75319
79.14017725,-20.43403,-106.9962,-27.56752,1.000195,-0.1281942,0.4740501,-38.69893,-22.46192,-17.75319
79.150175095,-27.07962,-107.8271,-28.17722,1.008898,-0.1510677,0.4515477,-38.69893,-22.46192,-17.75319
79.160172939,-30.71008,-108.9548,-29.21373,1.023851,-0.1951026,0.4395686,-40.19826,-23.20282,-14.08373
79.170170784,-30.71008,-109.1922,-30.18926,1.019329,-0.2143367,0.4185241,-40.19826,-23.20282,-14.08373
79.180168152,-28.06415,-108.4206,-31.16479,1.0096,-0.2156675,0.4003555,-40.19826,-23.20282,-14.08373
79.190166473,-23.94142,-106.7588,-31.71353,1.005165,-0.2134789,0.3836125,-40.19826,-23.20282,-14.08373
79.200164318,-21.29549,-104.8001,-32.50615,0.9990601,-0.2001379,0.3678267,-40.19826,-23.20282,-14.08373
79.210162163,-20.37249,-102.7822,-33.05489,1.006109,-0.1864712,0.3591965,-41.32087,-23.94473,-10.863
79.220159531,-19.63409,-100.5268,-32.87197,1.003737,-0.164292,0.3453162,-41.32087,-23.94473,-10.863
79.230157375,-20.18789,-99.0429500000001,-32.62809,1.006839,-0.1740504,0.3343061,-41.32087,-23.94473,-10.863
79.240155697,-19.57256,-97.2623700000002,-32.07935,1.021686,-0.1864793,0.3247119,-41.32087,-23.94473,-10.863
79.250153542,-18.03423,-95.2444000000002,-31.40867,1.045273,-0.1973347,0.3088805,-41.32087,-23.94473,-10.863
79.260150909,-17.11123,-93.8199400000001,-30.67702,1.062419,-0.2024422,0.2978447,-42.05132,-25.44781,-8.022438
79.270148754,-15.88057,-92.6922499999998,-29.64052,1.086264,-0.2011527,0.2810527,-42.05132,-25.44781,-8.022438
79.280146599,-15.44983,-91.9800199999997,-29.03081,1.094143,-0.2060407,0.26094,-42.05132,-25.44781,-8.022438
79.29014492,-15.32677,-91.2084400000002,-28.36014,1.106403,-0.210172,0.2609197,-42.05132,-25.44781,-8.022438
79.300142288,-14.2807,-89.4278600000002,-27.8114,1.116517,-0.2042987,0.2436718,-42.05132,-25.44781,-8.022438
79.310140133,-14.21917,-87.5285899999998,-26.95781,1.112804,-0.1884062,0.236017,-41.66342,-26.56591,-5.627064
79.320137978,-14.4653,-86.2228400000001,-26.28713,1.095594,-0.1806694,0.2159448,-41.66342,-26.56591,-5.627064
79.330135822,-15.26523,-85.2732000000001,-25.49451,1.074181,-0.1828047,0.1882252,-41.66342,-26.56591,-5.627064
79.34013319,-16.1267,-84.2048599999999,-25.12868,1.057059,-0.1800266,0.1571469,-41.66342,-26.56591,-5.627064
79.350131512,-16.8651,-83.37392,-25.18966,1.049743,-0.1804738,0.124138,-41.66011,-27.30265,-2.784993
79.360129356,-16.6805,-82.6023399999998,-25.06771,1.047915,-0.1875324,0.1002142,-41.66011,-27.30265,-2.784993
79.370127201,-16.18823,-82.0088200000002,-24.8848,1.036632,-0.1840651,0.0786971,-41.66011,-27.30265,-2.784993
79.380124569,-15.26523,-81.2965900000002,-25.12868,1.025312,-0.1786944,0.05287234,-41.66011,-27.30265,-2.784993
79.390122414,-14.52684,-80.5843699999998,-24.94577,1.034453,-0.1728228,0.03754046,-41.66011,-27.30265,-2.784993
79.400120735,-13.7269,-80.7624200000001,-24.45801,1.045259,-0.1518849,0.01885176,-42.39056,-28.80572,0.0555706
79.41011858,-14.34224,-80.5843699999998,-24.33607,1.04258,-0.1394744,0.0001887698,-42.39056,-28.80572,0.0555706
79.420115948,-15.32677,-80.8217700000002,-24.21412,1.045878,-0.1336613,-0.008911421,-42.39056,-28.80572,0.0555706
79.430113793,-15.63443,-81.0591800000002,-24.33607,1.051745,-0.1351699,-0.02710715,-42.39056,-28.80572,0.0555706
79.440111637,-15.51137,-81.17789,-24.27509,1.059084,-0.1371134,-0.04291245,-42.39056,-28.80572,0.0555706
79.450109959,-15.2037,-81.2372400000001,-24.33607,1.06931,-0.1370211,-0.0548947,-41.62453,-29.92754,1.679724
79.460107327,-14.4653,-81.2965900000002,-24.64092,1.071684,-0.1342471,-0.07547832,-41.62453,-29.92754,1.679724
79.470105171,-13.3577,-81.5340000000002,-24.8848,1.08328,-0.1292595,-0.08650707,-41.62453,-29.92754,1.679724
79.480103016,-12.37317,-81.9494700000001,-25.18966,1.083077,-0.1186561,-0.09560239,-41.62453,-29.92754,1.679724
79.490100861,-11.45017,-82.3649400000001,-25.49451,1.091588,-0.1049387,-0.1018423,-41.62453,-29.92754,1.679724
79.500099182,-10.71177,-82.7803999999998,-25.61645,1.094315,-0.09478526,-0.1133354,-41.2461,-30.60135,4.137235
79.51009655,-10.95791,-83.0178099999998,-25.55548,1.100382,-0.08059502,-0.1157426,-41.2461,-30.60135,4.137235
79.520094395,-11.57324,-83.4332700000001,-25.18966,1.088517,-0.0716492,-0.1214671,-41.2461,-30.60135,4.137235
79.53009224,-12.31164,-82.8990999999999,-24.82383,1.073682,-0.06036304,-0.1305371,-41.2461,-30.60135,4.137235
79.540089607,-12.68084,-82.2462300000002,-24.21412,1.062367,-0.05482986,-0.1386546,-41.2461,-30.60135,4.137235
79.550087452,-13.48077,-81.17789,-24.03121,1.049121,-0.05031988,-0.1482042,-40.85232,-32.09599,6.986141
79.560085774,-13.48077,-80.05019,-23.66539,1.051976,-0.04697154,-0.1601744,-40.85232,-32.09599,6.986141
79.570083618,-13.29617,-79.2786099999999,-23.48248,1.058278,-0.04547253,-0.1692787,-40.85232,-32.09599,6.986141
79.580081463,-13.1731,-78.1509200000002,-23.11665,1.050427,-0.04279095,-0.1778801,-40.85232,-32.09599,6.986141
79.590078831,-13.3577,-77.0825700000003,-22.93374,1.044878,-0.03269583,-0.177873,-40.85232,-32.09599,6.986141
79.600076676,-12.9885,-76.01423,-22.62888,1.03697,-0.02716113,-0.1931751,-40.09586,-32.83418,8.995268
79.610074997,-11.94244,-74.2336599999998,-22.56791,1.030935,-0.04341731,-0.2041676,-40.09586,-32.83418,8.995268
79.620072842,-10.52718,-72.8685499999998,-22.32403,1.034037,-0.05318891,-0.2166135,-40.09586,-32.83418,8.995268
79.630070209,-8.37351199999997,-71.3847400000002,-21.83626,1.018817,-0.04718552,-0.2180243,-40.09586,-32.83418,8.995268
79.640068054,-6.71211600000002,-70.0196399999999,-21.3485,1.015659,-0.0345608,-0.2122791,-40.09586,-32.83418,8.995268
79.650065899,-5.419918,-68.0610100000002,-20.55588,1.008234,-0.02838148,-0.2113106,-40.08719,-33.58127,10.61183
79.66006422,-5.050718,-65.86497,-19.64132,1.002217,-0.01922361,-0.2065167,-40.08719,-33.58127,10.61183
79.670061588,-5.481451,-63.0160600000001,-18.4219,0.9982195,-0.013966,-0.2074682,-40.08719,-33.58127,10.61183
79.680059433,-5.78911700000002,-59.6329699999998,-17.3854,0.9939163,-0.01846398,-0.2117667,-40.08719,-33.58127,10.61183
79.690057278,-5.91218399999998,-56.07183,-15.86113,0.9946029,-0.0291806,-0.2160724,-40.08719,-33.58127,10.61183
79.700055122,-6.09678299999998,-52.68875,-14.51977,0.9994274,-0.02668628,-0.2194315,-38.57507,-34.69093,13.01555
79.71005249,-5.85064999999999,-49.06825,-13.23939,0.9971646,-0.03598142,-0.2213394,-38.57507,-34.69093,13.01555
79.720050812,-5.481451,-45.32905,-11.89803,1.000646,-0.03985721,-0.227566,-38.57507,-34.69093,13.01555
79.730048656,-4.743052,-41.58985,-10.61764,1.008025,-0.04359894,-0.2275779,-38.57507,-34.69093,13.01555
79.740046501,-3.881587,-37.6726,-9.27628699999999,1.014861,-0.04450157,-0.2347682,-38.57507,-34.69093,13.01555
79.750043869,-3.204721,-33.81469,-8.117843,1.018808,-0.0474752,-0.2496102,-37.81691,-35.4324,14.63767
79.760041714,-2.158657,-29.83808,-7.44716500000003,1.027784,-0.05852716,-0.2553659,-37.81691,-35.4324,14.63767
79.770040035,-0.743392200000001,-26.03953,-6.715515,1.038571,-0.06227175,-0.263041,-37.81691,-35.4324,14.63767
79.78003788,1.041071,-22.24098,-5.92289500000003,1.041565,-0.06617472,-0.271181,-37.81691,-35.4324,14.63767
79.790035248,2.702469,-18.14567,-5.008334,1.041803,-0.05311537,-0.2783633,-37.81691,-35.4324,14.63767
79.800033092,3.256268,-14.28776,-4.215714,1.04358,-0.04379035,-0.2721474,-38.1796,-36.18884,15.47745
79.810030937,2.948602,-10.37051,-3.423094,1.038187,-0.04191806,-0.2683099,-38.1796,-36.18884,15.47745
79.820029259,2.456336,-6.39389799999998,-2.508533,1.025429,-0.03734577,-0.2721174,-38.1796,-36.18884,15.47745
79.830026627,1.77947,-2.17988,-1.167176,1.009459,-0.04288823,-0.2591666,-38.1796,-36.18884,15.47745
79.840024471,1.410271,2.152843,0.0522393,0.9924,-0.04277441,-0.2629655,-38.1796,-36.18884,15.47745
79.850022316,1.225671,6.60427000000001,1.637479,0.9805572,-0.03465527,-0.2528968,-37.43378,-36.17613,16.32152
79.860020161,1.102605,10.81829,3.039807,0.9762813,-0.04061491,-0.2576736,-37.43378,-36.17613,16.32152
79.870017529,1.041071,15.03231,4.564075,0.962444,-0.03012302,-0.2495164,-37.43378,-36.17613,16.32152
79.88001585,0.856471800000002,18.83086,5.96640299999999,0.9422889,-0.02083748,-0.2533123,-37.43378,-36.17613,16.32152
79.890013695,0.1796062,22.09524,7.49067200000002,0.9349196,-0.01754639,-0.2494716,-37.80066,-36.5593,16.32077
79.900011539,-0.004993446,25.59703,9.197853,0.9257009,-0.01967668,-0.2499336,-37.80066,-36.5593,16.32077
79.910008907,-0.4357261,29.21752,10.78309,0.9281633,-0.02109901,-0.2513733,-37.80066,-36.5593,16.32077
79.920006752,-0.3741928,33.07543,12.18542,0.9453334,-0.02699368,-0.2423087,-37.80066,-36.5593,16.32077
79.930005074,0.118073,37.05204,13.77066,0.964778,-0.02399558,-0.2222432,-37.80066,-36.5593,16.32077
79.940002918,0.05653978,41.85958,15.23396,0.9827254,-0.01906135,-0.1997827,-38.1779,-36.19211,15.09045
79.950000286,-0.1895931,46.78582,16.69726,0.9949623,-0.02159926,-0.1849675,-38.1779,-36.19211,15.09045
79.959998131,-0.4357261,52.36494,17.79473,1.017557,-0.03072256,-0.168733,-38.1779,-36.19211,15.09045
79.969995975,-0.1280599,57.4692499999999,18.83123,1.040789,-0.04819952,-0.1639832,-38.1779,-36.19211,15.09045
79.979994297,1.410271,62.6329000000002,20.17259,1.064849,-0.05795089,-0.1664155,-38.1779,-36.19211,15.09045
79.989992142,3.687001,67.0249800000001,21.75783,1.084538,-0.06812101,-0.1520899,-37.80736,-35.81602,14.2527
79.99998951,6.57906199999999,71.5951100000001,22.97725,1.099113,-0.0659463,-0.1583374,-37.80736,-35.81602,14.2527
80.009987354,8.85579200000002,75.3936600000001,23.52598,1.116088,-0.06174093,-0.1602824,-37.80736,-35.81602,14.2527
80.019985199,10.88639,79.13286,23.52598,1.134639,-0.06319539,-0.1469142,-37.80736,-35.81602,14.2527
80.029982567,12.30165,83.2281700000001,23.76987,1.142547,-0.06869937,-0.1282621,-37.80736,-35.81602,14.2527
80.039980888,13.47079,87.1454299999999,23.95278,1.137377,-0.07835805,-0.1105433,-39.7001,-34.33263,11.39267
80.049978733,15.31678,91.30009,24.37957,1.123105,-0.09650581,-0.09807076,-39.7001,-34.33263,11.39267
80.059976578,17.34738,96.0482899999998,24.92831,1.111738,-0.113598,-0.08273211,-39.7001,-34.33263,11.39267
80.069974899,20.17791,100.7965,25.53802,1.11885,-0.1289988,-0.08178338,-39.7001,-34.33263,11.39267
80.07997179,23.19304,105.2479,26.51355,1.117057,-0.1372821,-0.0803424,-39.7001,-34.33263,11.39267
80.089970112,25.22363,109.1058,27.42811,1.12626,-0.1340925,-0.07030917,-40.08969,-33.21127,9.384297
80.099967957,26.20816,112.7857,28.34267,1.119068,-0.1142627,-0.0650374,-40.08969,-33.21127,9.384297
80.109965801,25.40823,115.9313,29.44015,1.11285,-0.09442251,-0.06072449,-40.08969,-33.21127,9.384297
80.119963169,23.00843,118.5428,30.59859,1.111126,-0.08028968,-0.05258933,-40.08969,-33.21127,9.384297
80.129961014,19.80871,121.2137,32.30577,1.122791,-0.07855316,-0.04734578,-40.08969,-33.21127,9.384297
80.139959335,15.68598,123.5878,33.89101,1.140287,-0.07559793,-0.02775542,-41.20965,-32.86278,6.600414
80.14995718,11.87092,125.6058,36.14693,1.149308,-0.0883208,-0.003839066,-41.20965,-32.86278,6.600414
80.159954548,9.163459,128.1579,38.34188,1.160788,-0.1025889,0.00523754,-41.20965,-32.86278,6.600414
80.169952393,6.702129,130.2946,40.53682,1.179733,-0.1248608,0.0262676,-41.20965,-32.86278,6.600414
80.179950714,5.102265,132.3126,42.85371,1.199463,-0.1368511,0.0539937,-41.20965,-32.86278,6.600414
80.189948559,3.440868,134.4493,45.10963,1.210456,-0.150349,0.09513556,-40.85027,-31.36959,2.918565
80.199945927,2.517869,136.8827,47.24361,1.22099,-0.1660629,0.1075642,-40.85027,-31.36959,2.918565
80.209943771,1.533337,139.3755,49.25564,1.22488,-0.1646676,0.1453646,-40.85027,-31.36959,2.918565
80.219941616,0.05653978,141.3342,50.90185,1.228345,-0.1667219,0.1788594,-40.85027,-31.36959,2.918565
80.229939938,-1.051058,143.1147,51.99932,1.213596,-0.1853211,0.1961186,-40.85027,-31.36959,2.918565
80.239936829,-0.2511264,144.5985,52.54806,1.184998,-0.2194643,0.1909129,-41.99921,-29.20015,-1.939131
80.24993515,2.948602,144.8953,52.48709,1.157373,-0.2536059,0.1837912,-41.99921,-29.20015,-1.939131
80.259932995,8.91732600000001,145.1327,52.36515,1.144637,-0.2499174,0.1895554,-41.99921,-29.20015,-1.939131
80.26993084,14.33225,145.3108,51.69447,1.119019,-0.2347593,0.2020391,-41.99921,-29.20015,-1.939131
80.279928207,17.59351,144.9547,50.71894,1.11175,-0.2104129,0.2231029,-41.99921,-29.20015,-1.939131
80.289926052,18.70111,144.8953,49.98729,1.104745,-0.2001491,0.2446484,-42.01905,-27.33597,-6.399791
80.299924374,18.02424,144.0644,48.88982,1.090603,-0.1993776,0.2532872,-42.01905,-27.33597,-6.399791
80.309922218,18.57804,142.8773,48.0972,1.086732,-0.2265967,0.2609582,-42.01905,-27.33597,-6.399791
80.319919586,20.7317,141.6309,47.36555,1.070528,-0.2714743,0.2772696,-42.01905,-27.33597,-6.399791
80.329917431,26.14663,140.3845,46.08516,1.059707,-0.2921064,0.2763366,-42.01905,-27.33597,-6.399791
80.339915752,33.09988,139.4349,44.80478,1.046556,-0.2923355,0.2797096,-42.35905,-25.09377,-10.8648
80.349913597,38.82248,137.7137,42.97565,1.024737,-0.2716606,0.302714,-42.35905,-25.09377,-10.8648
80.359911442,41.40687,134.5086,40.29294,1.001154,-0.2607261,0.3271596,-42.35905,-25.09377,-10.8648
80.36990881,44.9758,132.1345,38.46382,0.999529,-0.251985,0.3300317,-42.35905,-25.09377,-10.8648
80.379906654,46.20646,130.1759,36.75663,0.9672571,-0.2456615,0.347315,-42.35905,-25.09377,-10.8648
80.389904976,45.83727,127.9799,36.26887,0.9512214,-0.2214356,0.374137,-40.94238,-23.2188,-15.3148
80.399902821,42.69907,125.7838,35.90305,0.9294539,-0.2037981,0.383742,-40.94238,-23.2188,-15.3148
80.409900189,36.54575,122.6382,34.92751,0.899712,-0.2021875,0.4115508,-40.94238,-23.2188,-15.3148
80.419898033,34.08442,119.3144,34.19586,0.8760679,-0.214926,0.3981952,-40.94238,-23.2188,-15.3148
80.429895878,31.50002,115.8126,33.22033,0.8500879,-0.2323025,0.4140379,-40.94238,-23.2188,-15.3148
80.439894199,30.45395,112.9044,32.79354,0.8427038,-0.2279346,0.4293641,-39.81779,-22.48071,-18.98703
80.44989109,27.13116,109.7587,32.00092,0.8214842,-0.2130089,0.4600261,-39.81779,-22.48071,-18.98703
80.459889412,22.14697,105.0698,29.62306,0.7974831,-0.2309409,0.5170231,-39.81779,-22.48071,-18.98703
80.469887257,24.85443,101.2119,27.42811,0.785598,-0.2731202,0.5003046,-39.81779,-22.48071,-18.98703
80.479885101,32.73069,98.5410799999998,26.63549,0.7506576,-0.2556299,0.4692535,-38.69688,-21.73553,-21.82076
80.489882469,33.03835,94.6831799999997,24.98928,0.731589,-0.2256501,0.494165,-38.69688,-21.73553,-21.82076
80.499880791,32.11535,90.5878700000003,23.03822,0.7256405,-0.1941025,0.5027816,-38.69688,-21.73553,-21.82076
80.509878636,31.56155,87.44219,21.08715,0.709861,-0.2098635,0.5138204,-38.69688,-21.73553,-21.82076
80.51987648,32.97682,84.6526300000001,19.62385,0.6913993,-0.2125703,0.5234248,-38.69688,-21.73553,-21.82076
80.529873848,34.69975,82.99076,18.95317,0.6782826,-0.1884007,0.5377988,-36.0947,-20.21458,-24.19592
80.539871693,31.06929,81.0914900000002,18.58735,0.6672425,-0.1702048,0.5851924,-36.0947,-20.21458,-24.19592
80.549870014,28.05416,79.5483200000002,18.83123,0.6552523,-0.1543573,0.5904735,-36.0947,-20.21458,-24.19592
80.559867859,24.4237,78.5986899999999,18.8922,0.6253288,-0.1437762,0.5900443,-36.0947,-20.21458,-24.19592
80.569865704,17.22431,75.74978,19.19706,0.5947599,-0.1242724,0.6101928,-36.0947,-20.21458,-24.19592
80.579863072,11.93245,71.8325200000002,18.70929,0.5814099,-0.1401784,0.6001701,-34.57715,-20.60439,-26.63378
80.589860916,8.60965899999997,67.3810900000002,17.97764,0.5656054,-0.1808282,0.5997295,-34.57715,-20.60439,-26.63378
80.599859238,8.425059,63.5231900000002,16.69726,0.57288,-0.2042455,0.6270017,-34.57715,-20.60439,-26.63378
80.609857083,12.11705,61.32715,15.11202,0.5625032,-0.2223646,0.6342031,-34.57715,-20.60439,-26.63378
80.61985445,16.97818,59.4278800000001,13.52678,0.5592688,-0.2316,0.6409112,-34.57715,-20.60439,-26.63378
80.629852295,22.5777,58.4782400000001,12.4293,0.5396675,-0.1999765,0.6342372,-32.70593,-20.22032,-27.84741
80.63985014,22.2085,55.92609,11.75863,0.5241879,-0.1533337,0.6667954,-32.70593,-20.22032,-27.84741
80.649848461,18.20884,52.48365,10.96601,0.515928,-0.1279735,0.6945606,-32.70593,-20.22032,-27.84741
80.659845829,14.70145,49.45668,10.11241,0.5201322,-0.1693744,0.7280642,-32.70593,-20.22032,-27.84741
80.669843674,14.14765,47.37935,9.38076599999998,0.5335501,-0.2087985,0.7452797,-32.70593,-20.22032,-27.84741
80.679841518,16.54745,46.1923,9.07591200000002,0.5356991,-0.2194512,0.7448002,-31.58252,-19.84514,-29.4536
80.689839363,16.67051,45.06461,8.89300000000002,0.51069,-0.1848566,0.7558421,-31.58252,-19.84514,-29.4536
80.699836731,13.77845,43.22468,8.34426300000002,0.4880834,-0.1745818,0.7592289,-31.58252,-19.84514,-29.4536
80.709835052,11.07099,41.14735,8.16134999999999,0.4950867,-0.2097637,0.7759759,-31.58252,-19.84514,-29.4536
80.719832897,12.42472,40.19771,7.67358400000003,0.5044592,-0.2415761,0.7841035,-31.58252,-19.84514,-29.4536
80.729830742,14.33225,39.48548,7.06387699999997,0.4931993,-0.2638054,0.8219364,-29.32253,-20.21571,-30.2734
80.73982811,17.53198,38.7139,6.81999300000002,0.4935768,-0.257971,0.8214557,-29.32253,-20.21571,-30.2734
80.749825954,19.50104,38.95131,6.75902300000002,0.4737889,-0.2159885,0.832008,-29.32253,-20.21571,-30.2734
80.759824276,13.28619,37.70491,7.67358400000003,0.4564718,-0.1751694,0.8693566,-29.32253,-20.21571,-30.2734
80.769822121,7.31746100000001,37.52686,8.89300000000002,0.4697705,-0.1570145,0.8597572,-29.32253,-20.21571,-30.2734
80.779819965,-0.004993446,37.11139,10.41727,0.4589368,-0.1765127,0.8765314,-28.55563,-20.97406,-30.65078
80.789817333,-5.66605,36.57722,11.33183,0.4596266,-0.2135447,0.8640966,-28.55563,-20.97406,-30.65078
80.799815178,-5.78911700000002,36.57722,11.3928,0.4471788,-0.251931,0.8382851,-28.55563,-20.97406,-30.65078
80.809813499,-5.358385,35.21211,11.69765,0.4135153,-0.2503988,0.8129789,-28.55563,-20.97406,-30.65078
80.819811344,-5.235318,33.13478,11.63668,0.4149579,-0.2237707,0.7990909,-28.55563,-20.97406,-30.65078
80.829808712,-6.09678299999998,31.17615,11.57571,0.4146589,-0.2076748,0.8062658,-27.82437,-19.83772,-31.87681
80.839806557,-8.06584600000003,29.15817,11.51474,0.4000153,-0.2065984,0.796241,-27.82437,-19.83772,-31.87681
80.849804401,-8.80424499999999,26.60602,10.96601,0.3905449,-0.2214252,0.7895613,-27.82437,-19.83772,-31.87681
80.859802723,-6.71211600000002,23.6384,9.56367799999999,0.386211,-0.2509875,0.7546404,-27.82437,-19.83772,-31.87681
80.869800091,-2.281723,21.44236,8.03940900000001,0.3707404,-0.2320221,0.7364766,-27.82437,-19.83772,-31.87681
80.879797935,0.1796062,18.71215,7.24678899999998,0.374913,-0.1951661,0.7192311,-26.69676,-19.83582,-32.64247
80.88979578,-1.112592,16.10065,6.39319799999998,0.3628304,-0.1745005,0.720204,-26.69676,-19.83582,-32.64247
80.899793625,-2.589389,12.06469,5.539608,0.3527708,-0.1840462,0.707781,-26.69676,-19.83582,-32.64247
80.909790993,-2.712456,7.01973699999999,4.198251,0.3619349,-0.2046422,0.7206919,-26.69676,-19.83582,-32.64247
80.919789314,-1.297191,2.3309,2.55204,0.3535917,-0.2013572,0.7259699,-26.69676,-19.83582,-32.64247
80.929787159,-0.1280599,-1.645709,0.844859200000001,0.3543153,-0.1883584,0.7111294,-26.31835,-19.84009,-33.4782
80.939785004,0.4257392,-4.791384,-0.618438999999999,0.3483019,-0.1798487,0.6982163,-26.31835,-19.84009,-33.4782
80.949782372,1.410271,-7.58094500000003,-1.837854,0.3435273,-0.1854113,0.6848258,-26.31835,-19.84009,-33.4782
80.959780216,3.256268,-10.37051,-3.11824,0.3392683,-0.1923863,0.6752635,-26.31835,-19.84009,-33.4782
80.969778538,5.102265,-13.27877,-3.849889,0.3445216,-0.1863065,0.6910458,-26.31835,-19.84009,-33.4782
80.979776382,5.532998,-15.71222,-4.642509,0.3545468,-0.1747519,0.710647,-25.96103,-19.0733,-33.09247
80.989774227,5.77913000000001,-18.20502,-5.92289500000003,0.3696614,-0.1747769,0.7283279,-25.96103,-19.0733,-33.09247
80.999771595,5.286864,-20.63847,-7.08133999999998,0.3697782,-0.1803778,0.7532151,-25.96103,-19.0733,-33.09247
81.00976944,5.225331,-23.36868,-8.05687200000003,0.3816539,-0.1897787,0.7622898,-25.96103,-19.0733,-33.09247
81.019767761,6.64059500000001,-24.73378,-8.48366700000001,0.4014083,-0.1776644,0.7689524,-26.32791,-19.45647,-33.09322
81.029765606,4.363866,-25.56471,-8.66657900000002,0.4168407,-0.1683274,0.8000305,-26.32791,-19.45647,-33.09322
81.039762974,2.087137,-26.33629,-8.23978399999997,0.426576,-0.167579,0.8076705,-26.32791,-19.45647,-33.09322
81.049760818,0.05653978,-27.58269,-8.36172599999998,0.4217002,-0.1926942,0.8349643,-26.32791,-19.45647,-33.09322
81.059758663,0.05653978,-29.12586,-8.78852100000003,0.4367463,-0.215109,0.8488226,-26.32791,-19.45647,-33.09322
81.069756985,0.1796062,-30.72837,-9.33725800000002,0.4568146,-0.2193965,0.8679317,-27.07319,-19.83537,-32.25825
81.079754353,-0.8664587,-33.45858,-9.88599500000001,0.4501063,-0.1988914,0.8928241,-27.07319,-19.83537,-32.25825
81.089752197,-2.03559,-35.83267,-10.4957,0.4564333,-0.198933,0.8746272,-27.07319,-19.83537,-32.25825
81.099750042,-4.189253,-37.01972,-10.19085,0.4693896,-0.1885995,0.8607232,-27.07319,-19.83537,-32.25825
81.109747887,-7.57358100000002,-37.91001,-9.76405300000001,0.4639216,-0.1836561,0.8286669,-27.07319,-19.83537,-32.25825
81.119746208,-10.28104,-38.91899,-9.15434600000001,0.4651042,-0.1956287,0.7922961,-27.45161,-19.8311,-31.42253
81.129743576,-12.18857,-39.39381,-9.27628699999999,0.4743125,-0.2194684,0.7693146,-27.45161,-19.8311,-31.42253
81.139741421,-12.18857,-39.80928,-9.15434600000001,0.486531,-0.2218059,0.7530223,-27.45161,-19.8311,-31.42253
81.149739265,-14.52684,-41.17439,-8.66657900000002,0.4796939,-0.2209471,0.7554268,-27.45161,-19.8311,-31.42253
81.15973711,-15.88057,-43.42978,-8.117843,0.4931518,-0.2116896,0.7290793,-27.45161,-19.8311,-31.42253
81.169734478,-18.8957,-44.73553,-7.32522300000002,0.5058738,-0.1886341,0.7252226,-28.93823,-20.59652,-30.65559
81.1797328,-27.07962,-47.52509,-6.59357400000002,0.4849377,-0.1374634,0.7333817,-28.93823,-20.59652,-30.65559
81.189730644,-34.40207,-52.62939,-7.20328100000002,0.490406,-0.169581,0.7166303,-28.93823,-20.59652,-30.65559
81.199728489,-34.95587,-56.72471,-9.09337499999998,0.5183399,-0.2304639,0.6941042,-28.93823,-20.59652,-30.65559
81.209725857,-32.74067,-61.0574299999999,-11.16638,0.5328916,-0.2531209,0.6825988,-28.93823,-20.59652,-30.65559
81.219723702,-28.86408,-66.1023899999997,-13.30036,0.533189,-0.2436199,0.6581885,-30.06613,-20.59787,-29.82543
81.229722023,-24.12602,-70.79122,-15.37336,0.5505437,-0.2342898,0.6313556,-30.06613,-20.59787,-29.82543
81.239719868,-20.00329,-74.1149499999999,-17.14152,0.5619652,-0.2201122,0.6160176,-30.06613,-20.59787,-29.82543
81.249717236,-17.35736,-75.6581199999999,-18.36093,0.570735,-0.220653,0.5911165,-30.06613,-20.59787,-29.82543
81.25971508,-13.3577,-74.8865399999998,-18.78773,0.5891662,-0.2165855,0.5709832,-30.06613,-20.59787,-29.82543
81.269712925,-11.08097,-73.1059599999998,-18.36093,0.6010594,-0.201339,0.5652156,-31.58002,-20.21515,-28.22607
81.279711247,-13.23464,-72.9279100000001,-17.99511,0.5954662,-0.1887448,0.5728792,-31.58002,-20.21515,-28.22607
81.289709091,-16.80357,-75.1832999999998,-18.11705,0.6121191,-0.2189205,0.5848224,-31.58002,-20.21515,-28.22607
81.299706459,-16.18823,-77.3793299999998,-18.66578,0.6405618,-0.2542437,0.5929177,-31.58002,-20.21515,-28.22607
81.309704304,-16.92663,-80.8811299999999,-19.03161,0.6744115,-0.2653725,0.6311476,-31.58002,-20.21515,-28.22607
81.319702625,-19.57256,-85.5106100000001,-19.82423,0.7046493,-0.2659303,0.6641169,-33.46864,-19.83524,-26.6295
81.32970047,-18.09576,-88.8936900000001,-21.04364,0.7359921,-0.2747106,0.6458786,-33.46864,-19.83524,-26.6295
81.339697838,-17.66503,-92.4548300000001,-21.89723,0.7453195,-0.2784358,0.6434703,-33.46864,-19.83524,-26.6295
81.349695683,-20.31096,-96.5501499999998,-23.11665,0.7464261,-0.2594271,0.6472922,-33.46864,-19.83524,-26.6295
81.359693527,-19.14183,-99.8738799999998,-24.45801,0.7640082,-0.262263,0.6180691,-33.46864,-19.83524,-26.6295
81.369691849,-16.37283,-101.7732,-25.12868,0.7986369,-0.2648322,0.581159,-35.34493,-20.2095,-24.25486
81.37968874,-16.18823,-103.1976,-25.67742,0.8071233,-0.2495565,0.5859261,-35.34493,-20.2095,-24.25486
81.389687061,-17.72656,-104.6814,-26.53101,0.8135712,-0.2550718,0.606495,-35.34493,-20.2095,-24.25486
81.399684906,-12.92697,-103.3163,-27.32363,0.811399,-0.2700175,0.5710881,-35.34493,-20.2095,-24.25486
81.409682751,-6.46598299999997,-99.7551800000002,-27.01878,0.8213457,-0.2811643,0.5528876,-35.34493,-20.2095,-24.25486
81.419681072,-4.066186,-96.7875599999998,-25.98228,0.8464046,-0.2395826,0.5820264,-37.20945,-21.33684,-20.97316
81.429677963,-3.820054,-93.6418800000001,-25.3116,0.8674469,-0.1925691,0.5762347,-37.20945,-21.33684,-20.97316
81.439676285,-6.89671500000002,-92.2174299999997,-25.37257,0.885614,-0.2000423,0.5699835,-37.20945,-21.33684,-20.97316
81.44967413,-9.54264400000001,-92.4548300000001,-25.49451,0.9202026,-0.2256524,0.5641869,-37.20945,-21.33684,-20.97316
81.459671974,-10.03491,-94.1760599999999,-25.98228,0.9448746,-0.2422562,0.5550551,-37.20945,-21.33684,-20.97316
81.469669342,-12.37317,-98.1526600000001,-27.62849,0.9494944,-0.2797175,0.5933429,-38.33992,-21.69839,-17.75446
81.479667664,-9.17344499999999,-101.0016,-28.42111,0.9617125,-0.2820681,0.5756149,-38.33992,-21.69839,-17.75446
81.489665508,-4.066186,-99.9332400000001,-27.87237,0.9708449,-0.2500524,0.5497475,-38.33992,-21.69839,-17.75446
81.499663353,-3.573921,-97.55914,-25.98228,0.9699029,-0.2000892,0.5420792,-38.33992,-21.69839,-17.75446
81.509660721,-8.80424499999999,-94.8882799999997,-23.54345,0.9438725,-0.1382592,0.5047796,-38.33992,-21.69839,-17.75446
81.519658566,-17.66503,-93.2264199999999,-21.71432,0.92667,-0.1054244,0.4660366,-39.45466,-22.82066,-14.5317
81.529656887,-27.63342,-92.8109499999999,-21.22656,0.9379621,-0.1365559,0.4382675,-39.45466,-22.82066,-14.5317
81.539654732,-32.74067,-92.39548,-20.86073,0.9620994,-0.1772183,0.4032998,-39.45466,-22.82066,-14.5317
81.549652577,-34.52514,-91.9800199999997,-20.86073,0.9733822,-0.2078729,0.3745735,-39.45466,-22.82066,-14.5317
81.559649944,-35.32507,-92.5141899999998,-20.67782,0.9858884,-0.2251197,0.3745561,-40.94077,-23.95227,-12.08573
81.569647789,-33.60214,-92.15807,-20.31199,0.9972986,-0.2361675,0.3640104,-40.94077,-23.95227,-12.08573
81.579646111,-31.81768,-91.5645499999998,-20.67782,0.9969936,-0.2459011,0.3630563,-40.94077,-23.95227,-12.08573
81.589643955,-28.49488,-90.4962100000001,-20.61685,0.9938222,-0.2329223,0.3544441,-40.94077,-23.95227,-12.08573
81.599641323,-24.55675,-88.2408100000001,-20.12908,0.999243,-0.210611,0.3381573,-40.94077,-23.95227,-12.08573
81.609639168,-23.94142,-86.6383100000001,-19.8852,0.9938309,-0.1821307,0.3290665,-42.05382,-25.0778,-9.249973
81.619637012,-24.98749,-85.5106100000001,-19.8852,1.001691,-0.1596616,0.3247398,-42.05382,-25.0778,-9.249973
81.629635334,-26.95655,-84.73903,-20.12908,1.008326,-0.1762762,0.3003252,-42.05382,-25.0778,-9.249973
81.639632702,-27.81801,-84.56097,-21.10461,1.028299,-0.2022585,0.2854612,-42.05382,-25.0778,-9.249973
81.649630546,-25.47975,-84.3829100000001,-21.71432,1.039193,-0.2119244,0.2677374,-42.05382,-25.0778,-9.249973
81.659628391,-22.09542,-83.3145699999999,-22.50694,1.042156,-0.2144622,0.2495469,-42.04881,-25.81781,-6.794905
81.669626236,-19.0803,-82.9584600000003,-23.36053,1.045035,-0.2126721,0.2265698,-42.04881,-25.81781,-6.794905
81.679624557,-16.8651,-83.1365099999999,-24.51898,1.038127,-0.2086193,0.2064806,-42.04881,-25.81781,-6.794905
81.689621925,-14.89604,-83.37392,-25.67742,1.033414,-0.2176612,0.1844767,-42.04881,-25.81781,-6.794905
81.69961977,-12.25011,-83.1365099999999,-26.59198,1.040264,-0.2196539,0.164365,-42.04881,-25.81781,-6.794905
81.709617615,-10.15798,-83.0771599999999,-27.07975,1.039121,-0.2110742,0.1485718,-42.434,-25.80047,-4.411175
81.719615459,-8.68117799999998,-82.6023399999998,-27.62849,1.036416,-0.1971977,0.1308656,-42.434,-25.80047,-4.411175
81.729612827,-8.00431300000001,-82.7803999999998,-27.68946,1.026376,-0.1820126,0.1126933,-42.434,-25.80047,-4.411175
81.739611149,-9.05037799999998,-83.1365099999999,-27.26266,1.020527,-0.1566145,0.08637533,-42.434,-25.80047,-4.411175
81.749608993,-11.20404,-83.2552199999998,-26.95781,1.024301,-0.1503631,0.07105269,-42.434,-25.80047,-4.411175
81.759606838,-14.0961,-83.67068,-26.77489,1.031014,-0.1450737,0.05046086,-42.79756,-26.92038,-1.569858
81.769604206,-17.11123,-83.9080999999998,-26.40907,1.041454,-0.1303637,0.04230308,-42.79756,-26.92038,-1.569858
81.779602051,-19.94176,-84.2048599999999,-26.22616,1.058579,-0.1345787,0.02265269,-42.79756,-26.92038,-1.569858
81.789600372,-22.15696,-84.2048599999999,-25.9213,1.067909,-0.1390003,-0.002726964,-42.79756,-26.92038,-1.569858
81.799598217,-23.57222,-84.6796700000002,-25.9213,1.086976,-0.1426165,-0.0142451,-42.79756,-26.92038,-1.569858
81.809596062,-24.67982,-85.3919099999999,-26.53101,1.085003,-0.1418809,-0.03577777,-42.02368,-28.42255,0.05632305
81.81959343,-24.92595,-85.5699600000002,-27.50654,1.0876,-0.1506731,-0.0463087,-42.02368,-28.42255,0.05632305
81.829591274,-24.80289,-86.4008899999998,-28.05528,1.097655,-0.1412635,-0.04872154,-42.02368,-28.42255,0.05632305
81.839589596,-24.80289,-87.0537699999998,-28.48208,1.101387,-0.1324735,-0.05208034,-42.02368,-28.42255,0.05632305
81.84958744,-24.86442,-87.64729,-28.54305,1.091304,-0.114785,-0.06211742,-42.02368,-28.42255,0.05632305
81.859584808,-25.17208,-88.0034099999998,-28.36014,1.081441,-0.1087196,-0.06832326,-42.77602,-28.78783,2.503802
81.869582653,-25.60282,-88.1221200000003,-28.17722,1.067625,-0.09989128,-0.08265874,-42.77602,-28.78783,2.503802
81.879580498,-26.03355,-88.0627599999999,-28.17722,1.058257,-0.09435911,-0.09508681,-42.77602,-28.78783,2.503802
81.889578819,-26.21815,-87.64729,-27.8114,1.047412,-0.08777896,-0.09602676,-42.77602,-28.78783,2.503802
81.899576187,-26.40275,-87.0537699999998,-27.50654,1.037143,-0.08615652,-0.1089308,-42.77602,-28.78783,2.503802
81.909574032,-24.98749,-86.0447800000002,-27.3846,1.042727,-0.09823859,-0.1137232,-41.6232,-30.66047,4.973296
81.919571877,-23.07996,-85.03579,-27.01878,1.059329,-0.1005245,-0.1338518,-41.6232,-30.66047,4.973296
81.929569721,-20.43403,-84.4422699999999,-27.14072,1.076502,-0.1070805,-0.1439301,-41.6232,-30.66047,4.973296
81.939568043,-17.48043,-84.0267999999999,-27.56752,1.080394,-0.1071703,-0.1621227,-41.6232,-30.66047,4.973296
81.949565411,-14.2807,-83.67068,-28.11625,1.083627,-0.09798761,-0.1745737,-41.6232,-30.66047,4.973296
81.959563255,-10.71177,-83.6113400000002,-28.60402,1.090325,-0.09161699,-0.1832014,-41.60967,-31.72126,6.978551
81.9695611,-6.958249,-82.8990999999999,-29.15276,1.096452,-0.08095875,-0.199965,-41.60967,-31.72126,6.978551
81.979558945,-3.696987,-82.48363,-29.51858,1.10177,-0.07902835,-0.2128963,-41.60967,-31.72126,6.978551
81.989556313,-0.743392200000001,-82.2462300000002,-29.82343,1.098825,-0.07823307,-0.2258129,-41.60967,-31.72126,6.978551
81.999554634,2.087137,-81.8307599999997,-29.70149,1.091169,-0.05999751,-0.2344187,-41.60967,-31.72126,6.978551
82.009552479,3.933134,-81.3559400000003,-29.51858,1.08105,-0.04034838,-0.2425419,-40.48016,-32.45337,9.37746
82.019550323,4.733066,-79.8721300000001,-29.09178,1.061376,-0.03049724,-0.2386815,-40.48016,-32.45337,9.37746
82.029548645,4.302333,-78.3289699999998,-28.23819,1.043288,-0.02747932,-0.2415222,-40.48016,-32.45337,9.37746
82.039545536,3.379334,-76.01423,-27.26266,1.032342,-0.01558652,-0.2458134,-40.48016,-32.45337,9.37746
82.049543858,2.887069,-73.0466100000003,-26.16519,1.023204,-0.02213255,-0.2510601,-40.48016,-32.45337,9.37746
82.059541702,1.96407,-70.3164100000002,-24.82383,1.018359,-0.02374313,-0.2572728,-40.0844,-33.95182,11.77486
82.069539547,1.102605,-67.5861999999999,-23.54345,1.00994,-0.0166686,-0.2625242,-40.0844,-33.95182,11.77486
82.079536915,0.118073,-65.0340399999998,-22.50694,1.000168,-0.01545646,-0.2682504,-40.0844,-33.95182,11.77486
82.08953476,-0.681858999999999,-62.6005900000002,-21.65335,0.9929778,-0.02199472,-0.2768505,-40.0844,-33.95182,11.77486
82.099533081,-1.543324,-59.5736199999998,-20.49491,0.9901441,-0.0269803,-0.2845016,-40.0844,-33.95182,11.77486
82.109530926,-2.22019,-56.606,-19.33646,0.9848043,-0.0280533,-0.2840134,-38.57256,-35.06094,14.24308
82.119528294,-2.897055,-52.7481,-18.48287,0.9833583,-0.02914586,-0.2940607,-38.57256,-35.06094,14.24308
82.129526138,-2.589389,-48.94955,-17.44637,0.9776574,-0.0370862,-0.2997916,-38.57256,-35.06094,14.24308
82.139523983,-2.158657,-45.3884,-16.65375,0.9846655,-0.04724462,-0.3098513,-38.57256,-35.06094,14.24308
82.149522305,-1.481791,-41.76791,-15.86113,0.9905549,-0.04960623,-0.3151253,-38.19282,-35.79813,16.70093
82.159520149,-0.620325700000001,-38.74094,-14.8856,0.990867,-0.04041542,-0.3203925,-38.19282,-35.79813,16.70093
82.169517517,0.5488057,-35.41721,-13.66618,0.9923079,-0.03948526,-0.3280525,-38.19282,-35.79813,16.70093
82.179515362,1.164138,-32.44959,-12.9955,0.9908082,-0.03762814,-0.3342719,-38.19282,-35.79813,16.70093
82.189513683,1.841003,-29.30391,-12.14191,0.9917452,-0.03568779,-0.3366669,-38.19282,-35.79813,16.70093
82.199511528,2.517869,-26.09888,-11.34929,0.9848167,-0.02998022,-0.3352205,-37.80574,-36.54949,17.48177
82.209508896,3.502401,-22.89386,-10.4957,0.9813401,-0.02673943,-0.3452654,-37.80574,-36.54949,17.48177
82.219506741,4.240799,-19.51077,-9.27628699999999,0.9828297,-0.02813712,-0.3419176,-37.80574,-36.54949,17.48177
82.229504585,4.609999,-16.4838,-8.30075500000001,0.9840692,-0.01654215,-0.3519728,-37.80574,-36.54949,17.48177
82.239502907,4.363866,-13.39748,-6.715515,0.9618403,-0.0004242219,-0.3481097,-37.80574,-36.54949,17.48177
82.249500752,3.687001,-10.66727,-5.191246,0.9441758,0.006003644,-0.350952,-36.67901,-36.91106,18.71765
82.259498119,2.702469,-7.877707,-4.032802,0.9266508,0.005224096,-0.3451783,-36.67901,-36.91106,18.71765
82.269495964,2.087137,-4.791384,-2.569504,0.9126514,-0.001886379,-0.3485021,-36.67901,-36.91106,18.71765
82.279493809,1.841003,-1.705061,-1.167176,0.895698,-0.006949148,-0.334114,-36.67901,-36.91106,18.71765
82.28949213,1.902537,1.440615,0.4180639,0.8746099,0.000518939,-0.3221147,-36.67901,-36.91106,18.71765
82.299489021,1.287204,5.298519,2.064274,0.8529863,0.01031842,-0.3196867,-37.04589,-37.29423,18.71689
82.309487343,0.4872724,8.97836599999999,3.771456,0.8394239,0.006276985,-0.307219,-37.04589,-37.29423,18.71689
82.319485188,-0.3126596,13.25174,5.356696,0.8381367,-0.002955016,-0.3043429,-37.04589,-37.29423,18.71689
82.329483032,0.5488057,17.2877,6.45416900000001,0.8344296,-0.01329444,-0.3110338,-37.04589,-37.29423,18.71689
82.339481354,2.333269,20.61143,7.30776000000001,0.8462456,-0.01993436,-0.31871,-37.04589,-37.29423,18.71689
82.349478722,4.609999,23.7571,8.10037999999998,0.8629258,-0.02592643,-0.3192161,-36.68098,-36.90725,19.16915
82.359476566,6.702129,26.84343,9.01494099999999,0.8842939,-0.0221246,-0.3216472,-36.68098,-36.90725,19.16915
82.369474411,8.117393,30.04846,9.868532,0.9076038,-0.0177239,-0.315946,-36.68098,-36.90725,19.16915
82.379472256,8.425059,33.43154,10.84406,0.9202791,-0.01791555,-0.3111823,-36.68098,-36.90725,19.16915
82.389469624,9.04039199999999,36.69592,12.00251,0.9466004,-0.01839373,-0.3140996,-36.68098,-36.90725,19.16915
82.399467945,10.08646,40.61318,12.00251,0.9553103,-0.01540687,-0.3251227,-37.0425,-37.30077,17.94289
82.40946579,9.84032400000003,43.75885,12.12445,0.9727765,-0.01107338,-0.3141471,-37.0425,-37.30077,17.94289
82.419463635,8.48659299999999,47.20129,12.61222,0.9940774,-0.0032055,-0.2969575,-37.0425,-37.30077,17.94289
82.429461002,6.14833,51.35596,13.70969,1.013707,-0.009830447,-0.2668397,-37.0425,-37.30077,17.94289
82.439458847,4.117733,56.34155,15.23396,1.023523,-0.01274862,-0.23527,-37.0425,-37.30077,17.94289
82.449457169,2.640936,61.6832699999999,16.88017,1.031564,-0.0249128,-0.201302,-37.07029,-35.78643,17.09628
82.459455013,1.656404,67.7372100000001,18.58735,1.033545,-0.02615163,-0.1816836,-37.07029,-35.78643,17.09628
82.469452858,0.7949386,73.9692099999997,20.23356,1.031691,-0.03095557,-0.171629,-37.07029,-35.78643,17.09628
82.479450226,-0.5587925,79.78574,21.94074,1.030692,-0.02944291,-0.1634918,-37.07029,-35.78643,17.09628
82.489448071,-1.789457,85.3054999999998,23.64792,1.049833,-0.03690561,-0.1707019,-37.07029,-35.78643,17.09628
82.499446392,-2.589389,90.1723999999997,24.92831,1.068083,-0.04871551,-0.1731236,-38.18577,-35.81176,15.08842
82.509444237,-2.712456,94.9799399999998,26.08675,1.102166,-0.07337689,-0.1803553,-38.18577,-35.81176,15.08842
82.519442082,-0.927991900000002,99.1346100000003,27.18423,1.135647,-0.09160572,-0.1737089,-38.18577,-35.81176,15.08842
82.529439449,1.717937,103.1706,27.97685,1.168885,-0.09660925,-0.1551011,-38.18577,-35.81176,15.08842
82.539437294,5.040731,106.613,28.58656,1.2142,-0.09604637,-0.1384301,-38.18577,-35.81176,15.08842
82.549435616,7.62512700000002,109.9961,29.68403,1.260285,-0.08413812,-0.1050131,-38.20283,-34.31812,11.7908
82.55943346,9.77878999999998,113.0231,30.7815,1.288067,-0.08382075,-0.07730425,-38.20283,-34.31812,11.7908
82.569430828,12.24012,115.9313,31.81801,1.304608,-0.1082419,-0.0734982,-38.20283,-34.31812,11.7908
82.579428673,16.73204,118.8396,32.42771,1.304127,-0.1344703,-0.07109772,-38.20283,-34.31812,11.7908
82.589426518,22.27004,121.273,32.79354,1.279044,-0.1480951,-0.07200763,-38.20283,-34.31812,11.7908
82.599424839,28.17723,123.2317,33.46421,1.255233,-0.1513934,-0.06239376,-39.7037,-33.59535,8.615102
82.609422207,33.03835,125.2497,33.95198,1.218881,-0.1354492,-0.04702006,-39.7037,-33.59535,8.615102
82.619420051,35.74582,127.6237,34.31781,1.190946,-0.1266761,-0.03692352,-39.7037,-33.59535,8.615102
82.629417896,37.40721,130.0572,35.04945,1.166079,-0.1256131,-0.02635178,-39.7037,-33.59535,8.615102
82.639415741,37.96101,132.4906,36.14693,1.147499,-0.1219962,-0.01579164,-39.7037,-33.59535,8.615102
82.649414062,37.83794,134.9834,37.36634,1.124138,-0.123355,-0.007614776,-40.83572,-32.49323,4.988659
82.65941143,37.34568,137.4169,39.01255,1.118395,-0.1287656,-0.002339034,-40.83572,-32.49323,4.988659
82.669409275,36.05348,139.791,39.92712,1.118122,-0.1398292,0.01058585,-40.83572,-32.49323,4.988659
82.67940712,34.69975,141.6903,40.53682,1.129878,-0.142924,0.01870194,-40.83572,-32.49323,4.988659
82.689405441,32.79222,143.5895,41.2075,1.137732,-0.1455397,0.03448193,-41.61079,-30.68444,2.135282
82.699402332,29.53096,144.7172,41.51236,1.143143,-0.1476125,0.06175187,-41.61079,-30.68444,2.135282
82.709400654,26.02356,146.0823,42.12206,1.155981,-0.1558294,0.0918819,-41.61079,-30.68444,2.135282
82.719398498,22.82384,147.1507,42.73177,1.164496,-0.1676343,0.1110131,-41.61079,-30.68444,2.135282
82.729396343,20.23944,147.9223,43.40245,1.182636,-0.172844,0.1396974,-41.61079,-30.68444,2.135282
82.739394665,17.10124,148.5158,44.01216,1.204051,-0.1706868,0.1698098,-41.99921,-29.20015,-1.939131
82.749391556,13.34772,148.3377,43.76827,1.202103,-0.1699279,0.2037919,-41.99921,-29.20015,-1.939131
82.759389877,11.37865,147.9816,43.46342,1.194432,-0.1762739,0.2172071,-41.99921,-29.20015,-1.939131
82.769387722,9.77878999999998,147.9816,43.03662,1.169666,-0.206195,0.2402296,-41.99921,-29.20015,-1.939131
82.779385567,9.84032400000003,147.0913,42.54886,1.133216,-0.2112579,0.2436444,-41.99921,-29.20015,-1.939131
82.789382935,10.94792,145.2514,42.48789,1.101305,-0.224479,0.2484893,-42.39969,-26.96224,-6.856102
82.799380779,12.60932,143.3521,42.06109,1.071182,-0.2288345,0.2624216,-42.39969,-26.96224,-6.856102
82.809379101,14.76298,141.3342,41.69527,1.048086,-0.2442673,0.2720374,-42.39969,-26.96224,-6.856102
82.819376945,18.14731,140.8,41.02459,1.033964,-0.2444059,0.2873764,-42.39969,-26.96224,-6.856102
82.82937479,21.71624,140.0284,40.90265,1.012438,-0.2392709,0.3108629,-42.39969,-26.96224,-6.856102
82.839372158,24.11603,139.1975,41.08556,0.9833454,-0.220815,0.3195232,-41.28744,-25.46997,-11.30639
82.84937048,24.48523,137.8917,40.65876,0.9563107,-0.2081498,0.3281814,-41.28744,-25.46997,-11.30639
82.859368324,24.48523,136.7047,40.11003,0.9528319,-0.2042081,0.3415866,-41.28744,-25.46997,-11.30639
82.869366169,22.33157,134.6273,39.13449,0.9475622,-0.2084839,0.3636114,-41.28744,-25.46997,-11.30639
82.879364014,20.79324,131.8378,38.2809,0.9368969,-0.2109533,0.3822951,-41.28744,-25.46997,-11.30639
82.889361382,19.80871,128.6327,37.6712,0.9117081,-0.2186173,0.3957411,-40.54994,-23.98051,-15.75947
82.899359703,19.80871,124.9529,37.06149,0.898451,-0.2129163,0.4101201,-40.54994,-23.98051,-15.75947
82.909357548,17.53198,121.0356,35.59819,0.8843273,-0.2123453,0.4498664,-40.54994,-23.98051,-15.75947
82.919355392,16.11671,116.4655,34.07392,0.8784269,-0.2095594,0.4484402,-40.54994,-23.98051,-15.75947
82.92935276,14.63992,112.1921,31.87898,0.8552337,-0.2195654,0.4671476,-40.54994,-23.98051,-15.75947
82.939350605,15.00912,107.2659,29.98888,0.8344536,-0.228679,0.471972,-39.06662,-22.47835,-19.36847
82.949348927,16.48591,102.2803,28.64753,0.8023325,-0.2307539,0.4739428,-39.06662,-22.47835,-19.36847
82.959346771,17.53198,96.8198600000002,26.8184,0.7755262,-0.2302195,0.4840395,-39.06662,-22.47835,-19.36847
82.969344616,20.60864,92.3684399999999,25.53802,0.7458662,-0.2337563,0.4802635,-39.06662,-22.47835,-19.36847
82.979341984,24.0545,88.56989,24.3186,0.7180965,-0.2344497,0.4645191,-39.06662,-22.47835,-19.36847
82.989339828,29.40789,86.9673699999999,23.52598,0.7011023,-0.2120646,0.4516214,-37.19425,-21.73136,-22.64814
82.99933815,29.28482,85.6022700000002,21.69686,0.6670372,-0.1876169,0.4885248,-37.19425,-21.73136,-22.64814
83.009335995,30.45395,83.64364,19.92871,0.6390759,-0.151693,0.4919144,-37.19425,-21.73136,-22.64814
83.019333363,29.96169,81.4475999999998,17.73376,0.6144078,-0.1606071,0.5268957,-37.19425,-21.73136,-22.64814
83.029331207,30.88469,79.2515600000002,16.51435,0.6171903,-0.1782424,0.5584814,-37.19425,-21.73136,-22.64814
83.039329052,32.79222,78.1832199999999,15.66075,0.6075618,-0.1841324,0.572857,-35.71798,-20.21558,-24.64464
83.049327374,31.74615,75.4530100000002,14.50231,0.6163679,-0.1850785,0.6096922,-35.71798,-20.21558,-24.64464
83.059325218,32.23842,74.14726,14.25843,0.6063102,-0.1681508,0.622627,-35.71798,-20.21558,-24.64464
83.069322586,27.68496,70.34871,13.83163,0.5883908,-0.1473374,0.6523246,-35.71798,-20.21558,-24.64464
83.079320431,23.37763,65.7192200000001,12.79513,0.5845026,-0.1471423,0.682003,-35.71798,-20.21558,-24.64464
83.089318275,21.2855,61.8613200000001,10.96601,0.5872276,-0.1883584,0.6858374,-34.21813,-19.84086,-26.63506
83.099316597,21.77777,59.7246400000002,9.74659100000002,0.582356,-0.214113,0.6963813,-34.21813,-19.84086,-26.63506
83.109313965,23.93143,58.89371,9.38076599999998,0.5748415,-0.2030278,0.7026129,-34.21813,-19.84086,-26.63506
83.11931181,23.5007,57.23184,9.56367799999999,0.5623469,-0.1861877,0.7112448,-34.21813,-19.84086,-26.63506
83.129309654,21.53164,55.39192,9.868532,0.5457916,-0.1606722,0.7208387,-34.21813,-19.84086,-26.63506
83.139307499,18.88571,53.43329,9.99047299999997,0.5483904,-0.1429866,0.7361439,-32.32753,-20.22459,-28.68313
83.14930582,15.68598,52.4243,9.74659100000002,0.5417082,-0.1496191,0.7691791,-32.32753,-20.22459,-28.68313
83.159303188,13.77845,52.60236,9.50270700000001,0.5494834,-0.1741477,0.7801791,-32.32753,-20.22459,-28.68313
83.169301033,12.60932,52.60236,8.71008699999998,0.5280862,-0.2021857,0.7893165,-32.32753,-20.22459,-28.68313
83.179298878,14.14765,50.70308,8.40523300000003,0.5308785,-0.2210516,0.7926666,-32.32753,-20.22459,-28.68313
83.189296722,16.79358,48.8038,7.36873099999998,0.5161759,-0.2164256,0.7989125,-30.819,-20.59696,-29.05699
83.19929409,16.97818,45.83619,6.57611100000001,0.5000644,-0.2140422,0.8286117,-30.819,-20.59696,-29.05699
83.209292412,17.77811,44.29302,6.21028600000003,0.517933,-0.2054063,0.8309712,-30.819,-20.59696,-29.05699
83.219290257,16.97818,43.6995,6.69805199999999,0.5125639,-0.2050834,0.824759,-30.819,-20.59696,-29.05699
83.229288101,14.82452,43.52144,7.55164299999999,0.493148,-0.1838541,0.79703,-30.819,-20.59696,-29.05699
83.239286423,11.07099,43.10598,8.64911699999998,0.4527457,-0.1604561,0.7860872,-30.06246,-20.60496,-30.66393
83.249283314,5.040731,41.74087,9.01494099999999,0.4274559,-0.1627987,0.7971391,-30.06246,-20.60496,-30.66393
83.259281635,2.517869,40.19771,8.83202800000001,0.4310142,-0.1968364,0.7870915,-30.06246,-20.60496,-30.66393
83.26927948,3.563934,39.12937,8.34426300000002,0.417214,-0.2146819,0.7785059,-30.06246,-20.60496,-30.66393
83.279277325,3.687001,37.05204,7.79552599999997,0.4139173,-0.2204686,0.7904775,-27.79462,-21.35588,-31.4817
83.289275646,5.348398,34.67794,7.30776000000001,0.4187554,-0.2190863,0.7718042,-27.79462,-21.35588,-31.4817
83.299272537,5.594531,32.77866,7.49067200000002,0.4151133,-0.1807294,0.7761078,-27.79462,-21.35588,-31.4817
83.309270859,0.3642059,30.40457,8.40523300000003,0.4022167,-0.1161215,0.8014783,-27.79462,-21.35588,-31.4817
83.319268704,-7.57358100000002,28.03048,9.136883,0.4034623,-0.1307497,0.793344,-27.79462,-21.35588,-31.4817
83.329266548,-13.5423,25.83444,9.319795,0.3928296,-0.1873422,0.7919414,-26.6687,-21.35071,-31.86036
83.339263916,-13.05004,23.7571,8.64911699999998,0.3931777,-0.2321735,0.7775951,-26.6687,-21.35071,-31.86036
83.349261761,-8.25044599999999,21.67977,7.55164299999999,0.3700647,-0.2473795,0.7589748,-26.6687,-21.35071,-31.86036
83.359260082,-4.866118,19.18697,6.88096399999999,0.3618714,-0.2261029,0.7652051,-26.6687,-21.35071,-31.86036
83.369257927,-2.773989,16.75352,6.08834499999999,0.369704,-0.2021721,0.7613567,-26.6687,-21.35071,-31.86036
83.379255772,-2.527856,14.67619,5.356696,0.3725585,-0.198079,0.7776223,-26.30799,-20.59045,-32.24863
83.38925314,-3.696987,12.12404,5.478637,0.372027,-0.1699751,0.7699587,-26.30799,-20.59045,-32.24863
83.399251461,-6.958249,8.97836599999999,4.990871,0.3521509,-0.1751,0.7838734,-26.30799,-20.59045,-32.24863
83.409249306,-7.01978200000002,5.476575,3.832426,0.3499981,-0.2166274,0.7642662,-26.30799,-20.59045,-32.24863
83.419247151,-3.389321,2.449605,2.247187,0.3496308,-0.2229124,0.7685756,-26.30799,-20.59045,-32.24863
83.429244518,0.118073,-0.2806041,0.966800699999998,0.3495585,-0.2190044,0.7709677,-25.55483,-20.59191,-33.08157
83.439242363,3.563934,-2.535994,-0.2526145,0.3594576,-0.2013676,0.7652029,-25.55483,-20.59191,-33.08157
83.449240685,4.240799,-4.494622,-0.8623221,0.3596934,-0.1876293,0.7790776,-25.55483,-20.59191,-33.08157
83.459238529,4.179266,-6.097136,-1.045234,0.378332,-0.1683927,0.7699473,-25.55483,-20.59191,-33.08157
83.469236374,1.717937,-7.75900300000002,-1.167176,0.3608354,-0.1705988,0.7790713,-25.55483,-20.59191,-33.08157
83.479233742,0.118073,-10.1331,-1.776883,0.3685193,-0.1902697,0.7900702,-25.947,-19.83074,-32.70141
83.489231587,1.041071,-11.73561,-2.508533,0.3777557,-0.2147693,0.8010677,-25.947,-19.83074,-32.70141
83.499229908,3.317801,-13.33812,-3.423094,0.38787,-0.2081382,0.8134913,-25.947,-19.83074,-32.70141
83.509227753,4.302333,-13.45683,-3.849889,0.3997847,-0.1937623,0.8187312,-25.947,-19.83074,-32.70141
83.519225598,3.440868,-13.27877,-3.849889,0.4008479,-0.1722546,0.8302096,-25.947,-19.83074,-32.70141
83.529222965,1.533337,-13.93165,-3.606006,0.3976794,-0.1848245,0.8440971,-25.9453,-19.83401,-33.08841
83.53922081,0.3026727,-14.94064,-3.727948,0.4063393,-0.2044234,0.8608372,-25.9453,-19.83401,-33.08841
83.549219132,0.2411395,-16.3651,-4.215714,0.4168102,-0.2167107,0.8761366,-25.9453,-19.83401,-33.08841
83.559216976,1.348738,-17.6115,-4.70348,0.4261609,-0.2212494,0.8909573,-25.9453,-19.83401,-33.08841
83.569214344,2.025603,-17.90826,-5.313188,0.4245826,-0.2149107,0.8967013,-25.9453,-19.83401,-33.08841
83.579212189,2.517869,-17.55214,-5.191246,0.4294936,-0.1910069,0.896208,-26.30012,-20.97081,-32.2466
83.589210034,0.918004999999997,-17.25538,-4.764451,0.4201365,-0.1858991,0.8904801,-26.30012,-20.97081,-32.2466
83.599208355,-0.804925400000002,-17.6115,-4.947363,0.4186628,-0.1855431,0.8794754,-26.30012,-20.97081,-32.2466
83.6092062,-1.235658,-19.39207,-5.557071,0.4196334,-0.2112832,0.8790017,-26.30012,-20.97081,-32.2466
83.619203567,0.5488057,-21.05393,-6.22774899999998,0.4347921,-0.2145564,0.8603116,-26.30012,-20.97081,-32.2466
83.629201412,1.041071,-22.83451,-7.02036900000001,0.43843,-0.2009878,0.8483374,-26.31754,-20.20683,-31.86366
83.639199257,-0.1895931,-24.91184,-7.44716500000003,0.4197304,-0.1918578,0.8244389,-26.31754,-20.20683,-31.86366
83.649197578,-0.927991900000002,-27.04852,-7.93493099999999,0.4316258,-0.1773121,0.7952212,-26.31754,-20.20683,-31.86366
83.659195423,-3.327788,-28.9478,-7.81298899999999,0.4260587,-0.1669901,0.7669923,-26.31754,-20.20683,-31.86366
83.669192791,-6.77364899999998,-30.07549,-7.26425199999999,0.4411714,-0.1422024,0.734895,-26.31754,-20.20683,-31.86366
83.679190636,-11.94244,-30.90643,-6.837457,0.4441782,-0.1472262,0.7104836,-26.68809,-20.58291,-31.02591
83.68918848,-17.35736,-33.28052,-5.983866,0.4326935,-0.1587525,0.6971065,-26.68809,-20.58291,-31.02591
83.699186802,-20.98783,-37.61324,-5.73998300000002,0.424939,-0.1615328,0.6755848,-26.68809,-20.58291,-31.02591
83.70918417,-24.18755,-43.84524,-6.77648599999997,0.4224806,-0.1863995,0.6717669,-26.68809,-20.58291,-31.02591
83.719182014,-23.81835,-49.78048,-8.36172599999998,0.4482146,-0.2079515,0.6506702,-26.68809,-20.58291,-31.02591
83.729179859,-22.89536,-55.77507,-10.25182,0.4458231,-0.2104767,0.6454107,-28.55394,-20.97733,-31.03778
83.739178181,-21.91082,-62.0664299999998,-11.83706,0.461261,-0.2025106,0.6329388,-28.55394,-20.97733,-31.03778
83.749176025,-21.60316,-68.8919399999999,-13.91006,0.4734416,-0.2029489,0.6118603,-28.55394,-20.97733,-31.03778
83.759173393,-18.09576,-74.0555999999998,-15.43433,0.495261,-0.1979479,0.5802349,-28.55394,-20.97733,-31.03778
83.769171238,-14.03457,-76.1329300000002,-16.40987,0.513993,-0.1842785,0.5466985,-28.55394,-20.97733,-31.03778
83.779169083,-14.52684,-76.7858100000002,-15.98307,0.5170341,-0.1128377,0.5409319,-29.68324,-20.97596,-29.88512
83.789167404,-21.48009,-79.33796,-16.71472,0.5135196,-0.08128142,0.545237,-29.68324,-20.97596,-29.88512
83.799165249,-26.52582,-82.7803999999998,-18.05608,0.5373273,-0.1293657,0.5495151,-29.68324,-20.97596,-29.88512
83.809162617,-27.07962,-86.2821900000002,-19.76326,0.5578408,-0.2095697,0.5557215,-29.68324,-20.97596,-29.88512
83.819160461,-21.48009,-89.6059200000002,-21.22656,0.5963185,-0.2345732,0.5547037,-31.21285,-19.83253,-28.28982
83.829158306,-16.98816,-92.5735399999999,-23.05568,0.6231961,-0.2382753,0.5699722,-31.21285,-19.83253,-28.28982
83.839156628,-14.71144,-95.6005099999998,-24.76286,0.6506574,-0.2210089,0.5919344,-31.21285,-19.83253,-28.28982
83.849154472,-14.2807,-99.6958199999998,-26.10422,0.676614,-0.2020479,0.5899699,-31.21285,-19.83253,-28.28982
83.85915184,-14.2807,-104.1473,-27.32363,0.6982865,-0.18853,0.5865787,-31.21285,-19.83253,-28.28982
83.871649265,-19.4495,-110.6167,-28.42111,0.7202095,-0.1880004,0.597069,-33.47372,-19.82543,-25.46849
83.88164711,-20.92629,-114.9494,-29.64052,0.7490475,-0.192833,0.5907985,-33.47372,-19.82543,-25.46849
83.889145851,-22.89536,-117.3828,-30.61605,0.7675112,-0.2157013,0.6008222,-33.47372,-19.82543,-25.46849
83.899143219,-21.11089,-118.6886,-31.28673,0.8091605,-0.2280383,0.5964457,-33.47372,-19.82543,-25.46849
83.909141064,-16.6805,-117.1454,-31.16479,0.8230746,-0.2430688,0.5701036,-33.47372,-19.82543,-25.46849
83.919138908,-14.03457,-115.9584,-30.12829,0.8255267,-0.2184041,0.5519071,-35.69726,-21.7163,-22.18552
83.931636333,-15.08063,-115.5429,-29.57955,0.8527606,-0.1384567,0.5207315,-35.69726,-21.7163,-22.18552
83.939135075,-19.57256,-116.8487,-29.94538,0.8835319,-0.1165331,0.5134936,-35.69726,-21.7163,-22.18552
83.949132442,-27.51035,-119.935,-30.85994,0.9233794,-0.1366589,0.5115151,-35.69726,-21.7163,-22.18552
83.959130287,-34.279,-124.149,-32.93295,0.937352,-0.205776,0.5220371,-35.69726,-21.7163,-22.18552
83.969128132,-32.55607,-127.2353,-35.18886,0.9612924,-0.2612784,0.5119596,-37.56765,-22.4671,-19.35735
83.981625557,-26.21815,-129.7875,-36.95702,0.9689393,-0.3046646,0.5334934,-37.56765,-22.4671,-19.35735
83.991623402,-17.7881,-129.7281,-37.07896,0.9856387,-0.2859522,0.5243664,-37.56765,-22.4671,-19.35735
83.999121666,-13.23464,-127.7695,-36.65216,0.9787859,-0.2584021,0.5229356,-37.56765,-22.4671,-19.35735
84.009119511,-11.51171,-125.2767,-35.92051,0.9969308,-0.2129695,0.5099707,-37.56765,-22.4671,-19.35735
84.019117355,-11.63477,-121.8343,-34.64013,1.008072,-0.1580222,0.489837,-39.06839,-23.20528,-15.3654
84.0291152,-16.3113,-119.4602,-33.78653,1.017976,-0.1153532,0.4582227,-39.06839,-23.20528,-15.3654
84.039112568,-22.77229,-118.4512,-32.50615,1.036094,-0.09484451,0.4299499,-39.06839,-23.20528,-15.3654
84.051609993,-32.80221,-119.2821,-32.87197,1.057218,-0.1307158,0.3940291,-39.06839,-23.20528,-15.3654
84.059108734,-37.29413,-120.7066,-34.21333,1.078984,-0.1740424,0.3916094,-39.06839,-23.20528,-15.3654
84.069106579,-37.29413,-122.2497,-35.92051,1.104034,-0.2368428,0.3781818,-40.16321,-25.46153,-11.29805
84.079104424,-32.61761,-122.5465,-37.07896,1.125639,-0.2713335,0.3858102,-40.16321,-25.46153,-11.29805
84.089101791,-24.00295,-121.2407,-37.07896,1.132563,-0.250774,0.3872286,-40.16321,-25.46153,-11.29805
84.101599216,-15.32677,-117.0267,-36.16439,1.116005,-0.1996835,0.3771942,-40.16321,-25.46153,-11.29805
84.111597061,-13.84997,-113.9404,-35.7376,1.100969,-0.1520829,0.3542365,-40.16321,-25.46153,-11.29805
84.121595383,-14.89604,-111.2695,-35.98148,1.080483,-0.1261775,0.3088008,-41.66674,-25.82917,-8.469131
84.131593227,-18.1573,-109.6077,-37.07896,1.069249,-0.1258048,0.2676628,-41.66674,-25.82917,-8.469131
84.141591072,-20.61863,-108.8361,-37.93255,1.076441,-0.1463969,0.2322409,-41.66674,-25.82917,-8.469131
84.15158844,-21.97236,-108.0052,-37.93255,1.074327,-0.1641387,0.2097561,-41.66674,-25.82917,-8.469131
84.161586285,-21.11089,-107.1742,-37.87157,1.070782,-0.1833096,0.1934956,-41.66674,-25.82917,-8.469131
84.171584606,-18.1573,-106.1059,-37.13993,1.063014,-0.1857226,0.1590523,-41.66092,-26.93591,-4.399529
84.181582451,-15.88057,-105.3937,-36.59119,1.053975,-0.1720195,0.1360929,-41.66092,-26.93591,-4.399529
84.191579819,-14.6499,-104.5034,-36.04245,1.051261,-0.1576528,0.1188652,-41.66092,-26.93591,-4.399529
84.201577663,-14.4653,-103.5537,-35.49372,1.057367,-0.1461064,0.09300847,-41.66092,-26.93591,-4.399529
84.211575985,-15.81903,-102.7822,-34.64013,1.066445,-0.1367906,0.08246157,-41.63402,-28.81372,-1.551375
84.22157383,-17.11123,-102.0106,-33.48168,1.079962,-0.1303116,0.0709505,-41.63402,-28.81372,-1.551375
84.231571674,-18.58803,-101.2983,-32.32324,1.093102,-0.1296626,0.06039876,-41.63402,-28.81372,-1.551375
84.241569042,-19.32643,-100.1113,-31.59159,1.109045,-0.122676,0.04601188,-41.63402,-28.81372,-1.551375
84.251566887,-19.88023,-99.1023000000002,-31.10382,1.123093,-0.1186732,0.02827904,-41.63402,-28.81372,-1.551375
84.261565208,-20.24943,-97.9746099999999,-30.79897,1.125874,-0.1114739,0.01247933,-41.24194,-30.30508,1.684533
84.271563053,-19.69563,-97.32173,-30.55508,1.118976,-0.1078937,-0.006174029,-41.24194,-30.30508,1.684533
84.281560898,-18.5265,-96.9062700000003,-30.98188,1.11667,-0.115439,-0.02913972,-41.24194,-30.30508,1.684533
84.291558266,-16.74203,-96.1346799999999,-31.53061,1.127861,-0.1148416,-0.04112378,-41.24194,-30.30508,1.684533
84.30155611,-14.4653,-95.4817999999999,-31.65256,1.121359,-0.1063942,-0.05977909,-41.24194,-30.30508,1.684533
84.311554432,-12.18857,-95.0663400000002,-31.95741,1.119748,-0.09877814,-0.07365695,-41.21465,-32.12277,4.145347
84.321552277,-10.09644,-94.5915200000002,-32.07935,1.119121,-0.0915979,-0.08418637,-41.21465,-32.12277,4.145347
84.331550121,-8.18891200000001,-94.0573500000001,-31.7745,1.116526,-0.0835022,-0.09662692,-41.21465,-32.12277,4.145347
84.341547489,-7.142848,-93.5825300000001,-31.10382,1.109106,-0.0779491,-0.1109727,-41.21465,-32.12277,4.145347
84.351545334,-5.97371699999999,-93.1670600000001,-30.18926,1.101433,-0.05872445,-0.1176643,-41.21465,-32.12277,4.145347
84.361543655,-6.03525000000001,-92.5141899999998,-28.90887,1.08953,-0.04786631,-0.1267393,-39.71237,-32.84826,6.998538
84.3715415,-6.52751599999999,-91.2677900000003,-27.68946,1.077643,-0.03802797,-0.1410784,-39.71237,-32.84826,6.998538
84.381538868,-7.63511399999998,-90.19945,-26.59198,1.067788,-0.03249665,-0.1525485,-39.71237,-32.84826,6.998538
84.391536713,-8.558112,-88.83434,-25.3116,1.054028,-0.02653022,-0.1611404,-39.71237,-32.84826,6.998538
84.401534557,-9.111911,-87.2911799999998,-24.45801,1.05224,-0.03542654,-0.173578,-39.71237,-32.84826,6.998538
84.411532879,-8.927312,-85.5106100000001,-24.03121,1.040473,-0.03188115,-0.1855228,-39.31831,-34.34344,9.782945
84.421530724,-8.68117799999998,-83.4926299999998,-23.17762,1.027687,-0.02590864,-0.1955521,-39.31831,-34.34344,9.782945
84.431528092,-8.12737899999999,-81.2372400000001,-22.56791,1.014288,-0.01307049,-0.1974464,-39.31831,-34.34344,9.782945
84.441525936,-8.06584600000003,-78.9818499999998,-21.95821,1.00923,-0.003600727,-0.2137116,-39.31831,-34.34344,9.782945
84.451523781,-8.31197900000002,-76.7264600000001,-21.77529,1.006818,-0.005215861,-0.2256713,-39.31831,-34.34344,9.782945
84.461522102,-8.31197900000002,-74.5304199999999,-21.71432,1.01967,-0.01528514,-0.2386127,-38.56184,-35.08164,11.79207
84.471519947,-7.38898099999999,-72.2156800000001,-21.65335,1.025532,-0.01621141,-0.2462799,-38.56184,-35.08164,11.79207
84.481517315,-6.09678299999998,-69.4854699999998,-21.53141,1.038882,-0.02669976,-0.2530006,-38.56184,-35.08164,11.79207
84.49151516,-3.881587,-66.8146100000001,-21.16559,1.032539,-0.02641372,-0.2611254,-38.56184,-35.08164,11.79207
84.501513004,-1.727924,-64.0843999999998,-20.86073,1.035451,-0.02591849,-0.2663949,-38.56184,-35.08164,11.79207
84.511511326,0.1796062,-61.4728999999999,-19.94617,1.039182,-0.01713291,-0.2702323,-37.7995,-36.19638,14.25473
84.521509171,1.77947,-58.5052800000001,-19.15355,1.053626,-0.00824973,-0.2865313,-37.7995,-36.19638,14.25473
84.531506539,2.333269,-55.71572,-17.93414,1.061611,0.007330951,-0.3004279,-37.7995,-36.19638,14.25473
84.541504383,1.225671,-53.40097,-17.14152,1.070456,0.02937745,-0.2999705,-37.7995,-36.19638,14.25473
84.551502228,-0.681858999999999,-51.02688,-15.9221,1.055685,0.03727645,-0.307604,-37.7995,-36.19638,14.25473
84.561500549,-3.266255,-48.29667,-14.82463,1.041975,0.04094136,-0.3023167,-37.03545,-37.31439,16.33038
84.571498394,-5.112252,-45.2697,-13.54424,1.016348,0.03018203,-0.3075336,-37.03545,-37.31439,16.33038
84.581495762,-5.604517,-42.12402,-12.26385,1.00165,0.008540917,-0.3041524,-37.03545,-37.31439,16.33038
84.591493607,-4.31232,-38.91899,-11.04444,0.983775,-0.000296958,-0.3285263,-37.03545,-37.31439,16.33038
84.601491928,-1.974057,-36.36684,-10.00794,0.9799551,-0.004908198,-0.3462258,-37.03545,-37.31439,16.33038
84.611489773,-0.0665266799999999,-33.57728,-8.910462,0.9801726,0.009030496,-0.3634585,-36.28149,-37.68258,17.11198
84.621487617,1.102605,-31.67801,-7.93493099999999,0.9750172,0.02394896,-0.3682391,-36.28149,-37.68258,17.11198
84.631484985,1.225671,-29.83808,-7.02036900000001,0.962079,0.03828036,-0.3672631,-36.28149,-37.68258,17.11198
84.64148283,0.733405399999999,-27.99816,-6.34969000000001,0.945996,0.03847048,-0.3648422,-36.28149,-37.68258,17.11198
84.651481151,0.05653978,-26.03953,-5.435129,0.9182606,0.03653926,-0.3566576,-36.28149,-37.68258,17.11198
84.661478996,-0.5587925,-23.60608,-4.581539,0.9032542,0.0314667,-0.3475372,-36.27113,-38.43294,18.34154
84.671476364,-0.681858999999999,-20.46041,-3.362123,0.8828852,0.02615222,-0.3532432,-36.27113,-38.43294,18.34154
84.681474209,-0.4357261,-17.43344,-2.813386,0.8679292,0.01802903,-0.3589579,-36.27113,-38.43294,18.34154
84.691472053,-0.004993446,-14.88129,-1.776883,0.8574969,0.02844345,-0.3665996,-36.27113,-38.43294,18.34154
84.701470375,-0.2511264,-12.32913,-1.350088,0.8378381,0.03724846,-0.3708748,-36.27113,-38.43294,18.34154
84.71146822,-0.4972593,-10.07374,-0.801351299999998,0.8289898,0.04150414,-0.364639,-35.52531,-38.42023,19.1856
84.721465588,-0.8664587,-7.402888,-0.4964975,0.8207631,0.03917947,-0.3354309,-35.52531,-38.42023,19.1856
84.731463432,-0.3741928,-4.257213,0.1132101,0.8297021,0.03005301,-0.3431014,-35.52531,-38.42023,19.1856
84.741461277,0.733405399999999,-0.933480099999999,0.661947,0.8278173,0.02660541,-0.3440544,-35.52531,-38.42023,19.1856
84.751459598,2.271736,2.212196,1.332625,0.8427138,0.01184869,-0.3426408,-35.52531,-38.42023,19.1856
84.761457443,3.994667,5.535928,2.125245,0.865181,0.008776936,-0.3551221,-35.51913,-38.79732,19.57463
84.771454811,5.84066300000002,8.80030799999999,3.039807,0.8831444,0.01189835,-0.3714259,-35.51913,-38.79732,19.57463
84.781452656,6.82519499999998,11.1744,3.588543,0.9013789,0.02677545,-0.3781615,-35.51913,-38.79732,19.57463
84.7914505,6.64059500000001,13.19238,4.015339,0.9386651,0.03910892,-0.3854084,-35.51913,-38.79732,19.57463
84.801448822,5.717597,15.26972,4.259222,0.9634448,0.04303517,-0.381624,-35.51913,-38.79732,19.57463
84.811446667,4.486932,17.64381,4.625046,0.9868562,0.04212762,-0.372093,-35.51913,-38.79732,19.57463
84.821444035,3.071668,20.37402,5.356696,0.9968113,0.03124414,-0.3615789,-35.51913,-38.79732,19.57463
84.831441879,1.656404,22.80747,6.57611100000001,0.9905809,0.02582394,-0.3563023,-35.51913,-38.79732,19.57463
84.841439724,0.733405399999999,25.95314,7.36873099999998,0.9803703,0.02466787,-0.3543699,-35.51913,-38.79732,19.57463
84.851438045,-0.2511264,28.92076,8.10037999999998,0.9716741,0.02134011,-0.3275536,-35.52531,-38.42023,19.1856
84.86143589,-1.112592,32.42255,9.25882399999997,0.9525017,0.03090385,-0.3031153,-35.52531,-38.42023,19.1856
84.871433258,-1.912524,36.63657,10.47824,0.9388303,0.03270911,-0.2887346,-35.52531,-38.42023,19.1856
84.881431103,-2.527856,41.26605,11.63668,0.936088,0.02364136,-0.2647987,-35.52531,-38.42023,19.1856
84.891428947,-3.081655,46.13295,13.03901,0.9273143,0.02405923,-0.2532977,-35.52531,-38.42023,19.1856
84.901427269,-2.712456,51.35596,14.3194,0.9275285,0.01302279,-0.2384594,-36.27729,-38.05585,17.95251
84.911424637,-2.404789,56.57896,15.59978,0.9216771,0.01348962,-0.2279206,-36.27729,-38.05585,17.95251
84.921422482,-2.03559,61.6239100000001,16.88017,0.9223013,0.006217218,-0.2274413,-36.27729,-38.05585,17.95251
84.931420326,-1.297191,66.78757,17.97764,0.930796,-0.004664403,-0.2135746,-36.27729,-38.05585,17.95251
84.941418648,-0.4972593,72.3666900000003,19.01415,0.9568681,-0.01776005,-0.2140952,-36.27729,-38.05585,17.95251
84.951416492,0.856471800000002,77.9458200000002,19.80677,0.9867923,-0.02831917,-0.2112732,-37.03178,-37.32147,15.49188
84.96141386,2.14867,83.40623,20.72133,1.027013,-0.04197118,-0.1969825,-37.03178,-37.32147,15.49188
84.971411705,3.8716,88.5105399999999,22.06268,1.0757,-0.03944179,-0.1851037,-37.03178,-37.32147,15.49188
84.98140955,5.286864,93.9116000000002,23.34307,1.141034,-0.04086047,-0.1627241,-37.03178,-37.32147,15.49188
84.991407871,5.90219700000001,98.7191399999997,25.11122,1.212723,-0.04373862,-0.154234,-37.03178,-37.32147,15.49188
85.001405716,6.08679600000001,103.4673,27.00132,1.263991,-0.04894646,-0.1437933,-37.02303,-37.33836,13.49237
85.011403084,5.656064,108.0375,29.25723,1.301978,-0.04765298,-0.1376384,-37.02303,-37.33836,13.49237
85.021400929,4.302333,111.3018,31.87898,1.32568,-0.03776322,-0.1171035,-37.02303,-37.33836,13.49237
85.031398773,1.841003,114.0914,34.19586,1.336944,-0.04024137,-0.09367227,-37.02303,-37.33836,13.49237
85.041397095,-0.1280599,116.3468,36.57372,1.329725,-0.04461273,-0.07786555,-37.02303,-37.33836,13.49237
85.051394939,-1.051058,118.3648,38.76867,1.29071,-0.06860785,-0.06678411,-38.15646,-36.23352,10.18843
85.061392307,0.118073,119.7299,40.65876,1.249728,-0.09170067,-0.0590495,-38.15646,-36.23352,10.18843
85.071390152,3.071668,121.9259,42.30497,1.209525,-0.1046742,-0.06232611,-38.15646,-36.23352,10.18843
85.081387997,7.31746100000001,124.2407,43.0976,1.176026,-0.1110884,-0.05365169,-38.15646,-36.23352,10.18843
85.091386318,11.68632,126.5554,43.76827,1.150177,-0.1095369,-0.04068547,-38.15646,-36.23352,10.18843
85.101384163,15.43985,128.9889,44.43895,1.125612,-0.098828,-0.03873111,-38.92019,-34.75095,6.240236
85.111381531,18.20884,131.6597,44.62186,1.102509,-0.08809026,-0.03677929,-38.92019,-34.75095,6.240236
85.121379375,20.54711,133.9151,44.80478,1.092021,-0.100446,-0.03675782,-38.92019,-34.75095,6.240236
85.13137722,23.25457,135.9331,44.68283,1.099666,-0.1182397,-0.03293796,-38.92019,-34.75095,6.240236
85.141375542,26.39276,138.1885,44.7438,1.110559,-0.1271653,-0.02290456,-38.92019,-34.75095,6.240236
85.151373386,29.10023,140.1471,44.25604,1.119983,-0.1355769,-0.006647233,-40.82499,-32.51393,2.537647
85.161370754,31.37696,141.0967,43.89021,1.134377,-0.1492839,0.004338454,-40.82499,-32.51393,2.537647
85.171368599,33.71522,141.9277,43.82924,1.152309,-0.1440571,0.005741576,-40.82499,-32.51393,2.537647
85.181366444,34.82281,142.1057,43.21954,1.166244,-0.1327928,0.03825756,-40.82499,-32.51393,2.537647
85.191364765,33.96135,142.1057,42.85371,1.185577,-0.1232647,0.08177183,-40.82499,-32.51393,2.537647
85.20136261,31.86922,142.3431,42.48789,1.205066,-0.1219595,0.1291165,-41.21577,-31.08596,-0.6979227
85.211359978,29.59249,143.2928,42.244,1.214996,-0.1305487,0.1779162,-41.21577,-31.08596,-0.6979227
85.221357822,27.80803,144.7172,42.30497,1.210307,-0.1395847,0.2095127,-41.21577,-31.08596,-0.6979227
85.231355667,25.83896,146.023,42.18303,1.188732,-0.1321175,0.22247,-41.21577,-31.08596,-0.6979227
85.241353989,23.00843,146.7352,42.12206,1.159843,-0.1242606,0.2407042,-41.21577,-31.08596,-0.6979227
85.251351833,19.80871,146.3791,42.18303,1.129121,-0.1228492,0.2488932,-41.97894,-29.60448,-4.775116
85.261349201,16.23978,145.4888,41.81721,1.097609,-0.1311284,0.2618718,-41.97894,-29.60448,-4.775116
85.271347046,14.76298,144.4798,41.2075,1.083041,-0.1595088,0.2719546,-41.97894,-29.60448,-4.775116
85.281344891,16.05518,143.5302,40.23197,1.063086,-0.1865772,0.2777393,-41.97894,-29.60448,-4.775116
85.291343212,18.76264,142.2244,38.89061,1.039124,-0.2078934,0.2835294,-41.97894,-29.60448,-4.775116
85.301341057,23.5007,141.1561,38.15896,1.026985,-0.2100112,0.2907298,-41.26672,-26.97069,-8.847271
85.311338425,27.19269,140.2065,36.75663,1.008969,-0.210161,0.3132543,-41.26672,-26.97069,-8.847271
85.321336269,31.13082,138.5446,34.98848,1.002887,-0.1976204,0.3161331,-41.26672,-26.97069,-8.847271
85.331334591,32.66915,135.8144,33.34227,0.9924062,-0.1840983,0.3295481,-41.26672,-26.97069,-8.847271
85.341332436,31.56155,131.8378,31.39121,0.9780255,-0.1699786,0.3635484,-40.5118,-26.24521,-13.68329
85.35133028,32.11535,127.8018,29.86694,0.9751357,-0.1977388,0.363082,-40.5118,-26.24521,-13.68329
85.361327648,33.96135,123.5878,28.34267,0.9603747,-0.2159532,0.3693339,-40.5118,-26.24521,-13.68329
85.371325493,35.13048,119.3738,26.39161,0.9327915,-0.2254635,0.3985776,-40.5118,-26.24521,-13.68329
85.381323814,38.45328,115.3972,24.44054,0.905162,-0.2069217,0.4134568,-40.5118,-26.24521,-13.68329
85.391321659,40.11467,111.836,22.06268,0.8679186,-0.1953555,0.4302689,-39.04561,-23.97961,-16.97385
85.401319504,41.653,108.9277,21.08715,0.8418203,-0.1807674,0.4346179,-39.04561,-23.97961,-16.97385
85.411316872,41.52994,107.2659,21.45298,0.819609,-0.1656386,0.436567,-39.04561,-23.97961,-16.97385
85.421314716,38.26868,105.1886,22.30657,0.8075005,-0.1434675,0.4428039,-39.04561,-23.97961,-16.97385
85.431313038,33.09988,102.9925,23.16016,0.7811087,-0.1390286,0.453856,-39.04561,-23.97961,-16.97385
85.441310883,28.05416,100.0249,23.34307,0.7688285,-0.1596413,0.4581899,-37.91514,-23.61806,-20.19255
85.451308727,24.4237,96.6418099999999,23.83084,0.740337,-0.1725009,0.4950932,-37.91514,-23.61806,-20.19255
85.461306095,21.6547,92.4871400000001,24.3186,0.7174877,-0.1746417,0.522891,-37.91514,-23.61806,-20.19255
85.47130394,20.97784,89.6382300000002,25.23316,0.713815,-0.1605693,0.5286367,-37.91514,-23.61806,-20.19255
85.481302261,17.47044,88.09507,25.59899,0.6672891,-0.174916,0.4952211,-37.91514,-23.61806,-20.19255
85.491300106,12.67085,87.7389500000001,26.26967,0.7070084,-0.133884,0.5918137,-36.40545,-23.62751,-22.63244
85.501297951,8.117393,86.1957899999998,26.02578,0.6775577,-0.1478397,0.6172332,-36.40545,-23.62751,-22.63244
85.511295319,8.67119300000002,85.7209699999998,24.86734,0.6632626,-0.1908104,0.625405,-36.40545,-23.62751,-22.63244
85.521293163,11.44019,85.1868000000002,23.83084,0.6612543,-0.2129665,0.6512573,-36.40545,-23.62751,-22.63244
85.531291485,14.14765,83.64364,22.18463,0.6585073,-0.2214125,0.6900289,-36.40545,-23.62751,-22.63244
85.54128933,17.96271,80.6166700000002,20.7823,0.6545166,-0.2159398,0.7125275,-34.54488,-22.49254,-25.01113
85.551287174,20.30097,75.4530100000002,19.13609,0.6370772,-0.2209815,0.7302665,-34.54488,-22.49254,-25.01113
85.561284542,23.74683,71.4170500000002,17.55085,0.6414639,-0.2208071,0.7398304,-34.54488,-22.49254,-25.01113
85.571282387,27.31576,70.2300000000001,16.20949,0.627307,-0.1933223,0.7470266,-34.54488,-22.49254,-25.01113
85.581280708,24.7929,69.1023099999998,15.90464,0.6084408,-0.1483358,0.7652338,-34.54488,-22.49254,-25.01113
85.591278553,21.4701,69.1023099999998,15.84367,0.5883409,-0.1163108,0.7504247,-32.65428,-22.87627,-27.05921
85.601276398,16.36285,68.2713800000002,15.96561,0.5565793,-0.1379829,0.7342141,-32.65428,-22.87627,-27.05921
85.611273766,14.51685,68.2713800000002,16.45337,0.5606838,-0.1491487,0.7265527,-32.65428,-22.87627,-27.05921
85.62127161,14.45532,68.9242600000002,16.69726,0.5561975,-0.1703697,0.7007229,-32.65428,-22.87627,-27.05921
85.631269932,12.17859,67.7965499999999,17.12405,0.5229007,-0.161799,0.7003,-32.65428,-22.87627,-27.05921
85.641267776,10.08646,64.47282,16.69726,0.5201428,-0.1705829,0.7022214,-31.16568,-22.11466,-28.27765
85.651265621,10.82486,60.9710399999998,15.72172,0.5066249,-0.2027291,0.7233106,-31.16568,-22.11466,-28.27765
85.661262989,13.04005,59.0124100000002,15.17299,0.5119049,-0.1981329,0.7362218,-31.16568,-22.11466,-28.27765
85.671261311,12.79392,57.29119,14.44134,0.4962855,-0.1442958,0.7587282,-31.16568,-22.11466,-28.27765
85.681259155,9.84032400000003,54.73904,13.95357,0.4658417,-0.131676,0.7697853,-31.16568,-22.11466,-28.27765
85.691257,8.24046,51.35596,13.22192,0.4332745,-0.1627461,0.7373069,-29.65179,-22.49739,-29.87701
85.701254845,9.53265800000002,47.49805,11.88057,0.427016,-0.1667265,0.7406689,-29.65179,-22.49739,-29.87701
85.711252212,12.24012,43.93691,10.66115,0.4313798,-0.1657299,0.7339609,-29.65179,-22.49739,-29.87701
85.721250534,12.97852,40.55383,9.62464900000002,0.4243179,-0.1526261,0.74737,-29.65179,-22.49739,-29.87701
85.731248379,13.34772,37.88297,9.44173599999998,0.4246688,-0.1196673,0.7373108,-29.65179,-22.49739,-29.87701
85.741246223,9.471125,35.74628,9.44173599999998,0.410776,-0.1062828,0.7430745,-28.17303,-21.35161,-30.64597
85.751244068,5.77913000000001,34.20312,10.23436,0.4166287,-0.08106048,0.7253505,-28.17303,-21.35161,-30.64597
85.761241436,-0.4972593,32.60061,10.41727,0.3888877,-0.0823962,0.7454994,-28.17303,-21.35161,-30.64597
85.771239757,-4.496919,29.69234,10.05144,0.373974,-0.1186944,0.740749,-28.17303,-21.35161,-30.64597
85.781237602,-3.881587,26.42796,8.588146,0.3650101,-0.1600932,0.7498682,-28.17303,-21.35161,-30.64597
85.791235447,-0.3126596,22.27329,7.12484699999998,0.3696513,-0.1735508,0.756085,-27.03558,-21.73388,-31.86111
85.801233292,3.071668,18.77151,5.478637,0.3616282,-0.1616003,0.7517888,-27.03558,-21.73388,-31.86111
85.811230659,3.748534,15.21036,4.320192,0.3664659,-0.1338192,0.7503375,-27.03558,-21.73388,-31.86111
85.821228981,3.687001,11.82728,3.222719,0.3594143,-0.1219372,0.736468,-27.03558,-21.73388,-31.86111
85.831226826,1.287204,9.097071,3.039807,0.3612218,-0.08832325,0.7417206,-27.03558,-21.73388,-31.86111
85.84122467,-2.650922,6.42621299999998,2.613011,0.3564122,-0.09189443,0.733594,-25.91921,-21.34508,-31.8548
85.851222515,-5.727584,3.33989,1.881362,0.3465564,-0.1376756,0.7436731,-25.91921,-21.34508,-31.8548
85.861219883,-3.327788,0.609681400000002,0.600976199999997,0.3603621,-0.1724871,0.7331293,-25.91921,-21.34508,-31.8548
85.871218204,0.4872724,-1.764413,-1.106205,0.3573591,-0.1937612,0.751326,-25.91921,-21.34508,-31.8548
85.881216049,5.532998,-3.901098,-2.691445,0.3627905,-0.1711207,0.7709323,-26.2844,-21.73152,-32.24255
85.891213894,7.99432700000002,-5.68167,-3.545036,0.3659779,-0.1587293,0.7905451,-26.2844,-21.73152,-32.24255
85.901212215,8.425059,-7.46224099999999,-4.093772,0.3833892,-0.1258404,0.7890706,-26.2844,-21.73152,-32.24255
85.911209106,6.08679600000001,-8.76799200000002,-4.337656,0.3729752,-0.1156265,0.8125363,-26.2844,-21.73152,-32.24255
85.921207428,2.087137,-11.26079,-4.398626,0.3825403,-0.1319639,0.8120453,-26.2844,-21.73152,-32.24255
85.931205273,-0.2511264,-13.16007,-4.764451,0.3932557,-0.1574281,0.8206475,-26.28779,-21.72498,-31.46855
85.941203117,-1.112592,-14.88129,-5.008334,0.4034068,-0.1783721,0.8464783,-26.28779,-21.72498,-31.46855
85.951201439,-0.1895931,-16.18704,-5.618042,0.4130478,-0.1985078,0.8555596,-26.28779,-21.72498,-31.46855
85.96119833,2.210203,-17.01797,-6.04483699999997,0.4132133,-0.207212,0.8598688,-26.28779,-21.72498,-31.46855
85.971196651,4.609999,-17.01797,-5.983866,0.4123342,-0.1863208,0.8613006,-26.28779,-21.72498,-31.46855
85.981194496,3.687001,-16.42445,-5.557071,0.4170754,-0.1530778,0.8727697,-25.90349,-22.10579,-31.85074
85.991192341,0.4872724,-16.4838,-5.069304,0.4204297,-0.1501178,0.8703702,-25.90349,-22.10579,-31.85074
86.001190662,-1.543324,-17.01797,-5.008334,0.4226692,-0.1912953,0.8794699,-25.90349,-22.10579,-31.85074
86.011187553,-1.481791,-18.26437,-5.374158,0.428959,-0.21429,0.9019579,-25.90349,-22.10579,-31.85074
86.021185875,0.4872724,-19.62948,-5.679012,0.438641,-0.2113542,0.8832757,-25.90349,-22.10579,-31.85074
86.03118372,1.102605,-21.17264,-5.4961,0.4282773,-0.17855,0.8794568,-26.65664,-22.10434,-31.01779
86.041181564,-1.051058,-22.77515,-5.679012,0.4203947,-0.1481265,0.8756341,-26.65664,-22.10434,-31.01779
86.051179886,-2.158657,-24.37767,-6.41066099999999,0.4271097,-0.1691964,0.8421275,-26.65664,-22.10434,-31.01779
86.061177254,-1.358725,-25.56471,-6.65454400000003,0.4279571,-0.188762,0.8263381,-26.65664,-22.10434,-31.01779
86.071175098,0.610338899999999,-26.51435,-7.08133999999998,0.4354077,-0.1708061,0.8076559,-26.65664,-22.10434,-31.01779
86.081172943,0.733405399999999,-27.46399,-7.26425199999999,0.4423714,-0.1528553,0.7894533,-26.6662,-21.72071,-30.63282
86.091170788,0.05653978,-28.71039,-7.44716500000003,0.4415346,-0.1345026,0.7789213,-26.6662,-21.72071,-30.63282
86.101169109,-2.343256,-31.14384,-7.75201800000001,0.4385992,-0.1341887,0.7664834,-26.6662,-21.72071,-30.63282
86.111166477,-5.542984,-35.53591,-8.30075500000001,0.425831,-0.1291877,0.7564542,-26.6662,-21.72071,-30.63282
86.121164322,-7.696647,-40.58086,-8.78852100000003,0.4348191,-0.1414087,0.7291629,-26.6662,-21.72071,-30.63282
86.131162167,-10.95791,-46.27869,-9.09337499999998,0.4369709,-0.1271037,0.694698,-27.76853,-22.86695,-30.24808
86.141160011,-16.3113,-52.39198,-9.39822899999999,0.4433371,-0.1033598,0.6736235,-27.76853,-22.86695,-30.24808
86.151158333,-21.29549,-56.96212,-9.15434600000001,0.4615505,-0.08837006,0.6262088,-27.76853,-22.86695,-30.24808
86.161155701,-27.57188,-60.9980799999998,-8.849492,0.454995,-0.07773525,0.5812314,-27.76853,-22.86695,-30.24808
86.171153545,-36.24807,-65.3901600000003,-8.48366700000001,0.4595868,-0.06324174,0.5620766,-27.76853,-22.86695,-30.24808
86.18115139,-42.46292,-69.90093,-8.60560900000002,0.4814695,-0.08729947,0.5409873,-28.53123,-22.48187,-29.03016
86.191149235,-43.69359,-71.68151,-8.910462,0.5080719,-0.1293052,0.5131943,-28.53123,-22.48187,-29.03016
86.201147556,-43.81665,-72.7498500000002,-9.33725800000002,0.5170512,-0.1402562,0.5184458,-28.53123,-22.48187,-29.03016
86.211144924,-44.80119,-75.77682,-10.86153,0.522234,-0.1302157,0.542363,-28.53123,-22.48187,-29.03016
86.221142769,-43.50899,-80.22825,-13.05647,0.5379988,-0.1654262,0.5370803,-28.53123,-22.48187,-29.03016
86.231140614,-39.81699,-86.2821900000002,-15.61725,0.5591325,-0.2009683,0.5370526,-30.0496,-21.72532,-28.20683
86.241138458,-35.07894,-92.9890099999999,-17.87317,0.5930659,-0.2171918,0.5494405,-30.0496,-21.72532,-28.20683
86.25113678,-28.49488,-97.4404399999998,-20.31199,0.6423693,-0.2214008,0.567063,-30.0496,-21.72532,-28.20683
86.261134625,-22.34156,-99.9332400000001,-21.95821,0.6715533,-0.218298,0.57754,-30.0496,-21.72532,-28.20683
86.271131992,-19.26489,-101.4764,-23.11665,0.6793538,-0.1922837,0.5890055,-30.0496,-21.72532,-28.20683
86.281129837,-20.24943,-103.9098,-23.97024,0.6906369,-0.1701013,0.5990303,-32.69109,-21.3445,-25.84181
86.291128159,-21.48009,-105.9872,-24.94577,0.7283497,-0.1806688,0.5841314,-32.69109,-21.3445,-25.84181
86.301126003,-22.83382,-108.0645,-25.73839,0.7470836,-0.1918078,0.6008517,-32.69109,-21.3445,-25.84181
86.311123848,-27.32575,-111.2102,-27.07975,0.7911165,-0.2259641,0.6495985,-32.69109,-21.3445,-25.84181
86.321121216,-24.67982,-113.2282,-28.36014,0.8418412,-0.2803724,0.6480884,-32.69109,-21.3445,-25.84181
86.331119061,-16.80357,-112.872,-29.76246,0.868662,-0.3076377,0.63752,-34.93874,-21.72811,-24.24396
86.341117382,-12.00397,-113.1688,-30.79897,0.8765875,-0.2621,0.6580732,-34.93874,-21.72811,-24.24396
86.351115227,-12.86544,-115.1868,-31.3477,0.8781531,-0.2152344,0.6781586,-34.93874,-21.72811,-24.24396
86.361113072,-13.05004,-115.1274,-31.65256,0.9068122,-0.2110088,0.6532215,-34.93874,-21.72811,-24.24396
86.371110439,-14.34224,-113.6436,-31.10382,0.9355223,-0.2090407,0.6469496,-34.93874,-21.72811,-24.24396
86.381108284,-18.40343,-111.7444,-29.94538,0.9607935,-0.1793235,0.6535979,-36.44145,-22.46247,-19.80051
86.391106606,-23.07996,-109.7857,-29.03081,0.9570721,-0.1629233,0.6483358,-36.44145,-22.46247,-19.80051
86.40110445,-28.98715,-108.8361,-29.09178,0.9522924,-0.1942847,0.6301664,-36.44145,-22.46247,-19.80051
86.411102295,-29.35635,-107.8271,-29.82343,0.9521953,-0.2416729,0.6028998,-36.44145,-22.46247,-19.80051
86.421099663,-24.86442,-106.5807,-29.94538,0.9534826,-0.2596195,0.5507374,-36.44145,-22.46247,-19.80051
86.431097508,-19.8187,-105.6311,-30.25023,0.9498943,-0.2506199,0.5330341,-38.30399,-23.59363,-16.97032
86.441095829,-17.4189,-105.1562,-30.61605,0.955557,-0.2407935,0.5325431,-38.30399,-23.59363,-16.97032
86.451093674,-13.11157,-102.426,-30.3112,0.9719711,-0.2071016,0.5147985,-38.30399,-23.59363,-16.97032
86.461091519,-12.25011,-99.3990599999997,-29.64052,0.9866922,-0.187045,0.4975389,-38.30399,-23.59363,-16.97032
86.471088886,-14.71144,-97.2030299999998,-28.78693,1.002411,-0.1677959,0.4960708,-39.80162,-24.33781,-13.68787
86.481086731,-17.54197,-95.3037500000002,-28.29916,1.005392,-0.1712965,0.4788378,-39.80162,-24.33781,-13.68787
86.491085053,-19.8187,-94.6508700000003,-28.29916,1.013225,-0.1994316,0.4673456,-39.80162,-24.33781,-13.68787
86.501082897,-19.0803,-93.4044700000001,-28.60402,1.030218,-0.2226273,0.4448289,-39.80162,-24.33781,-13.68787
86.511080742,-15.44983,-91.4458500000002,-28.8479,1.038061,-0.2255502,0.4271086,-39.80162,-24.33781,-13.68787
86.52107811,-12.25011,-90.19945,-28.66499,1.019742,-0.2104717,0.4151723,-40.16688,-25.45445,-10.45955
86.531075955,-10.77331,-89.0124,-27.99431,1.010935,-0.1831532,0.3926876,-40.16688,-25.45445,-10.45955
86.541074276,-11.01944,-87.8253499999999,-27.20169,1.013266,-0.1522569,0.3653967,-40.16688,-25.45445,-10.45955
86.551072121,-13.7269,-86.6383100000001,-26.65295,1.01428,-0.1291836,0.3357173,-40.16688,-25.45445,-10.45955
86.561069965,-16.80357,-85.9854300000001,-26.16519,1.013291,-0.1289146,0.314183,-40.16688,-25.45445,-10.45955
86.571068287,-19.75716,-85.3325500000002,-25.86033,1.00698,-0.1306858,0.2936157,-41.2861,-26.2029,-8.012821
86.581065178,-22.03389,-85.2138399999997,-25.43354,0.9973775,-0.1388347,0.2735343,-41.2861,-26.2029,-8.012821
86.5910635,-22.83382,-84.73903,-25.00674,1.004733,-0.1417981,0.2524649,-41.2861,-26.2029,-8.012821
86.601061344,-23.87989,-84.2642099999999,-24.57995,1.013084,-0.1455952,0.2443155,-41.2861,-26.2029,-8.012821
86.611059189,-23.38762,-83.5519799999999,-24.09218,1.011654,-0.1477427,0.2251756,-41.2861,-26.2029,-8.012821
86.62105751,-22.83382,-82.8397499999998,-23.90927,1.013943,-0.1663475,0.2050762,-40.89232,-27.69753,-5.163916
86.631054878,-21.41856,-82.0088200000002,-23.60442,1.016779,-0.1620671,0.1887985,-40.89232,-27.69753,-5.163916
86.641052723,-20.24943,-80.9998300000001,-23.36053,1.023323,-0.147421,0.1820833,-40.89232,-27.69753,-5.163916
86.651050568,-19.94176,-80.22825,-22.87277,1.036126,-0.1287417,0.177749,-40.89232,-27.69753,-5.163916
86.661048412,-20.37249,-79.6347299999998,-22.56791,1.044186,-0.1169813,0.1710318,-40.89232,-27.69753,-5.163916
86.671046734,-21.29549,-78.92249,-22.56791,1.051803,-0.1077339,0.1561803,-41.25839,-28.44744,-3.550132
86.681044102,-22.28002,-78.4476800000003,-23.05568,1.055778,-0.1121253,0.1456458,-41.25839,-28.44744,-3.550132
86.691041946,-22.71076,-78.1509200000002,-23.54345,1.061405,-0.1267547,0.1279325,-41.25839,-28.44744,-3.550132
86.701039791,-21.91082,-77.2606300000002,-24.15315,1.073856,-0.1411133,0.125043,-41.25839,-28.44744,-3.550132
86.711037636,-20.43403,-76.3109900000001,-25.00674,1.076826,-0.1441852,0.1015884,-41.25839,-28.44744,-3.550132
86.721035957,-18.21883,-75.4207099999999,-25.43354,1.079831,-0.1484993,0.1015843,-40.87836,-29.18518,-1.156785
86.731033325,-15.51137,-74.2930099999999,-25.00674,1.083573,-0.1401556,0.1025328,-40.87836,-29.18518,-1.156785
86.74103117,-13.78844,-72.6905000000001,-24.39704,1.072546,-0.1238558,0.1020692,-40.87836,-29.18518,-1.156785
86.751029015,-13.11157,-70.8505700000001,-23.8483,1.066563,-0.1167156,0.09872778,-40.87836,-29.18518,-1.156785
86.761026859,-13.05004,-69.1293600000001,-23.36053,1.06215,-0.1154108,0.09155649,-40.87836,-29.18518,-1.156785
86.771025181,-12.92697,-66.99267,-22.44597,1.066238,-0.1255479,0.09011625,-40.87167,-29.92846,0.9112816
86.781022549,-12.43471,-64.32182,-21.04364,1.078361,-0.1223708,0.09248717,-40.87167,-29.92846,0.9112816
86.791020393,-11.94244,-61.4135499999998,-19.51937,1.080246,-0.1189232,0.09344015,-40.87167,-29.92846,0.9112816
86.801018238,-11.69631,-58.1491600000002,-17.87317,1.070861,-0.1123756,0.08579761,-40.87167,-29.92846,0.9112816
86.811016083,-11.26557,-55.30025,-16.28792,1.067365,-0.1082204,0.06953105,-40.87167,-29.92846,0.9112816
86.821014404,-11.14251,-52.27328,-14.33686,1.068119,-0.0965648,0.06713386,-40.10734,-31.04701,2.922436
86.831012249,-11.38864,-49.42437,-12.69065,1.067039,-0.09141185,0.04846994,-40.10734,-31.04701,2.922436
86.841009617,-12.06551,-46.99092,-11.47123,1.065557,-0.09054382,0.0403365,-40.10734,-31.04701,2.922436
86.851007462,-12.18857,-44.37941,-10.67861,1.061827,-0.1000609,0.01737381,-40.10734,-31.04701,2.922436
86.861005783,-11.63477,-42.18338,-10.12988,1.055287,-0.1153552,0.006381897,-40.10734,-31.04701,2.922436
86.871003628,-10.34258,-39.63123,-9.64211199999997,1.057531,-0.1315268,-0.01323947,-40.08873,-32.1176,3.766686
86.881001472,-8.31197900000002,-37.37584,-9.33725800000002,1.048852,-0.1366191,-0.01992309,-40.08873,-32.1176,3.766686
86.89099884,-6.15831700000002,-35.1798,-9.03240400000001,1.045811,-0.1303444,-0.0180051,-40.08873,-32.1176,3.766686
86.900996685,-3.94312,-32.92441,-8.48366700000001,1.047161,-0.1245391,-0.02375187,-40.08873,-32.1176,3.766686
86.910995007,-2.466323,-30.13485,-7.75201800000001,1.044546,-0.1147973,-0.01561402,-40.08873,-32.1176,3.766686
86.920992851,-1.297191,-27.7014,-7.08133999999998,1.045744,-0.1006507,-0.01226972,-40.45311,-32.87077,4.993468
86.930990696,-0.989525099999998,-24.55572,-6.53260299999999,1.045477,-0.08662504,-0.01897293,-40.45311,-32.87077,4.993468
86.940988064,-1.174125,-21.82551,-5.618042,1.051276,-0.0840983,-0.02089799,-40.45311,-32.87077,4.993468
86.950985908,-1.85099,-18.85789,-5.313188,1.056459,-0.07482004,-0.02713091,-40.45311,-32.87077,4.993468
86.96098423,-2.281723,-16.00898,-4.947363,1.059344,-0.07285435,-0.03096505,-40.45311,-32.87077,4.993468
86.970982075,-2.404789,-13.45683,-4.520568,1.064728,-0.07427162,-0.03815271,-40.44863,-33.24459,5.7695
86.980979919,-2.343256,-10.84533,-3.91086,1.067144,-0.07329587,-0.04294294,-40.44863,-33.24459,5.7695
86.990977287,-2.404789,-8.82734500000001,-3.179211,1.060755,-0.07055469,-0.04819684,-40.44863,-33.24459,5.7695
87.000975132,-2.097123,-6.69066000000001,-2.203679,1.060715,-0.0687082,-0.05872592,-40.44863,-33.24459,5.7695
87.010973454,-1.727924,-4.910089,-1.533,1.056844,-0.07031271,-0.06637598,-40.07389,-33.24178,5.77228
87.020971298,-1.051058,-3.42628,-0.618438999999999,1.046917,-0.06085141,-0.07306118,-40.07389,-33.24178,5.77228
87.030969143,-0.620325700000001,-1.883118,-0.130673,1.038174,-0.06256092,-0.08165985,-40.07389,-33.24178,5.77228
87.040967464,-0.004993446,-0.8147754,0.783888500000002,1.032311,-0.06166539,-0.07734269,-40.07389,-33.24178,5.77228
87.050964355,0.4257392,0.4909767,1.576508,1.024001,-0.06044632,-0.08546431,-40.07389,-33.24178,5.77228
87.060962677,0.856471800000002,1.618672,2.369128,1.020949,-0.0537473,-0.09024647,-39.70282,-33.23188,6.613564
87.070960522,1.102605,2.805719,3.100777,1.02342,-0.05566856,-0.09312174,-39.70282,-33.23188,6.613564
87.080958366,1.225671,3.933414,3.710485,1.019018,-0.05478804,-0.09359286,-39.70282,-33.23188,6.613564
87.090956688,1.287204,4.764347,4.259222,1.023914,-0.05621492,-0.1007797,-39.70282,-33.23188,6.613564
87.100953579,1.041071,5.417223,4.807959,1.02443,-0.05763625,-0.09790875,-39.70282,-33.23188,6.613564
87.110951901,0.856471800000002,6.01074700000002,5.234754,1.020495,-0.05579652,-0.1007738,-39.70113,-33.23515,6.226563
87.120949745,0.4872724,6.84168000000002,5.72252,1.014469,-0.04616167,-0.09693718,-39.70113,-33.23515,6.226563
87.13094759,0.05653978,7.19779400000002,5.84446099999998,1.012619,-0.05160499,-0.1036326,-39.70113,-33.23515,6.226563
87.140945911,-0.1895931,7.91002299999998,6.02737400000002,1.013163,-0.05444849,-0.09693277,-39.70113,-33.23515,6.226563
87.150942802,-0.5587925,8.44419500000002,6.271257,1.008242,-0.05222565,-0.1088892,-39.70113,-33.23515,6.226563
87.160941124,-0.5587925,9.097071,6.45416900000001,1.008316,-0.05609857,-0.1074526,-40.068,-33.61832,6.22581
87.170938969,-0.4972593,9.63124200000002,6.21028600000003,1.002083,-0.06159778,-0.1107903,-40.068,-33.61832,6.22581
87.180936813,-0.3741928,9.98735600000001,6.02737400000002,1.004464,-0.05863071,-0.1103167,-40.068,-33.61832,6.22581
87.190935135,0.2411395,10.28412,5.90543200000001,1.008802,-0.05612844,-0.1117606,-40.068,-33.61832,6.22581
87.200932503,0.4872724,10.22477,5.600578,1.008269,-0.05371805,-0.1127174,-40.068,-33.61832,6.22581
87.210930347,0.979538199999999,10.58088,5.234754,1.009178,-0.05032919,-0.1160699,-40.08175,-32.86142,5.770252
87.220928192,0.918004999999997,10.58088,4.9299,1.00678,-0.05229841,-0.1136724,-40.08175,-32.86142,5.770252
87.230926037,1.287204,10.81829,4.442134,1.009286,-0.05619783,-0.1203758,-40.08175,-32.86142,5.770252
87.240924358,1.59487,10.58088,4.07631,1.005371,-0.05531207,-0.1213263,-40.08175,-32.86142,5.770252
87.250922203,2.333269,10.40282,3.710485,1.005417,-0.05771455,-0.1184544,-40.08175,-32.86142,5.770252
87.260919571,2.702469,10.16541,3.405631,1.006935,-0.06054758,-0.1127134,-39.70898,-32.8548,6.224535
87.270917416,2.825535,9.86865100000001,3.34466,1.006689,-0.04743202,-0.1127163,-39.70898,-32.8548,6.224535
87.28091526,2.210203,9.69059399999998,3.34466,1.00815,-0.04741193,-0.113676,-39.70898,-32.8548,6.224535
87.290913582,1.471804,9.21577499999998,3.283689,1.011965,-0.04294114,-0.1112909,-39.70898,-32.8548,6.224535
87.300911427,0.979538199999999,8.97836599999999,3.100777,1.013418,-0.04242212,-0.110815,-39.70898,-32.8548,6.224535
87.310908794,0.5488057,8.50354699999999,3.039807,1.018508,-0.05397977,-0.1103423,-40.8374,-32.48996,5.375661
87.320906639,0.3642059,8.08808,3.039807,1.017911,-0.04816902,-0.1113,-40.8374,-32.48996,5.375661
87.330904484,-0.3126596,7.25714599999998,2.795923,1.015954,-0.04771298,-0.1103395,-40.8374,-32.48996,5.375661
87.340902805,-0.4357261,6.66362299999999,2.734953,1.015495,-0.04915795,-0.1079454,-40.8374,-32.48996,5.375661
87.35090065,-0.743392200000001,6.01074700000002,2.369128,1.008765,-0.05418102,-0.1112825,-40.8374,-32.48996,5.375661
87.360898018,-0.804925400000002,5.654633,1.881362,1.004373,-0.05375993,-0.108882,-40.46098,-32.49042,4.99144
87.370895863,-0.681858999999999,4.942404,1.637479,1.006945,-0.06100261,-0.1093632,-40.46098,-32.49042,4.99144
87.380893707,-0.3126596,4.170824,1.271655,0.9991602,-0.06165552,-0.1107852,-40.46098,-32.49042,4.99144
87.390892029,0.118073,3.696005,0.905829999999998,1.001046,-0.05816841,-0.1055251,-40.46098,-32.49042,4.99144
87.400889874,0.3026727,3.043129,0.661947,0.9951819,-0.05733872,-0.1083865,-40.46098,-32.49042,4.99144
87.410887718,0.3026727,2.627662,0.4790346,0.9989146,-0.04851802,-0.1083953,-40.46098,-32.49042,4.99144
87.420885086,-0.0665266799999999,2.212196,0.1132101,0.9946692,-0.05583399,-0.1021645,-40.46098,-32.49042,4.99144
87.430883408,-0.3126596,1.678024,-0.130673,0.995127,-0.05442854,-0.1088657,-40.46098,-32.49042,4.99144
87.440881252,-0.3741928,1.143853,-0.4355267,0.9966155,-0.05586572,-0.1098251,-40.46098,-32.49042,4.99144
87.450879097,-0.681858999999999,0.669033799999998,-0.679409800000002,1.002094,-0.06203087,-0.1050473,-40.46098,-32.49042,4.99144
87.460876942,-0.4972593,0.1348625,-0.923292900000003,1.007903,-0.05995478,-0.1031437,-40.09042,-32.11433,4.153688
87.47087431,-0.3741928,-0.3399565,-0.923292900000003,1.009382,-0.06092816,-0.106496,-40.09042,-32.11433,4.153688
87.480872631,-0.5587925,-0.933480099999999,-1.106205,1.010329,-0.05943407,-0.1045838,-40.09042,-32.11433,4.153688
87.490870476,-0.681858999999999,-1.408299,-1.533,1.013712,-0.05789625,-0.1031543,-40.09042,-32.11433,4.153688
87.500868321,-0.681858999999999,-1.764413,-1.289117,1.015174,-0.05784105,-0.1002854,-40.09042,-32.11433,4.153688
87.510866165,-0.5587925,-2.120527,-1.533,1.01238,-0.06466872,-0.09692878,-40.46686,-32.11388,4.53791
87.520863533,-0.804925400000002,-2.535994,-1.533,1.013769,-0.06072742,-0.09406076,-40.46686,-32.11388,4.53791
87.530861855,-0.804925400000002,-2.773403,-1.593971,1.012399,-0.0656183,-0.09453569,-40.46686,-32.11388,4.53791
87.540859699,-0.804925400000002,-3.129518,-1.533,1.011333,-0.0607931,-0.09597081,-40.46686,-32.11388,4.53791
87.550857544,-0.989525099999998,-3.366927,-1.533,1.008916,-0.06180835,-0.09548775,-39.84052,-44.28245,4.605586
87.560855389,-1.112592,-3.485632,-1.715913,1.006609,-0.0686308,-0.09261052,-40.08425,-32.49142,4.542718
87.57085371,-1.112592,-3.723041,-1.593971,1.007989,-0.06421252,-0.09069975,-40.08425,-32.49142,4.542718
87.580851078,-1.112592,-3.901098,-1.47203,1.00276,-0.07107514,-0.08590311,-40.08425,-32.49142,4.542718
87.590848923,-0.989525099999998,-3.841746,-1.654942,1.004506,-0.0603938,-0.09069467,-40.08425,-32.49142,4.542718
87.600846768,-0.927991900000002,-3.841746,-1.715913,1.00751,-0.06472108,-0.09213452,-41.21046,-32.49604,4.985878
87.610845089,-1.051058,-3.782394,-1.654942,1.008035,-0.06662376,-0.08878491,-41.21046,-32.49604,4.985878
87.620842934,-0.8664587,-3.604337,-1.776883,1.008907,-0.06131381,-0.09453072,-41.21046,-32.49604,4.985878
87.630840301,-0.989525099999998,-3.485632,-1.654942,1.009929,-0.06364876,-0.0863961,-41.21046,-32.49604,4.985878
87.640838146,-0.743392200000001,-3.307575,-1.776883,1.013843,-0.06457841,-0.09023129,-41.21046,-32.49604,4.985878
87.650835991,-0.620325700000001,-3.129518,-1.593971,1.013375,-0.06555077,-0.08927307,-41.58322,-32.50267,4.531596
87.660834312,-0.4972593,-2.892108,-1.47203,1.023614,-0.06581688,-0.08737654,-41.58322,-32.50267,4.531596
87.670832157,-0.804925400000002,-2.892108,-1.47203,1.016206,-0.06064858,-0.090715,-41.58322,-32.50267,4.531596
87.680830002,-0.743392200000001,-2.832756,-1.593971,1.019726,-0.06637523,-0.08689106,-41.58322,-32.50267,4.531596
87.69082737,-0.8664587,-2.298584,-1.045234,1.018092,-0.0571527,-0.0844977,-41.58322,-32.50267,4.531596
87.700825214,-0.8664587,-2.298584,-0.8623221,1.018689,-0.06296782,-0.08401866,-40.46098,-32.49042,4.99144
87.710823536,-0.681858999999999,-2.001823,-0.801351299999998,1.021712,-0.06825785,-0.08450115,-40.46098,-32.49042,4.99144
87.720821381,-0.620325700000001,-1.586356,-0.618438999999999,1.020196,-0.06536338,-0.0835421,-40.46098,-32.49042,4.99144
87.730819225,-0.681858999999999,-1.348947,-0.5574683,1.025553,-0.06529263,-0.08738006,-40.46098,-32.49042,4.99144
87.740816593,-0.5587925,-0.874127800000001,-0.618438999999999,1.025463,-0.06039111,-0.08259541,-40.46098,-32.49042,4.99144
87.750814438,-0.2511264,-0.636718299999999,-0.618438999999999,1.017742,-0.06444436,-0.08401663,-39.70951,-32.48861,4.545499
87.760812759,-0.3126596,-0.5180135,-0.4964975,1.01242,-0.06650642,-0.08544255,-39.70951,-32.48861,4.545499
87.770810604,0.118073,0.01615777,-0.4964975,1.015848,-0.06741497,-0.08592687,-39.70951,-32.48861,4.545499
87.780808449,0.05653978,0.4316243,-0.3135853,1.011374,-0.06260446,-0.08161312,-39.70951,-32.48861,4.545499
87.790805817,0.3642059,0.609681400000002,-0.2526145,1.016822,-0.0674045,-0.08688573,-39.70951,-32.48861,4.545499
87.800803661,0.3642059,1.025148,-0.130673,1.015864,-0.06843917,-0.09166954,-40.83374,-32.49704,4.537157
87.810801983,0.3642059,1.499967,-0.00873146199999999,1.018192,-0.06251802,-0.08688937,-40.83374,-32.49704,4.537157
87.820799828,0.2411395,1.796729,-0.0697022199999999,1.018678,-0.06254789,-0.09119739,-40.83374,-32.49704,4.537157
87.830797672,0.4257392,2.093491,0.1132101,1.014314,-0.06353581,-0.08353232,-40.83374,-32.49704,4.537157
87.840795994,0.2411395,2.271548,0.1741808,1.009903,-0.06215197,-0.08208925,-40.83374,-32.49704,4.537157
87.850792885,0.3642059,2.508957,0.2961223,1.0114,-0.06411004,-0.08687712,-40.83572,-32.49323,4.988659
87.860791206,0.3026727,2.746367,0.2961223,1.018247,-0.06543698,-0.08736728,-40.83572,-32.49323,4.988659
87.870789051,0.3642059,3.043129,0.4180639,1.016299,-0.06544475,-0.08401386,-40.83572,-32.49323,4.988659
87.880786896,0.4872724,3.280538,0.5400054,1.0173,-0.06690473,-0.08640811,-40.83572,-32.49323,4.988659
87.890785217,0.4257392,3.221186,0.600976199999997,1.012355,-0.06313243,-0.08831476,-40.83572,-32.49323,4.988659
87.900783062,0.4257392,3.517948,0.844859200000001,1.019164,-0.06256022,-0.09359112,-40.46098,-32.49042,4.99144
87.91078043,0.4872724,3.280538,0.905829999999998,1.016675,-0.05964988,-0.08880176,-40.46098,-32.49042,4.99144
87.920778275,0.4257392,3.221186,1.149713,1.016756,-0.06406123,-0.09310795,-40.46098,-32.49042,4.99144
87.930776119,0.4257392,3.399243,1.088742,1.015692,-0.05917459,-0.08784302,-40.46098,-32.49042,4.99144
87.940774441,0.3642059,3.5773,1.149713,1.012915,-0.06700451,-0.08783617,-40.46098,-32.49042,4.99144
87.950772285,0.4257392,3.517948,1.332625,1.019174,-0.06302842,-0.0916767,-40.83572,-32.49323,4.988659
87.960769653,0.4257392,3.458595,1.210684,1.017234,-0.06355269,-0.09167319,-40.83572,-32.49323,4.988659
87.970767498,0.6718721,3.755357,1.332625,1.018723,-0.06498987,-0.09263257,-40.83572,-32.49323,4.988659
87.980765343,0.733405399999999,3.5773,1.149713,1.005636,-0.06862371,-0.08973737,-40.83572,-32.49323,4.988659
87.990763664,0.733405399999999,3.458595,1.210684,1.011875,-0.06370243,-0.09644958,-40.83572,-32.49323,4.988659
88.000761509,0.733405399999999,3.399243,1.210684,1.007943,-0.0617881,-0.09117887,-40.46686,-32.11388,4.53791
88.010758877,0.5488057,3.33989,1.210684,1.012787,-0.0602258,-0.09023057,-40.46686,-32.11388,4.53791
88.020756722,0.3642059,3.221186,1.149713,1.010424,-0.06418195,-0.09261832,-40.46686,-32.11388,4.53791
88.030754566,0.3026727,3.043129,1.149713,1.005535,-0.06328911,-0.09069572,-40.46686,-32.11388,4.53791
88.040752888,0.3642059,2.924424,1.149713,1.008484,-0.06472377,-0.0945291,-40.46686,-32.11388,4.53791
88.050750732,0.3026727,2.924424,1.027771,1.010406,-0.0631797,-0.08926851,-40.46686,-32.11388,4.53791
88.060748577,0.118073,2.746367,0.905829999999998,1.004975,-0.05940387,-0.08973859,-40.46686,-32.11388,4.53791
88.070745945,0.1796062,2.449605,1.027771,1.014222,-0.05870892,-0.08688343,-40.46686,-32.11388,4.53791
88.08074379,-0.0665266799999999,2.212196,1.088742,1.009388,-0.06072626,-0.0844816,-40.46686,-32.11388,4.53791
88.090742111,0.118073,2.093491,0.844859200000001,1.011813,-0.06024505,-0.09022887,-40.46686,-32.11388,4.53791
88.100739956,0.1796062,1.856081,0.661947,1.007467,-0.06222204,-0.08447786,-40.44328,-33.25494,4.543993
88.110737801,0.1796062,1.618672,0.661947,1.010314,-0.05835282,-0.09261962,-40.44328,-33.25494,4.543993
88.120735168,0.3642059,1.618672,0.661947,1.008339,-0.05692086,-0.09118082,-40.44328,-33.25494,4.543993
88.130733013,0.2411395,1.440615,0.600976199999997,1.008357,-0.057888,-0.09070203,-40.44328,-33.25494,4.543993
88.140731335,0.3642059,1.025148,0.600976199999997,1.009892,-0.06174522,-0.0907037,-40.45113,-32.87459,4.541965
88.150729179,0.1796062,0.906443200000002,0.4790346,1.012182,-0.05388542,-0.08640254,-40.45113,-32.87459,4.541965
88.160727024,0.2411395,0.847090899999998,0.4790346,1.013147,-0.05339796,-0.08831865,-40.45113,-32.87459,4.541965
88.170725346,-0.0665266799999999,0.669033799999998,0.1132101,1.012274,-0.05874741,-0.08688003,-40.45113,-32.87459,4.541965
88.180722237,0.05653978,0.372272,-0.00873146199999999,1.016566,-0.05382074,-0.08880308,-40.45113,-32.87459,4.541965
88.190720558,-0.004993446,0.372272,0.1132101,1.017172,-0.06009969,-0.08593106,-40.46686,-32.11388,4.53791
88.200718403,0.118073,0.0755101399999999,-0.0697022199999999,1.01811,-0.05812861,-0.08497605,-40.46686,-32.11388,4.53791
88.210716248,0.05653978,-0.102547,-0.130673,1.015629,-0.05573914,-0.08401519,-40.46686,-32.11388,4.53791
88.220714569,-0.1895931,-0.1618993,-0.2526145,1.00789,-0.05882525,-0.08591521,-40.46686,-32.11388,4.53791
88.230711937,-0.004993446,-0.4586612,-0.2526145,1.007366,-0.05688305,-0.08495764,-40.46686,-32.11388,4.53791
88.240709782,-0.1280599,-0.5180135,-0.374556,1.00448,-0.05888823,-0.08543067,-41.20062,-32.88021,4.536404
88.250707626,-0.1280599,-0.3993088,-0.2526145,1.006906,-0.05836313,-0.08639219,-41.20062,-32.88021,4.536404
88.260705471,-0.1895931,-0.4586612,-0.4355267,1.014267,-0.06115528,-0.08879718,-41.20062,-32.88021,4.536404
88.270703793,-0.3741928,-0.577365899999998,-0.5574683,1.011282,-0.05776881,-0.08400709,-41.20062,-32.88021,4.536404
88.280701637,-0.3126596,-0.6960707,-0.4964975,1.012374,-0.0640864,-0.08640025,-41.20062,-32.88021,4.536404
88.290699005,-0.3126596,-0.6960707,-0.4964975,1.010355,-0.06017297,-0.0792191,-40.44944,-32.87786,4.154964
88.30069685,-0.4357261,-1.111537,-0.679409800000002,1.015702,-0.05965157,-0.08688577,-40.44944,-32.87786,4.154964
88.310694695,-0.3741928,-1.230242,-0.740380500000001,1.015849,-0.06737108,-0.08114112,-40.44944,-32.87786,4.154964
88.320693016,-0.2511264,-1.111537,-0.8623221,1.019214,-0.06485736,-0.07923333,-40.44944,-32.87786,4.154964
88.330690861,-0.004993446,-1.289594,-0.923292900000003,1.014801,-0.06353935,-0.08496889,-40.44944,-32.87786,4.154964
88.340688229,0.2411395,-1.230242,-0.740380500000001,1.012467,-0.06890451,-0.08209198,-40.8399,-32.11996,4.148127
88.350686073,0.118073,-0.9928325,-0.740380500000001,1.010977,-0.06749804,-0.08448263,-40.8399,-32.11996,4.148127
88.360683918,-0.0665266799999999,-1.052185,-0.679409800000002,1.010399,-0.06264566,-0.08400429,-40.8399,-32.11996,4.148127
88.37068224,-0.4357261,-1.111537,-0.4355267,1.009426,-0.06261663,-0.07873827,-40.8399,-32.11996,4.148127
88.380680084,-0.3741928,-0.9928325,-0.2526145,1.008946,-0.06318663,-0.08687308,-40.8399,-32.11996,4.148127
88.390677929,-0.4972593,-0.874127800000001,-0.2526145,1.009848,-0.05924179,-0.08256849,-40.46686,-32.11388,4.53791
88.400675297,-0.4972593,-0.9928325,-0.0697022199999999,1.012432,-0.06690878,-0.07634953,-40.46686,-32.11388,4.53791
88.410673618,-0.3741928,-0.577365899999998,0.0522393,1.011934,-0.06648532,-0.08209167,-40.46686,-32.11388,4.53791
88.420671463,-0.0665266799999999,-0.2806041,0.0522393,1.010483,-0.06696923,-0.07873899,-40.46686,-32.11388,4.53791
88.430669308,-0.004993446,-0.102547,0.0522393,1.015352,-0.06692127,-0.08401183,-40.46686,-32.11388,4.53791
88.440667153,0.3026727,-0.0431946,0.1741808,1.016346,-0.0678165,-0.07779184,-40.09212,-32.11106,4.54069
88.450665474,0.4257392,-0.0431946,0.1132101,1.02018,-0.0643304,-0.07684227,-40.09212,-32.11106,4.54069
88.460662842,0.3642059,0.1348625,0.1741808,1.017302,-0.0668345,-0.07875092,-40.09212,-32.11106,4.54069
88.470660687,0.2411395,0.1348625,0.0522393,1.016273,-0.06393918,-0.07874987,-40.09212,-32.11106,4.54069
88.480658531,0.2411395,0.3129196,0.0522393,1.018645,-0.06049951,-0.07971203,-40.09212,-32.11106,4.54069
88.490656376,0.2411395,0.3129196,0.0522393,1.015795,-0.06443457,-0.0787489,-40.81802,-33.25776,4.541213
88.500654698,-0.004993446,0.4316243,0.1741808,1.01189,-0.06399946,-0.07587075,-40.81802,-33.25776,4.541213
88.510652065,-0.004993446,0.609681400000002,0.1132101,1.018682,-0.062425,-0.0777973,-40.81802,-33.25776,4.541213
88.52064991,0.1796062,1.025148,0.3570931,1.010059,-0.07039236,-0.08017311,-40.81802,-33.25776,4.541213
88.530647755,0.1796062,0.906443200000002,0.2961223,1.013856,-0.06494567,-0.07730967,-40.81802,-33.25776,4.541213
88.540645599,0.3642059,1.025148,0.4180639,1.01131,-0.05919975,-0.08113532,-40.09212,-32.11106,4.54069
88.550643921,0.4257392,1.32191,0.4180639,1.011318,-0.05971624,-0.08448523,-40.09212,-32.11106,4.54069
88.560641766,0.4257392,1.32191,0.4180639,1.009316,-0.05680066,-0.08017531,-40.09212,-32.11106,4.54069
88.570639134,0.1796062,1.499967,0.4180639,1.0137,-0.0567316,-0.08209726,-40.09212,-32.11106,4.54069
88.580636978,0.118073,1.381262,0.4180639,1.015849,-0.06737108,-0.08114112,-40.09212,-32.11106,4.54069
