Time (s),Gyroscope X (deg/s),Gyroscope Y (deg/s),Gyroscope Z (deg/s),Accelerometer X (g),Accelerometer Y (g),Accelerometer Z (g),Magnetometer X (uT),Magnetometer Y (uT),Magnetometer Z (uT)
17.493880272,-12.0317,-4.506582,-4.257127,0.2298714,-0.1887976,0.295464,-38.05782,-14.21323,-32.56281
17.503878117,-8.58583600000001,-16.0803,-7.976343,0.2477747,-0.2342189,0.2849157,-38.05782,-14.21323,-32.56281
17.513875961,-2.001781,-26.05149,-11.45168,0.2603649,-0.2814213,0.3035704,-38.05782,-14.21323,-32.56281
17.523873806,6.67440499999999,-35.66658,-15.90254,0.2702928,-0.2651979,0.3025918,-36.94762,-13.44735,-32.94553
17.533872128,13.13539,-45.28166,-19.37788,0.2756861,-0.267079,0.2977971,-36.94762,-13.44735,-32.94553
17.543869972,19.53485,-54.77804,-22.91418,0.293124,-0.2869598,0.317872,-36.94762,-13.44735,-32.94553
17.553867817,26.54964,-64.5118299999998,-25.53592,0.3279944,-0.3012429,0.327865,-36.94762,-13.44735,-32.94553
17.563866139,34.36436,-71.2780000000001,-27.18213,0.3593089,-0.3070545,0.3684909,-37.32942,-13.43654,-31.3358
17.573863983,41.25608,-75.1359000000001,-27.91378,0.3996177,-0.2984778,0.4220189,-37.32942,-13.43654,-31.3358
17.583861828,42.54827,-77.3913000000001,-28.58446,0.4255335,-0.2497513,0.4865689,-37.32942,-13.43654,-31.3358
17.593859673,37.74868,-81.4865999999999,-28.88931,0.4679986,-0.2259537,0.5525323,-37.32942,-13.43654,-31.3358
17.603857994,34.85662,-86.6502599999999,-29.49902,0.5203615,-0.2366203,0.6012585,-37.32942,-13.43654,-31.3358
17.613855839,34.97969,-93.1196700000001,-30.71844,0.5682282,-0.2672774,0.6523906,-38.81552,-14.56815,-28.88983
17.623853683,38.54862,-102.1412,-31.633,0.6175262,-0.2965273,0.6949055,-38.81552,-14.56815,-28.88983
17.633852005,43.28667,-110.9254,-31.75494,0.6804202,-0.323,0.7460103,-38.81552,-14.56815,-28.88983
17.643850326,53.99346,-114.9613,-30.71844,0.7264634,-0.3357098,0.7444975,-38.81552,-14.56815,-28.88983
17.653848648,63.96184,-112.1124,-29.37708,0.7356743,-0.2809927,0.7564318,-38.81552,-14.56815,-28.88983
17.663846493,64.3310399999998,-108.7293,-28.46252,0.7266907,-0.1396428,0.7693326,-41.41916,-16.45148,-24.38413
17.673844337,52.02439,-108.9074,-26.2066,0.7506315,-0.03895618,0.7812293,-41.41916,-16.45148,-24.38413
17.683842182,37.13335,-111.1034,-23.64583,0.8063655,-0.07486556,0.7725271,-41.41916,-16.45148,-24.38413
17.693840504,29.0725,-113.6556,-21.57282,0.8422394,-0.1433579,0.7509462,-41.41916,-16.45148,-24.38413
17.703838348,27.9649,-115.1988,-19.86564,0.8741149,-0.180207,0.7442001,-41.41916,-16.45148,-24.38413
17.713836193,27.53417,-115.7329,-17.91458,0.8818688,-0.1525701,0.7207293,-45.12315,-19.48486,-19.94519
17.723834515,25.25744,-115.1988,-15.71963,0.8714954,-0.1200688,0.6838886,-45.12315,-19.48486,-19.94519
17.733832359,21.62698,-113.0621,-14.01245,0.8596725,-0.08799869,0.6561435,-45.12315,-19.48486,-19.94519
17.743830204,15.90439,-110.8067,-13.40274,0.8484833,-0.03803274,0.6178641,-45.12315,-19.48486,-19.94519
17.753828049,7.78200200000001,-109.6196,-12.67109,0.8660497,-0.03981368,0.5977337,-45.12315,-19.48486,-19.94519
17.76382637,0.767214200000001,-109.6196,-12.00041,0.8751894,-0.06040234,0.5584798,-46.24523,-20.59296,-15.04542
17.773824215,-3.601645,-111.0441,-11.39071,0.9001973,-0.09503203,0.5436094,-46.24523,-20.59296,-15.04542
17.78382206,-6.12450699999998,-113.5369,-10.47614,0.9282643,-0.1112583,0.5153286,-46.24523,-20.59296,-15.04542
17.793820381,-7.78590499999999,-115.2581,-10.17129,0.9445308,-0.1475448,0.4976023,-46.24523,-20.59296,-15.04542
17.803818226,-5.93990799999998,-116.089,-10.53712,0.9475193,-0.1780133,0.4540545,-46.24523,-20.59296,-15.04542
17.813816071,-1.386449,-115.08,-11.51265,0.9290771,-0.1824231,0.4368591,-48.4598,-23.23146,-10.21039
17.823813915,2.797811,-113.7149,-12.00041,0.9159644,-0.1332521,0.4220334,-48.4598,-23.23146,-10.21039
17.833812237,2.982411,-112.7653,-11.69556,0.9150341,-0.08369573,0.4229794,-48.4598,-23.23146,-10.21039
17.843810081,-3.047846,-112.6466,-11.51265,0.9512138,-0.06395463,0.4310471,-48.4598,-23.23146,-10.21039
17.853807926,-7.17057299999998,-112.8247,-11.45168,0.9794683,-0.08974253,0.4195186,-48.4598,-23.23146,-10.21039
17.863806248,-8.40123700000001,-113.0027,-11.63459,1.001077,-0.1248902,0.4084828,-50.01167,-21.67989,-5.327599
17.873804092,-6.862906,-112.4685,-12.30527,1.018497,-0.144553,0.3993645,-50.01167,-21.67989,-5.327599
17.883801937,-3.170913,-112.2311,-12.97595,1.035441,-0.1389957,0.3859334,-50.01167,-21.67989,-5.327599
17.893799782,-0.7711166,-112.3498,-13.21983,1.055152,-0.1251841,0.3657953,-50.01167,-21.67989,-5.327599
17.90379858,-1.755648,-112.7653,-13.40274,1.062568,-0.1052061,0.3557271,-50.01167,-21.67989,-5.327599
17.913796425,-3.663178,-113.893,-13.82954,1.068736,-0.09636804,0.3523641,-50.72727,-24.30714,-0.4814405
17.923794746,-5.324575,-115.4955,-13.95148,1.067812,-0.09943353,0.3380092,-50.72727,-24.30714,-0.4814405
17.933792591,-6.001441,-116.7419,-14.25633,1.070427,-0.1091884,0.3284356,-50.72727,-24.30714,-0.4814405
17.943790436,-3.909311,-117.1574,-14.62216,1.078286,-0.1131663,0.3016227,-50.72727,-24.30714,-0.4814405
17.953788757,-2.124848,-116.5639,-15.35381,1.091515,-0.1166653,0.3154792,-50.72727,-24.30714,-0.4814405
17.963786602,1.567146,-115.1988,-16.45128,1.105366,-0.07619883,0.3001302,-51.10604,-25.03253,4.034856
17.973784447,3.474676,-113.2995,-15.65866,1.103783,-0.09642128,0.270945,-51.10604,-25.03253,4.034856
17.983782291,5.751406,-109.9164,-15.96351,1.101668,-0.1142114,0.2431959,-51.10604,-25.03253,4.034856
17.993780613,8.08966899999999,-106.8301,-16.14643,1.10119,-0.06266277,0.2484478,-51.10604,-25.03253,4.034856
18.003778458,3.290077,-103.9218,-16.57322,1.12307,-0.05960778,0.2694662,-51.10604,-25.03253,4.034856
18.013776302,2.367078,-101.6071,-16.45128,1.135079,-0.07641356,0.265621,-50.35751,-26.12057,9.658029
18.023774624,3.105477,-98.7581500000001,-16.69516,1.14413,-0.06488702,0.2842667,-50.35751,-26.12057,9.658029
18.033772469,3.35161,-95.7905299999998,-16.63419,1.150306,-0.08216677,0.2943105,-50.35751,-26.12057,9.658029
18.043770313,5.505273,-92.7042000000002,-15.71963,1.160907,-0.1019511,0.2866399,-50.35751,-26.12057,9.658029
18.053768158,9.56646600000001,-89.0837100000001,-14.13439,1.158567,-0.1075138,0.2679809,-50.35751,-26.12057,9.658029
18.06376648,13.13539,-84.69164,-12.2443,1.15644,-0.09847204,0.2517107,-50.37359,-26.08952,13.33455
18.073764324,13.31999,-79.8247400000001,-10.96391,1.144409,-0.08082642,0.2411985,-50.37359,-26.08952,13.33455
18.083762169,11.78166,-75.1952599999999,-9.92740700000002,1.114302,-0.06132751,0.2067885,-50.37359,-26.08952,13.33455
18.09376049,8.45886800000002,-71.63412,-8.95187600000001,1.105455,-0.05779899,0.1867028,-50.37359,-26.08952,13.33455
18.103758335,4.151542,-68.4290799999999,-9.01284600000001,1.09041,-0.06177418,0.1565797,-50.37359,-26.08952,13.33455
18.11375618,-1.078783,-66.05499,-9.80546599999998,1.08735,-0.08018636,0.1690328,-48.4845,-27.56583,17.03308
18.123754025,-2.801713,-63.6215399999998,-10.41517,1.10844,-0.08760177,0.1627765,-48.4845,-27.56583,17.03308
18.133752346,-1.447982,-61.4255099999999,-10.53712,1.122398,-0.07795276,0.1780641,-48.4845,-27.56583,17.03308
18.143750668,1.321013,-59.4075199999999,-10.47614,1.09717,-0.08450179,0.154181,-48.4845,-27.56583,17.03308
18.153748989,3.659276,-57.9830700000001,-9.13478800000001,1.064699,-0.1210513,0.1068679,-47.39628,-26.39235,19.87335
18.163746834,5.689873,-56.08379,-7.61051899999998,1.050784,-0.1332389,0.07961649,-47.39628,-26.39235,19.87335
18.173744679,8.15120200000001,-53.41293,-6.45207400000002,1.046833,-0.104756,0.06765164,-47.39628,-26.39235,19.87335
18.183743,7.90506900000002,-50.80143,-6.39110400000002,1.040689,-0.06310399,0.06573733,-47.39628,-26.39235,19.87335
18.193740845,4.889941,-47.89316,-7.30566500000003,1.035352,-0.03845712,0.06239025,-47.39628,-26.39235,19.87335
18.203738689,0.3364816,-45.81583,-7.91537200000002,1.046931,-0.0324453,0.05710417,-46.99097,-28.27443,21.88578
18.213736534,-2.92478,-43.32303,-8.22022599999998,1.045308,-0.05008531,0.04466857,-46.99097,-28.27443,21.88578
18.223734856,-3.970845,-41.06764,-8.34216799999998,1.055402,-0.06895604,0.03173428,-46.99097,-28.27443,21.88578
18.2337327,-2.863246,-38.21873,-8.58605100000002,1.06046,-0.07921441,0.01497794,-46.99097,-28.27443,21.88578
18.243730545,0.2749484,-35.19176,-8.890904,1.059391,-0.07446383,0.00540706,-46.99097,-28.27443,21.88578
18.253728867,2.920877,-31.92738,-9.25672899999999,1.042374,-0.05049419,0.006387707,-46.63901,-27.49728,23.49701
18.263726711,2.797811,-28.18818,-9.25672899999999,1.04322,-0.04369184,0.004470177,-46.63901,-27.49728,23.49701
18.273724556,2.120945,-24.80509,-9.13478800000001,1.041426,-0.0263562,-0.00893129,-46.63901,-27.49728,23.49701
18.283722401,1.013347,-21.71877,-9.13478800000001,1.037585,-0.02930826,-0.00461665,-46.63901,-27.49728,23.49701
18.293720722,0.2749484,-18.86986,-9.25672899999999,1.033539,-0.02170524,-0.01466165,-46.63901,-27.49728,23.49701
18.303718567,0.5210813,-16.37706,-8.95187600000001,1.014456,-0.01782723,-0.02755094,-45.51058,-27.86211,24.34589
18.313716412,0.02881546,-14.53713,-8.64702100000002,0.994951,-0.01732405,-0.03661001,-45.51058,-27.86211,24.34589
18.323714733,-0.03271778,-12.81591,-8.28119799999998,0.9860054,-0.00840388,-0.05143257,-45.51058,-27.86211,24.34589
18.333712578,-1.509515,-11.15405,-7.48857699999998,0.9741911,-0.002477964,-0.06864223,-45.51058,-27.86211,24.34589
18.343710423,-3.601645,-10.38247,-6.75692799999998,0.9726814,-0.0001658127,-0.07821171,-45.51058,-27.86211,24.34589
18.353708267,-5.01691,-10.0857,-5.598484,0.9715286,0.008882007,-0.09591936,-45.88284,-28.23493,25.57064
18.363706589,-8.70890300000002,-9.67023799999998,-4.622952,0.9787484,0.01324898,-0.1122047,-45.88284,-28.23493,25.57064
18.37370491,-13.1393,-10.0857,-3.769361,0.9745538,0.002895543,-0.1193733,-45.88284,-28.23493,25.57064
18.383703232,-16.89282,-10.67923,-2.549946,0.9759175,-0.01806512,-0.1294204,-45.88284,-28.23493,25.57064
18.393701077,-18.49269,-11.3321,-1.330531,0.9872978,-0.05337542,-0.1361312,-45.88284,-28.23493,25.57064
18.403698921,-18.36962,-12.5785,0.0717969800000001,0.9990118,-0.08037426,-0.138059,-44.74456,-28.98394,25.97004
18.413697243,-16.21596,-13.76555,1.96189,0.9945752,-0.1038924,-0.149531,-44.74456,-28.98394,25.97004
18.423695088,-13.38543,-14.83389,4.034896,0.9814426,-0.105093,-0.1461578,-44.74456,-28.98394,25.97004
18.433692932,-13.1393,-15.90224,5.92499000000001,0.965812,-0.1028932,-0.1375167,-44.74456,-28.98394,25.97004
18.443690777,-13.3239,-16.85188,7.99799599999998,0.9725221,-0.09692492,-0.1370514,-44.74456,-28.98394,25.97004
18.453689098,-12.5855,-17.62346,9.52226500000001,0.9832942,-0.04753988,-0.1270328,-44.7367,-29.36429,25.97207
18.463686943,-13.63156,-18.63245,10.68071,0.977159,-0.00640431,-0.132297,-44.7367,-29.36429,25.97207
18.473684788,-16.40056,-19.87885,10.55877,0.9568068,0.03932295,-0.1361019,-44.7367,-29.36429,25.97207
18.483683109,-21.87701,-21.42201,9.52226500000001,0.9605244,0.07486136,-0.1370747,-44.7367,-29.36429,25.97207
18.493680954,-30.43013,-23.02452,7.937025,0.9739003,0.08926179,-0.132316,-44.7367,-29.36429,25.97207
18.503678799,-38.67559,-24.27092,6.83955100000002,0.9805424,0.07285786,-0.1337591,-44.69739,-31.26607,25.98221
18.513676643,-44.58278,-25.57667,6.41275599999997,0.9710903,0.03141432,-0.1284676,-44.69739,-31.26607,25.98221
18.523674965,-45.38271,-26.46696,5.742078,0.9904208,-0.01196044,-0.130883,-44.69739,-31.26607,25.98221
18.53367281,-40.52159,-27.00113,4.827517,0.9856131,-0.04188647,-0.1514457,-44.69739,-31.26607,25.98221
18.543670654,-32.5838,-27.11983,3.181306,0.984163,-0.06874717,-0.162922,-44.69739,-31.26607,25.98221
18.553668976,-23.16921,-27.29789,0.986358399999998,0.981813,-0.0730662,-0.1519096,-44.72098,-30.125,25.97612
18.563666821,-12.9547,-26.88243,-1.696355,0.9802225,-0.06633831,-0.1566943,-44.72098,-30.125,25.97612
18.573664665,-5.509175,-26.70437,-4.074214,0.9805104,-0.0812389,-0.1394622,-44.72098,-30.125,25.97612
18.58366251,1.628679,-26.88243,-6.08625000000001,0.973066,-0.09976841,-0.1303515,-44.72098,-30.125,25.97612
18.593661308,8.58193500000002,-27.89142,-7.42760699999997,0.9434848,-0.1070113,-0.1145051,-44.72098,-30.125,25.97612
18.603659153,16.15052,-29.73134,-7.79343099999999,0.9201339,-0.1088383,-0.1044138,-44.34204,-30.49546,26.81944
18.613657475,21.68851,-32.10543,-7.30566500000003,0.9105684,-0.09174302,-0.07425125,-44.34204,-30.49546,26.81944
18.623655319,24.82671,-34.83564,-6.63498599999997,0.8985459,-0.07382087,-0.05461329,-44.34204,-30.49546,26.81944
18.633653164,26.6727,-37.56585,-5.598484,0.9023505,-0.04250507,-0.03931355,-44.34204,-30.49546,26.81944
18.643651485,24.82671,-39.46513,-4.50101,0.9076532,-0.01309029,-0.02258021,-44.34204,-30.49546,26.81944
18.65364933,18.24265,-40.41476,-3.159653,0.9600804,-0.02791949,-0.00400332,-42.85799,-30.09024,28.44104
18.663647175,11.41246,-39.04966,-0.598881400000002,1.021122,-0.05992326,0.03083456,-42.85799,-30.09024,28.44104
18.673645019,5.25914,-35.42916,2.815481,1.05584,-0.06586067,0.05039719,-42.85799,-30.09024,28.44104
18.683643341,-2.001781,-32.81766,6.83955100000002,1.035041,-0.04837509,0.041336,-42.85799,-30.09024,28.44104
18.693641186,-7.232106,-31.68997,10.80265,1.04822,0.002475842,0.04704284,-42.85799,-30.09024,28.44104
18.70363903,-13.1393,-31.09644,13.85119,1.029964,0.06618927,0.03940104,-42.106,-30.45462,29.67413
18.713637352,-23.16921,-30.14681,14.94866,1.008162,0.08426283,-0.009380361,-42.106,-30.45462,29.67413
18.723635197,-33.6914,-28.60365,14.76575,1.037259,0.09161019,-0.01278301,-42.106,-30.45462,29.67413
18.733633041,-43.35212,-25.75473,15.0706,1.065724,0.08029063,-0.03675852,-42.106,-30.45462,29.67413
18.743630886,-52.7667,-21.77812,15.4974,1.069154,0.0009744719,-0.05588712,-40.62812,-29.67231,30.90671
18.753629208,-54.73576,-17.86087,16.16808,1.070885,-0.06574076,-0.07501599,-40.62812,-29.67231,30.90671
18.763627052,-47.41331,-14.89325,16.77778,1.025012,-0.06312801,-0.1151371,-40.62812,-29.67231,30.90671
18.773624897,-38.98325,-13.11268,15.92419,0.988535,-0.04107961,-0.1227364,-40.62812,-29.67231,30.90671
18.783623218,-31.96847,-10.32311,13.30245,0.9428768,-0.02230277,-0.09633996,-40.62812,-29.67231,30.90671
18.793621063,-28.09187,-6.761972,10.01003,0.8590516,-0.04630689,-0.04258713,-40.23765,-30.4302,30.91354
18.803619862,-22.92308,-2.013783,8.79061600000001,0.7991921,-0.07527937,0.0005965312,-40.23765,-30.4302,30.91354
18.813617706,-15.72369,4.218216,9.15644099999999,0.7699443,-0.09985602,0.03319702,-40.23765,-30.4302,30.91354
18.823615551,-10.3703,14.18941,9.76614900000002,0.7444243,-0.1157612,0.04951718,-40.23765,-30.4302,30.91354
18.833613396,-2.92478,22.14263,11.5343,0.6852692,-0.07949928,0.0510467,-40.23765,-30.4302,30.91354
18.843611717,3.105477,29.97714,14.15604,0.5984921,-0.02754713,-0.03160906,-39.50389,-29.66387,30.91505
18.853609562,-4.401577,40.71992,16.22905,0.5913715,-0.01319386,-0.09381523,-39.50389,-29.66387,30.91505
18.863607407,-17.81582,49.74148,18.78982,0.5767008,0.04217682,-0.06508934,-39.50389,-29.66387,30.91505
18.873605728,-28.46107,53.54004,22.02127,0.5110564,0.06009822,-0.08890833,-39.50389,-29.66387,30.91505
18.883603573,-37.93719,54.84579,21.83836,0.5006853,0.03906611,-0.1874715,-39.50389,-29.66387,30.91505
18.893601418,-43.16751,58.6443399999999,21.47253,0.5283145,-0.006667457,-0.2530728,-40.24632,-29.68311,29.29698
18.903599262,-44.39818,63.6299300000003,21.77739,0.5610799,-0.03996678,-0.298586,-40.24632,-29.68311,29.29698
18.913597584,-41.81378,67.4284800000002,21.9603,0.5774519,-0.05733556,-0.373268,-40.24632,-29.68311,29.29698
18.923595428,-37.56799,72.5921400000002,21.71642,0.6507215,-0.04239221,-0.4384859,-40.24632,-29.68311,29.29698
18.933593273,-35.90659,77.2809800000002,21.47253,0.7703442,-0.004626222,-0.4994834,-40.24632,-29.68311,29.29698
18.943591595,-39.22939,78.0525600000003,19.33856,0.9015585,0.06439886,-0.5681663,-40.25919,-28.56275,26.83988
18.953589439,-50.1823,75.7378199999999,16.59487,0.8844756,0.1694274,-0.5772565,-40.25919,-28.56275,26.83988
18.963587284,-70.0575299999998,68.6748900000001,14.64381,0.8057732,0.209502,-0.541715,-40.25919,-28.56275,26.83988
18.973585129,-87.7175800000001,59.59398,13.54634,0.7408003,0.191363,-0.5779688,-40.25919,-28.56275,26.83988
18.98358345,-99.4088900000002,53.71809,10.98556,0.7210478,0.1785347,-0.6095171,-40.25919,-28.56275,26.83988
18.993581295,-102.5471,47.30804,6.16887299999999,0.706717,0.2152358,-0.6037586,-42.12666,-28.2237,23.59894
19.003580093,-100.2088,42.6192,-0.5379106,0.6394083,0.2196417,-0.5610492,-42.12666,-28.2237,23.59894
19.013577938,-94.30163,38.88,-7.91537200000002,0.6169235,0.174734,-0.4284328,-42.12666,-28.2237,23.59894
19.023575783,-95.7169,41.66956,-12.79303,0.6482998,-0.089441,-0.2116245,-42.12666,-28.2237,23.59894
19.033574104,-73.7495299999998,47.54544,-8.64702100000002,0.6082851,-0.3940299,-0.06168206,-42.12666,-28.2237,23.59894
19.043571949,3.966942,21.72716,-6.63498599999997,0.6801347,-0.9913506,-1.711784,-43.20755,-29.41134,19.08166
19.053569794,21.68851,-34.06406,5.742078,0.7298606,-1.560192,-1.58538,-43.20755,-29.41134,19.08166
19.063567638,149.9238,-56.26184,2.022861,0.6132018,-0.8064729,-0.9072284,-43.20755,-29.41134,19.08166
19.07356596,253.7303,-69.4380700000001,-40.71764,0.5580919,0.358975,-1.089291,-43.20755,-29.41134,19.08166
19.083563805,207.6419,-123.6268,-62.3622600000001,0.9081543,0.5765798,-1.324938,-43.20755,-29.41134,19.08166
19.093561649,85.1292699999998,-151.1663,-52.42403,1.821355,0.8933814,-0.01148489,-42.80502,-30.92286,19.93105
19.103559971,-28.03034,-109.1448,-41.57123,1.785484,0.3316559,0.757794,-42.80502,-30.92286,19.93105
19.113557816,-30.30707,-98.8175000000002,-19.13399,2.410565,-0.5441245,0.7755942,-42.80502,-30.92286,19.93105
19.12355566,2.305545,-81.2492000000002,-2.610917,3.085061,-0.870352,0.3634056,-42.80502,-30.92286,19.93105
19.133553505,9.44340000000003,-71.69347,5.80304899999998,2.184755,-0.6839857,-0.05286978,-42.80502,-30.92286,19.93105
19.143551827,7.04360400000002,-76.3229500000002,16.83875,1.556036,-0.1348879,-0.129923,-39.49031,-29.32492,26.011
19.153549671,-34.86053,-75.0765500000001,12.02207,1.421504,0.262787,0.1262473,-39.49031,-29.32492,26.011
19.163547516,-67.2270099999998,-66.3517500000001,4.034896,2.073607,-0.4714155,0.05112025,-39.49031,-29.32492,26.011
19.173545837,20.33478,-53.11617,1.657037,2.399766,-0.8467359,-0.08813874,-39.49031,-29.32492,26.011
19.183543682,63.9003100000001,-39.40577,-14.37827,1.814961,-0.02085595,-0.3883563,-39.49031,-29.32492,26.011
19.193542481,52.63972,-31.74932,-27.36505,1.158688,0.2795978,-0.6007345,-36.47781,-30.42605,28.10334
19.203540325,38.30248,-25.63603,-36.99842,0.7965795,0.06990744,-0.8010512,-36.47781,-30.42605,28.10334
19.21353817,35.59502,-15.48677,-37.91299,0.7232939,-0.2322427,-0.843439,-36.47781,-30.42605,28.10334
19.223536015,27.16497,-4.150468,-29.07223,0.6785232,-0.1020123,-0.6940787,-36.47781,-30.42605,28.10334
19.233534336,0.705681,2.081531,-20.23147,0.7033029,0.06116964,-0.5458053,-36.47781,-30.42605,28.10334
19.243532181,-25.44594,6.948425,-14.86604,0.7864471,0.0455509,-0.5205817,-34.62268,-30.01093,30.56622
19.253530026,-36.15273,11.63726,-13.40274,0.9009026,-0.003167796,-0.5159829,-34.62268,-30.01093,30.56622
19.263528347,-31.53773,16.56351,-14.3173,0.9799744,-0.008928837,-0.466826,-34.62268,-30.01093,30.56622
19.273526192,-23.96914,20.00595,-16.45128,1.028381,0.06232866,-0.3783921,-34.62268,-30.01093,30.56622
19.283524036,-21.81548,21.90522,-18.95108,1.062746,0.04977847,-0.3372912,-34.61115,-30.39837,29.72975
19.293521881,-18.86189,22.5581,-19.86564,1.08649,0.005883108,-0.2999924,-34.61115,-30.39837,29.72975
19.303520203,-19.60028,22.26134,-17.42681,1.036552,0.04574282,-0.2439222,-34.61115,-30.39837,29.72975
19.313518047,-27.84574,20.77752,-12.91498,0.951782,0.1236888,-0.1988083,-34.61115,-30.39837,29.72975
19.323515892,-46.92104,18.10667,-7.18372300000002,0.8868352,0.2097138,-0.1633026,-34.61115,-30.39837,29.72975
19.333514214,-71.8420000000002,14.48618,-0.598881400000002,0.8599105,0.1909223,-0.1407578,-34.57095,-31.93668,27.73835
19.343512058,-92.6402399999999,10.92503,6.04693200000002,0.8512363,0.0554354,-0.1651152,-34.57095,-31.93668,27.73835
19.353509903,-103.9623,7.95741500000002,12.87566,0.8660671,-0.08650866,-0.2024334,-34.57095,-31.93668,27.73835
19.363507748,-107.7159,5.464615,18.85079,0.861213,-0.1925057,-0.251691,-34.57095,-31.93668,27.73835
19.373506546,-112.0847,4.158864,23.4236,0.8899366,-0.1901163,-0.2120198,-34.57095,-31.93668,27.73835
19.383504391,-124.0222,2.081531,26.16728,0.9861724,-0.1234917,-0.1490327,-34.91925,-32.72091,25.28861
19.393502712,-137.5595,-1.301555,27.14281,1.097562,-0.1636546,-0.1056662,-34.91925,-32.72091,25.28861
19.403500557,-137.9287,-3.260183,26.77699,1.144225,-0.2614666,-0.1152938,-34.91925,-32.72091,25.28861
19.413498402,-127.5911,-3.913059,26.28922,1.097761,-0.2784908,-0.1228657,-34.91925,-32.72091,25.28861
19.423496723,-116.8843,-4.803344,26.28922,1.049959,-0.2504454,-0.1409755,-34.91925,-32.72091,25.28861
19.433494568,-107.5313,-6.16844799999999,27.3867,1.032142,-0.2100354,-0.1471763,-35.61504,-34.6561,22.00368
19.443492413,-98.4243499999999,-8.542543,29.39873,1.00017,-0.1428502,-0.1705881,-35.61504,-34.6561,22.00368
19.453490257,-94.4247,-9.61088600000001,30.49621,0.9804822,-0.05493376,-0.1854123,-35.61504,-34.6561,22.00368
19.463488579,-96.2091600000001,-10.26376,31.65465,0.9674281,0.01708642,-0.1992867,-35.61504,-34.6561,22.00368
19.473486424,-102.4855,-9.25477200000002,32.75212,0.9864551,0.01607908,-0.1911839,-35.61504,-34.6561,22.00368
19.483484268,-102.1163,-9.25477200000002,34.09348,0.9522979,-0.007478883,-0.195904,-36.70495,-35.82631,19.55041
19.49348259,-98.3012900000002,-7.77096299999999,34.33736,0.9314068,-0.06363987,-0.2341392,-36.70495,-35.82631,19.55041
19.503480435,-87.7175800000001,-4.981401,34.21542,0.9500389,-0.09590004,-0.2418206,-36.70495,-35.82631,19.55041
19.513478279,-70.7344099999999,-0.1145072,33.23989,0.973641,-0.1326758,-0.2227092,-36.70495,-35.82631,19.55041
19.523476124,-49.87464,5.167854,31.04494,0.9728215,-0.08890897,-0.2174548,-36.70495,-35.82631,19.55041
19.533474445,-30.49167,9.50057699999998,28.48417,0.966583,-0.0161059,-0.213634,-37.42761,-36.55322,16.71055
19.54347229,-20.40022,13.53654,25.9234,0.9868159,0.07422373,-0.2103425,-37.42761,-36.55322,16.71055
19.553470135,-18.18502,15.96998,23.30166,1.000731,0.1112811,-0.2266479,-37.42761,-36.55322,16.71055
19.563468933,-17.26202,16.4448,21.10671,1.00041,0.1282388,-0.2314375,-37.42761,-36.55322,16.71055
19.573466778,-15.90829,15.13905,17.81429,0.9883197,0.1486542,-0.2577433,-37.42761,-36.55322,16.71055
19.583465099,-12.33936,11.93402,12.93663,0.9478223,0.2032032,-0.2629511,-38.54845,-36.5682,15.9282
19.593462944,-10.06263,9.02575799999998,6.96149300000002,0.9550785,0.2576887,-0.2720707,-38.54845,-36.5682,15.9282
19.603460789,-13.20083,7.83871000000002,1.230241,0.9166042,0.3084383,-0.2720167,-38.54845,-36.5682,15.9282
19.613458634,-16.40056,5.464615,-3.647419,0.8959364,0.3969266,-0.2753535,-38.54845,-36.5682,15.9282
19.623456955,-19.16955,4.514977,-9.01284600000001,0.8670833,0.4541134,-0.2829752,-38.54845,-36.5682,15.9282
19.6334548,-21.50782,5.523968,-13.40274,0.8577152,0.4860619,-0.276267,-38.56536,-35.50087,14.69695
19.643452644,-23.16921,5.227206,-15.59769,0.8790463,0.3853573,-0.3877865,-38.56536,-35.50087,14.69695
19.653450966,-23.72301,3.980806,-12.2443,0.91699,0.05115286,-0.403081,-38.56536,-35.50087,14.69695
19.66344881,-12.9547,5.523968,-7.61051899999998,0.9774057,-0.154668,-0.3504899,-38.56536,-35.50087,14.69695
19.673446655,8.76653499999999,6.948425,-3.70839,1.006755,-0.1859279,-0.3251685,-38.56536,-35.50087,14.69695
19.6834445,21.25778,8.78834800000002,-1.757326,1.026195,0.02592947,-0.2625635,-38.54767,-36.2654,14.24951
19.693442821,11.04326,6.53295800000002,-1.452472,1.029752,0.1480237,-0.2568582,-38.54767,-36.2654,14.24951
19.703440666,-13.75463,3.56534,-1.086647,1.031151,0.1522986,-0.2176186,-38.54767,-36.2654,14.24951
19.713438511,-33.81446,1.250597,-1.208589,1.047533,0.08395096,-0.2343796,-38.54767,-36.2654,14.24951
19.723436832,-38.49099,0.3603118,-0.7817937,1.058165,-0.04130841,-0.2448946,-38.54767,-36.2654,14.24951
19.733435154,-28.95334,1.369302,-1.391501,1.042473,-0.1405234,-0.2730777,-38.92689,-35.89439,13.47069
19.743433475,-10.12417,2.437645,-3.220624,1.021297,-0.1296213,-0.3103725,-38.92689,-35.89439,13.47069
19.75343132,6.24367199999998,3.743397,-4.622952,0.9961564,-0.03629618,-0.3065241,-38.92689,-35.89439,13.47069
19.763429165,13.44306,4.871092,-5.3546,0.9712149,0.07271897,-0.2878442,-38.92689,-35.89439,13.47069
19.77342701,9.99719900000002,4.811739,-4.927805,0.9598089,0.1095436,-0.2749123,-38.92689,-35.89439,13.47069
19.783425331,3.16701,4.277568,-3.769361,0.9653503,0.0999562,-0.2725266,-38.15343,-36.96971,13.095
19.793423176,-1.694115,4.158864,-2.610917,0.9781586,0.04106913,-0.2567407,-38.15343,-36.96971,13.095
19.80342102,-2.124848,4.514977,-2.001209,0.9847899,-0.0005469641,-0.2519558,-38.15343,-36.96971,13.095
19.813419342,0.02881546,4.693035,-1.696355,0.978072,-0.005985568,-0.2476355,-38.15343,-36.96971,13.095
19.823417187,1.690213,4.455625,-1.452472,0.9772392,0.01249446,-0.2442888,-38.15343,-36.96971,13.095
19.833415031,1.382547,3.921454,-1.330531,0.9822783,0.03038181,-0.2122376,-38.15343,-36.96971,13.095
19.843412876,-0.03271778,3.209226,-1.26956,0.9898654,0.04180925,-0.2012465,-38.15343,-36.96971,13.095
19.853411198,-1.201849,1.784769,-0.7817937,0.9903752,0.04098341,-0.1864114,-38.15343,-36.96971,13.095
19.863409042,-2.986313,0.3009594,-0.598881400000002,0.9981388,0.04328234,-0.164411,-38.15343,-36.96971,13.095
19.873406887,-4.955376,-1.064145,-0.4769399,0.9921522,0.02466758,-0.1677458,-38.52986,-36.96925,13.47922
19.883405209,-4.709243,-3.022773,-0.2330568,0.9865617,0.01093322,-0.1696468,-38.52986,-36.96925,13.47922
19.893403053,-5.816842,-5.278163,-0.720822899999998,0.972769,0.01896559,-0.1648391,-38.52986,-36.96925,13.47922
19.903401852,-7.232106,-7.65225799999999,-1.147618,0.9668187,-0.001596613,-0.168652,-38.52986,-36.96925,13.47922
19.913399696,-6.49370699999998,-9.373476,-1.574414,0.9662912,-0.02542694,-0.1696021,-38.52986,-36.96925,13.47922
19.923397541,-5.01691,-11.56951,-1.940238,0.9545883,-0.0252731,-0.180589,-38.15343,-36.96971,13.095
19.933395386,-3.663178,-13.17203,-2.91577,0.9593801,-0.04712914,-0.1896847,-38.15343,-36.96971,13.095
19.943393707,0.2749484,-14.06231,-3.70839,0.968615,-0.07245252,-0.2155373,-38.15343,-36.96971,13.095
19.953391552,6.24367199999998,-14.18102,-4.440039,0.9635803,-0.06455855,-0.2447237,-38.15343,-36.96971,13.095
19.963389397,9.68953300000002,-14.47778,-5.3546,0.9514562,-0.04210358,-0.2605014,-38.15343,-36.96971,13.095
19.973387718,11.6586,-14.59649,-6.14722099999998,0.9478987,-0.008810586,-0.2786897,-38.54428,-36.27193,13.4755
19.983385563,11.78166,-14.41843,-6.26916200000001,0.9558601,0.008350275,-0.2791865,-38.54428,-36.27193,13.4755
19.993383408,11.6586,-14.12167,-6.39110400000002,0.9625501,0.015233,-0.2849429,-38.54428,-36.27193,13.4755
20.003381252,11.96626,-13.64685,-6.20819099999998,0.9788288,0.03061003,-0.2859324,-38.54428,-36.27193,13.4755
20.013379574,12.27393,-12.5785,-6.02527899999998,0.9878697,0.04183372,-0.3003083,-38.54428,-36.27193,13.4755
20.023377419,12.58159,-11.80692,-5.415571,0.9890722,0.05535856,-0.3117997,-38.53325,-36.96272,14.25322
20.033375263,11.474,-10.85729,-4.805864,0.9807739,0.08183367,-0.3213636,-38.53325,-36.96272,14.25322
20.043373585,9.13573400000002,-10.14506,-4.440039,0.9732696,0.09247262,-0.3108246,-38.53325,-36.96272,14.25322
20.053371429,7.22820399999999,-9.43282899999999,-4.135185,0.9803743,0.07762337,-0.3026973,-38.53325,-36.96272,14.25322
20.063370228,6.612871,-8.72059999999997,-3.403537,0.978816,0.05662692,-0.3103464,-38.53325,-36.96272,14.25322
20.073368073,6.48980500000002,-7.77096299999999,-3.098683,0.9776103,0.04300112,-0.3098623,-37.77171,-37.71072,15.10135
20.083365917,6.18213799999999,-7.236791,-2.91577,0.9716457,0.04917858,-0.3122463,-37.77171,-37.71072,15.10135
20.093363762,4.766874,-6.88067700000001,-2.793829,0.9590826,0.04362888,-0.3074372,-37.77171,-37.71072,15.10135
20.103362083,4.213075,-6.58391499999997,-2.610917,0.9559025,0.03146576,-0.3021642,-37.77171,-37.71072,15.10135
20.113359928,3.53621,-6.52456300000001,-2.732858,0.9613734,0.02584344,-0.2911651,-37.77171,-37.71072,15.10135
20.123357773,2.797811,-6.405858,-2.245092,0.9636361,0.03513858,-0.2892571,-37.40652,-37.32428,15.4891
20.133356094,1.44408,-6.34650599999999,-2.123151,0.9528583,0.0384018,-0.2811034,-37.40652,-37.32428,15.4891
20.143353939,-0.03271778,-6.64326800000002,-2.001209,0.9655955,0.03474837,-0.2830389,-37.40652,-37.32428,15.4891
20.153351784,-0.4019172,-6.58391499999997,-1.940238,0.9713174,0.01538428,-0.2873511,-37.40652,-37.32428,15.4891
20.163349628,-0.4019172,-6.52456300000001,-1.757326,0.9663056,0.02245156,-0.3007443,-37.40652,-37.32428,15.4891
20.17334795,-1.017249,-6.287153,-1.757326,0.9564349,0.0290378,-0.3031217,-37.41805,-36.93684,16.32557
20.183345795,-2.186381,-5.931039,-1.574414,0.9557726,0.03820058,-0.3093444,-37.41805,-36.93684,16.32557
20.193343639,-2.678647,-5.45622,-1.696355,0.9572664,0.03615912,-0.3232251,-37.41805,-36.93684,16.32557
20.203341961,-2.55558,-4.684639,-1.696355,0.9602053,0.03518389,-0.3299301,-37.41805,-36.93684,16.32557
20.213339806,-2.186381,-3.972411,-1.818297,0.9550705,0.04920107,-0.3270533,-37.41805,-36.93684,16.32557
20.22333765,-3.417045,-3.319535,-1.513443,0.9651179,0.05913595,-0.325159,-37.03545,-37.31439,16.33038
20.233336449,-3.478579,-2.488602,-0.964705900000002,0.9741321,0.04618923,-0.32565,-37.03545,-37.31439,16.33038
20.243334293,-3.293979,-1.479612,-0.5379106,0.9664917,0.03772464,-0.3313774,-37.03545,-37.31439,16.33038
20.253332138,-3.540112,-0.767383199999997,-0.720822899999998,0.9562085,0.04046344,-0.3284887,-37.03545,-37.31439,16.33038
20.26333046,-2.678647,-0.2332119,-0.659852100000001,0.9578751,0.02994602,-0.3131745,-37.03545,-37.31439,16.33038
20.273328304,-2.247914,0.1229023,-0.5379106,0.9656532,0.03115492,-0.3040954,-37.41019,-37.3172,16.3276
20.283326149,-1.694115,0.2416071,-0.5379106,0.9684096,0.01424967,-0.2988315,-37.41019,-37.3172,16.3276
20.293324471,-0.586516899999998,0.3603118,-0.4769399,0.9557995,0.0110805,-0.2992873,-37.41019,-37.3172,16.3276
20.303322315,-0.6480501,0.1229023,-0.659852100000001,0.9522738,0.01741142,-0.2901899,-37.41019,-37.3172,16.3276
20.31332016,-1.017249,0.1822547,-0.659852100000001,0.9712254,0.02021995,-0.2897451,-37.41019,-37.3172,16.3276
20.323318005,-0.4019172,0.004197581,-0.659852100000001,0.9712419,0.01919136,-0.2959663,-37.40233,-37.69756,16.32963
20.333316326,-0.5249836,-0.1145072,-0.5379106,0.9663581,0.04588307,-0.2892646,-37.40233,-37.69756,16.32963
20.343314171,-2.186381,-0.2925643,-0.659852100000001,0.9677831,0.04785937,-0.288789,-37.40233,-37.69756,16.32963
20.353312016,-1.817181,-0.4706214,-0.8427644,0.9672197,0.02598965,-0.2878252,-37.40233,-37.69756,16.32963
20.363310337,-1.017249,-0.05515479,-0.7817937,0.9688432,0.01720898,-0.2950045,-37.40233,-37.69756,16.32963
20.373308182,-0.5249836,0.004197581,-0.7817937,0.9726002,0.02448021,-0.3050629,-37.03545,-37.31439,16.33038
20.383306027,-1.078783,0.1822547,-0.5379106,0.9690696,0.03065752,-0.3127156,-37.03545,-37.31439,16.33038
20.393304825,-2.063314,0.4196641,-0.4769399,0.9567114,0.0401936,-0.3059965,-37.03545,-37.31439,16.33038
20.40330267,-2.678647,0.5383689,-0.4159691,0.9612586,0.03150578,-0.3093522,-37.03545,-37.31439,16.33038
20.413300514,-2.309447,0.953835399999999,-0.2330568,0.9623851,0.02317931,-0.3189235,-37.03545,-37.31439,16.33038
20.423298836,-1.386449,1.666064,-0.05014454,0.9657686,0.02473907,-0.3151012,-37.40849,-37.32047,15.9406
20.433296681,-0.4634504,2.200235,0.01082622,0.9581333,0.04207334,-0.3160495,-37.40849,-37.32047,15.9406
20.443294525,-1.140316,2.378292,0.0717969800000001,0.9632547,0.05482655,-0.3141474,-37.40849,-37.32047,15.9406
20.453292847,-1.263382,3.031168,0.01082622,0.9699648,0.03514518,-0.3021896,-37.40849,-37.32047,15.9406
20.463290691,-0.2788507,3.149873,0.1937385,0.9675758,0.03269898,-0.2988348,-36.65704,-37.31866,15.49466
20.473288536,0.1518819,3.387283,0.31568,0.9641187,0.03500336,-0.3050509,-36.65704,-37.31866,15.49466
20.483286381,0.4595481,3.387283,0.31568,0.9588273,0.03158934,-0.2949907,-36.65704,-37.31866,15.49466
20.493284702,0.2134152,3.209226,0.1327677,0.95723,0.03887761,-0.2916397,-36.65704,-37.31866,15.49466
20.503282547,-0.1557842,3.090521,0.1327677,0.9623772,0.02447563,-0.2835092,-36.65704,-37.31866,15.49466
20.513280392,-0.2173175,2.675054,0.1327677,0.9625176,0.01729894,-0.2715432,-37.40652,-37.32428,15.4891
20.523278713,0.2749484,2.140883,-0.1111153,0.9660065,0.01289789,-0.2820768,-37.40652,-37.32428,15.4891
20.533277035,0.951813900000003,2.022178,0.0717969800000001,0.9610076,0.01960231,-0.2820699,-37.40652,-37.32428,15.4891
20.543275356,1.013347,1.666064,-0.1111153,0.968197,0.02610546,-0.2772983,-37.40652,-37.32428,15.4891
20.553273201,0.890280700000001,1.547359,-0.05014454,0.962844,0.02539094,-0.2906889,-37.40652,-37.32428,15.4891
20.563271046,0.890280700000001,1.547359,-0.1111153,0.955446,0.03009981,-0.2911558,-37.40652,-37.32428,15.4891
20.573268891,0.2749484,1.131893,-0.1720861,0.9601623,0.03846277,-0.290209,-37.40652,-37.32428,15.4891
20.583267212,0.2749484,0.953835399999999,-0.1720861,0.9588486,0.03071438,-0.2844619,-37.40652,-37.32428,15.4891
20.593265057,0.951813900000003,0.657073599999999,-0.05014454,0.9648139,0.02455886,-0.2796849,-37.40652,-37.32428,15.4891
20.603262901,1.44408,0.5383689,0.01082622,0.9710919,0.02761171,-0.2782609,-37.40652,-37.32428,15.4891
20.613261223,2.120945,0.657073599999999,-0.1720861,0.9715108,0.0308812,-0.2935769,-37.40063,-37.70082,15.94263
20.623259067,2.551678,0.4790165,0.0717969800000001,0.9637542,0.02880612,-0.29117,-37.40063,-37.70082,15.94263
20.633256912,1.813279,0.657073599999999,-0.05014454,0.9650144,0.03950858,-0.2926106,-37.40063,-37.70082,15.94263
20.643254757,1.44408,0.4196641,0.01082622,0.9674235,0.0410447,-0.2892652,-37.40063,-37.70082,15.94263
20.653253078,1.505613,0.597721199999998,-0.1111153,0.974112,0.0222339,-0.2883149,-37.40063,-37.70082,15.94263
20.663250923,2.920877,0.597721199999998,-0.1720861,0.9649543,0.01661111,-0.2988261,-37.02759,-37.69474,16.33241
20.673248768,3.720809,0.894483100000001,-0.2940276,0.9636524,0.03410561,-0.2959569,-37.02759,-37.69474,16.33241
20.683247089,3.35161,1.013188,-0.2330568,0.9594263,0.05148969,-0.2988255,-37.02759,-37.69474,16.33241
20.693245411,2.367078,0.716426,-0.2940276,0.9611819,0.03604881,-0.2906888,-37.02759,-37.69474,16.33241
20.703243732,2.736278,0.657073599999999,-0.2940276,0.9619235,0.0224264,-0.2940366,-37.02759,-37.69474,16.33241
20.713241577,3.35161,0.8351307,-0.5379106,0.9663527,0.02007104,-0.2954794,-37.79449,-36.93639,16.7098
20.723239422,4.213075,1.07254,-0.5379106,0.9727036,0.0192334,-0.2945331,-37.79449,-36.93639,16.7098
20.733237266,4.151542,1.191245,-0.720822899999998,0.965233,0.02784153,-0.2935652,-37.79449,-36.93639,16.7098
20.743235588,3.720809,1.250597,-0.7817937,0.9656841,0.02980737,-0.2921307,-37.79449,-36.93639,16.7098
20.753233433,3.043944,1.250597,-0.903735200000002,0.9661915,0.0289113,-0.2849528,-37.79449,-36.93639,16.7098
20.763231277,3.105477,1.250597,-1.086647,0.9663006,0.023069,-0.2863871,-37.03545,-37.31439,16.33038
20.773229599,3.597743,1.369302,-1.025677,0.9691677,0.02601498,-0.2892644,-37.03545,-37.31439,16.33038
20.783227444,3.16701,1.131893,-1.147618,0.9665951,0.0332445,-0.2902189,-37.03545,-37.31439,16.33038
20.793225288,2.859344,1.250597,-1.147618,0.9655645,0.03609154,-0.2954822,-37.03545,-37.31439,16.33038
20.803223133,2.059412,1.191245,-1.208589,0.9636806,0.03267466,-0.2930851,-37.03545,-37.31439,16.33038
20.813221455,1.321013,1.547359,-1.086647,0.9642128,0.03023792,-0.2949997,-37.41636,-36.94011,15.93857
20.823219299,0.8287475,1.369302,-1.330531,0.9602524,0.03357004,-0.2940366,-37.41636,-36.94011,15.93857
20.833218098,0.705681,1.428654,-1.452472,0.9610067,0.01957598,-0.2849413,-37.41636,-36.94011,15.93857
20.843215942,1.505613,1.606712,-1.574414,0.9633946,0.02199145,-0.2916462,-37.41636,-36.94011,15.93857
20.853213787,1.44408,1.606712,-1.635384,0.9701343,0.02656388,-0.2844805,-37.41636,-36.94011,15.93857
20.863212109,1.321013,1.725416,-1.696355,0.9715673,0.0280237,-0.2873548,-37.01972,-38.0751,16.33444
20.873209953,1.690213,1.666064,-1.940238,0.9638907,0.02151093,-0.2921255,-37.01972,-38.0751,16.33444
20.883207798,1.936346,1.666064,-2.123151,0.9582021,0.01318578,-0.2868491,-37.01972,-38.0751,16.33444
20.893205643,2.797811,1.369302,-2.367033,0.9607028,0.009873072,-0.2825454,-37.01972,-38.0751,16.33444
20.903203964,3.35161,1.250597,-2.610917,0.9635276,0.01535319,-0.2739373,-37.01972,-38.0751,16.33444
20.913201809,3.659276,0.953835399999999,-2.732858,0.9711362,0.02513901,-0.2830461,-37.04501,-36.93076,16.71536
20.923199654,3.720809,0.775778400000001,-2.793829,0.9666527,0.0304221,-0.2801682,-37.04501,-36.93076,16.71536
20.933197975,3.290077,0.657073599999999,-2.8548,0.9664952,0.03860543,-0.2883058,-37.04501,-36.93076,16.71536
20.94319582,2.367078,0.894483100000001,-2.610917,0.9606676,0.03750087,-0.2902097,-37.04501,-36.93076,16.71536
20.953193665,1.751746,0.775778400000001,-2.610917,0.9678997,0.04148303,-0.2954876,-37.04501,-36.93076,16.71536
20.963191509,0.890280700000001,0.8351307,-2.549946,0.9672132,0.05219966,-0.291182,-37.02759,-37.69474,16.33241
20.973189831,-0.03271778,1.013188,-2.610917,0.9713665,0.03870606,-0.2878357,-37.02759,-37.69474,16.33241
20.983188152,0.0903486900000002,1.191245,-2.671887,0.9735596,0.02557633,-0.2935791,-37.02759,-37.69474,16.33241
20.993186474,1.013347,1.725416,-2.428004,0.9779047,0.02753576,-0.3012444,-37.02759,-37.69474,16.33241
21.003184319,0.4595481,2.259588,-2.245092,0.971756,0.04337578,-0.3093736,-37.03545,-37.31439,16.33038
21.013182163,-1.878715,2.675054,-2.001209,0.9755186,0.0508182,-0.3007676,-37.03545,-37.31439,16.33038
21.023180485,-3.478579,3.031168,-1.696355,0.9696379,0.05268087,-0.2969293,-37.03545,-37.31439,16.33038
21.033178329,-4.64771,3.268578,-1.818297,0.9683695,0.0424949,-0.2921387,-37.03545,-37.31439,16.33038
21.043176174,-4.278511,3.268578,-1.940238,0.9758632,0.03306448,-0.2768349,-37.03545,-37.31439,16.33038
21.053174019,-3.109379,3.387283,-1.757326,0.9808273,0.02836456,-0.2701423,-37.04031,-37.00069,15.94169
21.06317234,-2.678647,3.090521,-1.513443,0.9713528,0.03981803,-0.2725216,-37.04031,-37.00069,15.94169
21.073170185,-2.986313,2.853111,-1.452472,0.9735399,0.05292026,-0.2792288,-37.04031,-37.00069,15.94169
21.08316803,-4.586177,2.675054,-1.635384,0.9609227,0.05030268,-0.2725061,-37.04031,-37.00069,15.94169
21.093166351,-5.078443,2.378292,-1.818297,0.9645323,0.03965696,-0.2753811,-37.04031,-37.00069,15.94169
21.103164196,-5.201509,2.022178,-1.696355,0.9637589,0.02895536,-0.2748984,-37.03375,-37.31766,15.94338
21.113162041,-6.18604100000003,1.369302,-1.940238,0.9730535,0.02728734,-0.2648641,-37.03375,-37.31766,15.94338
21.123160839,-6.678307,0.716426,-2.184121,0.9793811,0.02803427,-0.2500395,-37.03375,-37.31766,15.94338
21.133158684,-7.60130500000002,-0.2332119,-2.8548,0.9813828,0.02588537,-0.2237207,-37.03375,-37.31766,15.94338
21.143156529,-6.862906,-1.004793,-3.342566,0.9870257,0.01021863,-0.2486125,-37.03375,-37.31766,15.94338
21.15315485,-5.01691,-1.835726,-3.281595,0.9766842,0.01575788,-0.2581674,-37.39866,-37.70464,15.49113
21.163152695,-6.370641,-2.607306,-3.525478,0.9700568,0.05749687,-0.2495522,-37.39866,-37.70464,15.49113
21.173150539,-8.58583600000001,-3.735002,-3.891303,0.9734499,0.05858843,-0.2438155,-37.39866,-37.70464,15.49113
21.183148861,-9.13963599999997,-4.743992,-4.196156,0.9855431,0.03748102,-0.2400025,-37.39866,-37.70464,15.49113
21.193146706,-8.64737,-5.931039,-4.622952,0.9865107,0.03806503,-0.23139,-37.39866,-37.70464,15.49113
21.20314455,-7.17057299999998,-7.59290600000003,-4.805864,0.9959046,0.03102292,-0.2247045,-37.01606,-38.08218,15.49594
21.213142395,-7.17057299999998,-8.66124800000001,-4.988776,0.9872667,0.02412364,-0.2165519,-37.01606,-38.08218,15.49594
21.223140717,-2.863246,-9.01736299999997,-5.659454,0.9761419,-0.007766643,-0.2787392,-37.01606,-38.08218,15.49594
21.233138561,2.490145,-8.245782,-5.171688,0.9737993,0.01225448,-0.3160692,-37.01606,-38.08218,15.49594
21.243136406,0.951813900000003,-7.41484800000003,-4.988776,0.9687727,0.09810542,-0.3227826,-37.01606,-38.08218,15.49594
21.253134728,-3.847778,-7.17743899999998,-4.927805,0.9573227,0.1109952,-0.3232445,-37.01606,-38.08218,15.49594
21.263133049,-7.84743800000001,-6.94003,-4.561981,0.966078,0.08589925,-0.3232533,-37.01606,-38.08218,15.49594
21.273131371,-9.81650199999998,-6.287153,-4.318098,0.9639903,0.06742731,-0.3194163,-37.01606,-38.08218,15.49594
21.283129215,-10.24723,-6.16844799999999,-4.257127,0.9592248,0.06215449,-0.3012207,-37.01606,-38.08218,15.49594
21.29312706,-9.57036899999999,-6.70261999999998,-4.440039,0.9531273,0.05009603,-0.2782353,-37.01606,-38.08218,15.49594
21.303124905,-8.093571,-7.35549600000001,-4.866835,0.9596384,0.04115846,-0.2600585,-35.88396,-38.4541,15.50631
21.313123226,-6.06297400000002,-8.245782,-5.110718,0.9797249,0.03589947,-0.2409491,-35.88396,-38.4541,15.50631
21.323121071,-4.401577,-9.13606700000001,-5.476542,0.9807156,0.03489453,-0.2466935,-35.88396,-38.4541,15.50631
21.333118916,-2.186381,-9.49218100000001,-5.537513,0.9903366,0.0413185,-0.2558049,-35.88396,-38.4541,15.50631
21.343117237,-1.632582,-9.848295,-5.598484,0.9903198,0.06797916,-0.2629904,-35.88396,-38.4541,15.50631
21.353115082,-3.663178,-10.32311,-5.232659,1.001029,0.09439651,-0.2668445,-36.24496,-39.21381,15.95908
21.363112927,-5.75530800000001,-10.97599,-5.29363,0.9957899,0.08797575,-0.2668337,-36.24496,-39.21381,15.95908
21.373110771,-6.001441,-11.62887,-5.78139599999999,0.9823762,0.07547446,-0.2763786,-36.24496,-39.21381,15.95908
21.383109093,-6.370641,-12.5785,-6.20819099999998,0.983676,0.08433483,-0.2668116,-36.24496,-39.21381,15.95908
21.393106937,-6.24757399999999,-13.46879,-6.26916200000001,0.9793676,0.08044112,-0.2581887,-36.24496,-39.21381,15.95908
21.403105736,-7.90897099999997,-14.9526,-6.45207400000002,0.9902663,0.09734952,-0.2395476,-35.88594,-38.45029,15.95781
21.413103581,-9.01656900000002,-16.31771,-6.513045,0.9873011,0.07340086,-0.2481506,-35.88594,-38.45029,15.95781
21.423101425,-8.46277000000003,-17.62346,-6.45207400000002,0.99837,0.05456255,-0.2596509,-35.88594,-38.45029,15.95781
21.433099747,-7.66283799999999,-18.27633,-7.12275300000002,1.017339,0.05636005,-0.2635131,-35.88594,-38.45029,15.95781
21.443097592,-7.35517199999998,-19.76014,-7.42760699999997,1.023418,0.04373601,-0.2754848,-35.88594,-38.45029,15.95781
21.453095436,-7.41670600000002,-22.90582,-6.87886999999998,1.036861,0.05484585,-0.258761,-35.87977,-38.82737,16.34684
21.463093281,-7.60130500000002,-26.34826,-5.78139599999999,1.071696,0.09537347,-0.2066673,-35.87977,-38.82737,16.34684
21.473091602,-10.5549,-29.9094,-5.720425,1.039272,0.1100471,-0.1793357,-35.87977,-38.82737,16.34684
21.483089447,-13.81616,-33.41119,-5.171688,1.049041,0.08312826,-0.1683386,-35.87977,-38.82737,16.34684
21.493087292,-14.12383,-36.91298,-4.440039,1.056867,0.02912841,-0.1917886,-35.87977,-38.82737,16.34684
21.503085613,-12.4009,-39.10901,-3.70839,1.080083,-0.01375382,-0.2018681,-35.5087,-38.81748,17.18812
21.513083458,-8.46277000000003,-41.30505,-2.8548,1.066251,-0.03028249,-0.2257685,-35.5087,-38.81748,17.18812
21.523081303,-4.893843,-42.84821,-1.086647,1.051457,-0.0215612,-0.2496738,-35.5087,-38.81748,17.18812
21.533080101,-2.863246,-45.87518,0.1937385,1.047643,-0.000334074,-0.258287,-35.5087,-38.81748,17.18812
21.543077946,-1.940248,-47.24029,0.803446099999999,1.041817,0.0242505,-0.2673761,-35.5087,-38.81748,17.18812
21.553075791,-3.170913,-43.8572,3.059364,1.038289,0.03359542,-0.1415068,-34.75054,-39.55894,18.81025
21.563074112,-3.478579,-34.24212,5.437224,1.04193,0.1000756,-0.1065942,-34.75054,-39.55894,18.81025
21.573071957,-2.001781,-24.38963,8.24187900000002,1.026417,0.09517194,-0.1309733,-34.75054,-39.55894,18.81025
21.583069801,-1.755648,-12.04433,9.88808900000002,1.060001,0.1773308,-0.04060214,-34.75054,-39.55894,18.81025
21.593068123,-7.90897099999997,3.921454,11.47333,1.097708,0.1960751,0.06748549,-34.02045,-38.78552,19.65026
21.603065968,-10.98563,20.42141,13.30245,1.065319,0.1310725,0.09675183,-34.02045,-38.78552,19.65026
21.613063812,-8.46277000000003,36.98072,14.58284,1.053104,0.1070814,0.1034794,-34.02045,-38.78552,19.65026
21.623061657,-7.84743800000001,53.48068,15.19255,1.085866,0.1529476,0.1062819,-34.02045,-38.78552,19.65026
21.633059978,-11.35483,68.5561800000002,14.76575,1.118914,0.1830675,0.0870735,-34.02045,-38.78552,19.65026
21.643057823,-17.93889,81.7324100000001,15.19255,1.133924,0.1882322,0.08800315,-34.76009,-39.17532,19.19522
21.653055668,-25.81514,93.5435299999999,15.80225,1.173366,0.1901369,0.1046841,-34.76009,-39.17532,19.19522
21.663053989,-32.52227,104.9392,15.68031,1.199538,0.1980879,0.1204294,-34.76009,-39.17532,19.19522
21.673052311,-36.95266,115.0884,15.00963,1.185714,0.1810427,0.09317905,-34.76009,-39.17532,19.19522
21.683050156,-38.18332,124.11,14.39993,1.179371,0.1541633,0.03720363,-34.76009,-39.17532,19.19522
21.693048477,-38.73712,132.8348,14.33895,1.205742,0.1506345,0.01945125,-36.26407,-38.44656,16.72903
21.703046322,-37.62952,140.5506,14.70478,1.233607,0.1450335,-0.01553193,-36.26407,-38.44656,16.72903
21.713044166,-35.90659,147.1981,15.0706,1.237103,0.1401028,-0.03085119,-36.26407,-38.44656,16.72903
21.723042488,-33.62986,150.7592,16.41196,1.238349,0.1511374,-0.0490421,-36.26407,-38.44656,16.72903
21.733040333,-35.72199,153.074,18.11914,1.24239,0.1697839,-0.03804669,-36.26407,-38.44656,16.72903
21.743038177,-38.06026,153.7268,19.88729,1.259431,0.1706372,-0.03472659,-38.87566,-38.12349,12.25702
21.753036499,-40.89079,153.7268,20.80186,1.238946,0.1453267,-0.04808449,-38.87566,-38.12349,12.25702
21.763034344,-39.84472,152.3024,22.50904,1.21017,0.1202681,-0.06908521,-38.87566,-38.12349,12.25702
21.773032188,-42.55218,150.8779,24.03331,1.179946,0.1204937,-0.08530416,-38.87566,-38.12349,12.25702
21.783030033,-44.70584,148.4445,25.86243,1.18665,0.1006104,-0.09536084,-38.87566,-38.12349,12.25702
21.793028831,-47.10564,147.3168,27.50864,1.159312,0.1036035,-0.08095666,-42.228,-37.82292,5.779932
21.803026676,-51.6591,144.8833,29.21582,1.146682,0.1277826,-0.0665836,-42.228,-37.82292,5.779932
21.813024998,-58.7354200000001,140.61,30.19135,1.130225,0.1214771,-0.08282487,-42.228,-37.82292,5.779932
21.823022842,-64.8272099999998,135.2089,31.16688,1.111563,0.103032,-0.09331626,-42.228,-37.82292,5.779932
21.833020687,-71.0420700000001,129.0363,31.89853,1.093038,0.07733124,-0.100456,-42.228,-37.82292,5.779932
21.843018532,-73.0111300000002,121.7953,32.26436,1.066541,0.03490711,-0.1123633,-44.8371,-37.20032,-0.757781
21.853016853,-71.1651400000002,114.3762,31.95951,1.032275,-0.009220466,-0.1343067,-44.8371,-37.20032,-0.757781
21.863014698,-64.3964800000001,108.2629,30.98397,0.9943084,-0.03781838,-0.1505047,-44.8371,-37.20032,-0.757781
21.873012543,-56.52023,103.0399,29.52067,0.9667504,-0.02320653,-0.1404103,-44.8371,-37.20032,-0.757781
21.883010864,-52.08983,97.87625,28.05737,0.9662948,0.001870147,-0.1073942,-44.8371,-37.20032,-0.757781
21.893008709,-49.8131,91.1100800000003,26.77699,0.9450899,0.01493913,-0.1202822,-46.31544,-36.88624,-7.285463
21.903006554,-46.30571,84.34391,25.06981,0.898022,-0.02138118,-0.1110978,-46.31544,-36.88624,-7.285463
21.913004398,-40.82925,76.6874500000003,23.11874,0.8892139,-0.04537073,-0.1115549,-46.31544,-36.88624,-7.285463
21.92300272,-32.15306,68.7342400000002,20.497,0.8737826,-0.05390591,-0.1081758,-46.31544,-36.88624,-7.285463
21.933001041,-24.03068,59.7126800000001,17.87526,0.8347824,-0.05334582,-0.1219866,-46.31544,-36.88624,-7.285463
21.942999363,-16.33902,51.81882,15.0706,0.8139991,-0.0625648,-0.1286481,-46.74568,-33.13017,-12.59755
21.952997208,-7.724371,45.82423,12.44886,0.834387,-0.05819989,-0.120549,-46.74568,-33.13017,-12.59755
21.962995052,-1.571049,40.60122,10.071,0.7910445,-0.03387058,-0.1295726,-46.74568,-33.13017,-12.59755
21.972993374,2.305545,36.3872,8.79061600000001,0.7663504,-0.04205457,-0.1209131,-46.74568,-33.13017,-12.59755
21.982991219,6.12060500000003,32.82606,7.44925899999998,0.7962321,-0.02367642,-0.08890532,-46.74568,-33.13017,-12.59755
21.992989063,7.41280299999999,29.14621,6.22984400000002,0.7745626,0.0149594,-0.06829871,-47.89681,-31.2608,-15.45404
22.002986908,5.382206,22.97356,5.559165,0.719241,0.001883604,-0.103135,-47.89681,-31.2608,-15.45404
22.012985229,2.551678,16.86027,5.437224,0.747822,-0.01503684,-0.1022233,-47.89681,-31.2608,-15.45404
22.022983074,1.628679,12.64625,5.010429,0.7740449,0.01553505,-0.1104127,-47.89681,-31.2608,-15.45404
22.032980919,-1.140316,8.66964300000001,5.13237,0.7267045,0.04511317,-0.121345,-47.89681,-31.2608,-15.45404
22.04297924,-6.55523999999999,4.277568,6.16887299999999,0.7118722,0.004421188,-0.1284873,-47.52457,-30.88798,-16.6788
22.052977562,-6.001441,0.3603118,6.53469799999998,0.712798,-0.09810831,-0.1830202,-47.52457,-30.88798,-16.6788
22.062975883,-0.0942510000000003,-1.776374,6.53469799999998,0.7222298,-0.08063327,-0.1524123,-47.52457,-30.88798,-16.6788
22.072973728,-1.571049,-4.387877,5.559165,0.7652888,0.01495945,-0.1013043,-47.52457,-30.88798,-16.6788
22.082971573,-6.678307,-8.12707699999999,5.681107,0.7522505,0.008231092,-0.11803,-47.52457,-30.88798,-16.6788
22.092969418,-11.04717,-11.68822,5.92499000000001,0.735,-0.007094958,-0.1093816,-47.53663,-30.13435,-17.52136
22.102967739,-13.93923,-15.90224,6.16887299999999,0.7081661,-0.005883126,-0.1313497,-47.53663,-30.13435,-17.52136
22.112965584,-15.66216,-20.94719,7.26634699999998,0.6752092,-0.04162733,-0.1427688,-47.53663,-30.13435,-17.52136
22.122963429,-16.21596,-25.75473,6.83955100000002,0.7263967,-0.04241064,-0.1265863,-47.53663,-30.13435,-17.52136
22.13296175,-16.09289,-29.73134,5.620136,0.7381282,-0.01834579,-0.12422,-48.64711,-30.89968,-17.07414
22.142959595,-16.09289,-34.53888,4.583633,0.7305647,-0.03134463,-0.1476537,-48.64711,-30.89968,-17.07414
22.152957439,-14.67763,-38.33743,3.851984,0.7185546,-0.04099904,-0.1677305,-48.64711,-30.89968,-17.07414
22.162955284,-13.8777,-42.55145,2.571598,0.7383728,-0.03228507,-0.1610672,-48.64711,-30.89968,-17.07414
22.172954083,-12.2163,-47.41834,1.657037,0.7835795,-0.05227425,-0.1597051,-48.64711,-30.89968,-17.07414
22.182951927,-8.33970399999999,-51.03884,-0.1720861,0.7976278,-0.04748725,-0.144895,-49.04462,-30.12817,-15.46847
22.192950249,-6.18604100000003,-54.59998,-1.208589,0.7915321,-0.008198161,-0.1396302,-49.04462,-30.12817,-15.46847
22.202948093,-7.04750599999997,-59.4075199999999,-1.757326,0.7730768,-0.01224949,-0.1707044,-49.04462,-30.12817,-15.46847
22.212945938,-5.87837500000002,-63.9182999999999,-2.001209,0.7948586,-0.03098142,-0.1937092,-49.04462,-30.12817,-15.46847
22.22294426,-3.417045,-66.5298100000001,-2.671887,0.8331999,0.003371857,-0.1866062,-49.04462,-30.12817,-15.46847
22.232942104,-2.986313,-68.7851999999998,-3.037712,0.8582791,0.04250581,-0.2125031,-50.20118,-28.97865,-13.48339
22.242939949,-5.078443,-71.8715199999997,-2.549946,0.8725376,0.008941725,-0.2469768,-50.20118,-28.97865,-13.48339
22.252937794,-4.278511,-75.0765500000001,-3.342566,0.9331375,-0.000617512,-0.2542587,-50.20118,-28.97865,-13.48339
22.262936115,-41.44458,-46.64676,4.583633,2.004502,-0.1983275,1.842481,-50.20118,-28.97865,-13.48339
22.27293396,-131.2216,43.50948,35.3129,4.001908,0.5770497,4.882543,-50.20118,-28.97865,-13.48339
22.282931805,-166.5416,93.0093500000001,45.3121,3.3324,1.420478,2.332204,-51.31004,-30.47746,-9.807098
22.292930126,-137.1288,84.0471499999999,54.09189,1.11942,-0.3060684,1.328146,-51.31004,-30.47746,-9.807098
22.302928448,-119.3457,80.54536,24.27719,0.3005136,0.03045226,0.7360529,-51.31004,-30.47746,-9.807098
22.312926769,-84.0255800000002,59.6533300000001,-7.366636,0.3273123,-0.1170507,0.0133943,-51.31004,-30.47746,-9.807098
22.322924614,-37.01419,13.41783,-5.476542,0.3886036,-0.4774875,-0.1043494,-51.31004,-30.47746,-9.807098
22.332922459,-11.53943,-16.43641,-6.57401600000003,0.7626039,-0.4297937,0.2630113,-52.0541,-29.76323,-14.65424
22.342920303,2.059412,-21.83747,-17.97555,1.253099,-0.4410613,0.4143463,-52.0541,-29.76323,-14.65424
22.352918625,23.04224,-25.33926,-18.46332,1.281124,-0.3008689,0.3271605,-52.0541,-29.76323,-14.65424
22.36291647,22.67304,-27.65401,-17.2439,0.9392308,-0.1573995,0.2291329,-52.0541,-29.76323,-14.65424
22.372914314,-3.786245,-34.47953,-16.63419,0.7296885,-0.1354988,0.04859081,-52.0541,-29.76323,-14.65424
22.382912636,-38.12179,-45.34101,-11.26876,0.8149388,-0.4754649,-0.1141861,-51.7108,-28.23899,-14.65957
22.392910481,-51.96677,-50.68272,-1.635384,0.9670384,-0.8166732,-0.1325493,-51.7108,-28.23899,-14.65957
22.402908325,-33.93753,-49.67373,2.388686,1.023186,-0.924085,-0.04360439,-51.7108,-28.23899,-14.65957
22.41290617,0.0903486900000002,-45.81583,0.620533899999998,0.9891788,-0.8504068,0.009557867,-51.7108,-28.23899,-14.65957
22.422904968,39.04088,-43.91655,-3.342566,0.9937209,-0.7807792,0.01479636,-51.7108,-28.23899,-14.65957
22.432902813,70.0536300000003,-41.60181,-6.81789900000001,1.059349,-0.5630139,0.0921552,-52.83422,-28.61417,-13.05338
22.442901135,92.3286600000001,-41.72052,-12.42721,1.121294,-0.1232812,0.1656347,-52.83422,-28.61417,-13.05338
22.452898979,104.2661,-46.64676,-19.13399,1.147299,0.2810886,0.1166705,-52.83422,-28.61417,-13.05338
22.462896824,94.4823200000001,-53.8284,-19.92661,1.114085,0.4391589,0.0444227,-52.83422,-28.61417,-13.05338
22.472895146,71.89963,-62.7312600000001,-20.10953,0.9994524,0.3936496,0.04511283,-52.83422,-28.61417,-13.05338
22.48289299,63.3465099999998,-71.1592900000003,-21.45088,1.021875,0.1055687,-0.04721726,-53.59979,-28.58874,-9.382421
22.492890835,73.86869,-73.0585699999998,-20.53632,1.052993,-0.07357201,-0.09556156,-53.59979,-28.58874,-9.382421
22.50288868,88.8828000000002,-70.50642,-18.03652,1.015775,-0.03709503,-0.0648772,-53.59979,-28.58874,-9.382421
22.512887001,89.0058700000003,-64.5711799999999,-14.3173,0.9454567,0.1019976,-0.006882736,-53.59979,-28.58874,-9.382421
22.522884846,69.0075699999998,-60.0010499999998,-9.92740700000002,0.9129932,0.1705793,0.017085,-53.59979,-28.58874,-9.382421
22.532882691,41.93295,-56.97408,-4.257127,0.9316406,0.1629007,-0.01261725,-54.7182,-29.70392,-5.321159
22.542881489,12.39699,-55.66832,0.864416900000002,0.9272723,0.109702,-0.02838894,-54.7182,-29.70392,-5.321159
22.552879334,-10.0011,-55.43091,5.498195,0.9409192,0.1094462,-0.03271985,-54.7182,-29.70392,-5.321159
22.562877655,-30.06093,-54.00646,9.15644099999999,0.9781675,0.2021523,-0.01892995,-54.7182,-29.70392,-5.321159
22.5728755,-51.8437,-53.41293,11.59527,1.034092,0.2344802,-0.005635636,-54.7182,-29.70392,-5.321159
22.582873345,-63.1042800000002,-53.05682,12.69274,1.026024,0.1439918,-0.05249872,-54.72194,-30.42704,-0.8665819
22.592871189,-60.9506200000002,-53.05682,12.26595,1.044234,0.0811738,-0.1061148,-54.72194,-30.42704,-0.8665819
22.602869511,-51.1053,-53.47229,12.02207,1.034688,0.01732591,-0.1592037,-54.72194,-30.42704,-0.8665819
22.612867355,-36.27579,-55.13415,12.08304,1.020241,0.05964543,-0.1764181,-54.72194,-30.42704,-0.8665819
22.6228652,-29.9994,-54.12516,9.70517700000002,1.06589,0.1734183,-0.1090478,-54.72194,-30.42704,-0.8665819
22.632863521,-33.62986,-52.16653,8.79061600000001,1.048362,0.09561524,-0.07693259,-55.11777,-29.65879,0.352087
22.642861366,-34.42979,-50.62337,9.40032399999997,1.002948,-0.08214375,-0.1275367,-55.11777,-29.65879,0.352087
22.652859211,-35.29126,-48.36798,11.22945,0.9978942,-0.1766566,-0.142818,-55.11777,-29.65879,0.352087
22.662858009,-37.07573,-44.09461,11.41236,1.010788,-0.1621166,-0.1217869,-55.11777,-29.65879,0.352087
22.672855854,-40.70618,-42.4921,11.83915,1.010258,-0.1603763,-0.1428437,-55.11777,-29.65879,0.352087
22.682853699,-43.22905,-41.42376,10.55877,1.038299,-0.1743215,-0.1342747,-56.2569,-29.27325,1.954226
22.69285202,-39.59859,-38.8716,7.99799599999998,1.028245,-0.2357532,-0.1347199,-56.2569,-29.27325,1.954226
22.702849865,-29.01487,-37.44715,6.29081499999999,1.001237,-0.3030494,-0.1552342,-56.2569,-29.27325,1.954226
22.71284771,-13.57003,-36.02269,4.888487,0.9904914,-0.3018565,-0.1609587,-56.2569,-29.27325,1.954226
22.722846031,-0.2788507,-33.41119,4.217809,0.9874372,-0.1903468,-0.1293961,-56.2738,-28.87546,4.016208
22.732843876,0.0903486900000002,-32.6396,4.461692,1.002983,-0.08336402,-0.1016933,-56.2738,-28.87546,4.016208
22.742841721,-5.632242,-33.64859,4.705575,1.004287,-0.07513865,-0.1083978,-56.2738,-28.87546,4.016208
22.752839565,-10.3703,-34.77629,3.608101,1.008166,-0.09973538,-0.09643383,-56.2738,-28.87546,4.016208
22.762837887,-9.57036899999999,-34.24212,2.144803,1.036697,-0.1912944,-0.07396692,-56.2738,-28.87546,4.016208
22.772836208,2.613211,-33.7673,0.4985923,1.007929,-0.2953386,-0.1236619,-56.66177,-28.48757,5.236905
22.78283453,17.07352,-33.52989,-1.574414,0.9674489,-0.2433252,-0.1934768,-56.66177,-28.48757,5.236905
22.792832375,18.05805,-34.71694,-2.184121,0.9780839,-0.05690297,-0.1830147,-56.66177,-28.48757,5.236905
22.802830219,9.074201,-35.60722,-2.488975,1.000721,0.03633812,-0.1323491,-56.66177,-28.48757,5.236905
22.812828541,-3.109379,-35.96334,-1.330531,1.033475,0.03141712,-0.1036904,-56.66177,-28.48757,5.236905
22.822826385,-9.26270200000001,-37.38779,-0.4159691,1.046985,-0.06487796,-0.08837468,-56.67052,-28.47068,7.236414
22.83282423,-3.970845,-38.51549,-1.940238,1.045382,-0.1611392,-0.08978283,-56.67052,-28.47068,7.236414
22.842822075,6.428272,-38.27808,-3.586449,1.012858,-0.1946995,-0.1289607,-56.67052,-28.47068,7.236414
22.852820396,12.76619,-37.56585,-2.793829,0.9971173,-0.187468,-0.1542997,-56.67052,-28.47068,7.236414
22.862818241,10.85866,-37.44715,-1.879267,1.01044,-0.143684,-0.1246625,-56.67052,-28.47068,7.236414
22.872816086,8.76653499999999,-37.09103,-1.757326,1.075562,-0.1860576,-0.1166293,-56.32024,-27.69026,9.234649
22.882814407,9.32033300000002,-35.84463,-0.720822899999998,1.089752,-0.1883946,-0.08411025,-56.32024,-27.69026,9.234649
22.892812729,12.70466,-34.95435,0.1327677,1.052187,-0.2376081,-0.07063197,-56.32024,-27.69026,9.234649
22.90281105,24.08831,-34.24212,-0.4769399,1.047478,-0.326547,-0.1677518,-56.32024,-27.69026,9.234649
22.912808895,39.10242,-32.81766,-1.757326,1.001663,-0.2249247,-0.2744206,-56.32024,-27.69026,9.234649
22.92280674,35.04122,-33.58924,-0.7817937,1.055029,0.07536183,-0.1803114,-56.31326,-28.43409,11.23821
22.932804584,14.79679,-32.10543,1.1083,1.097958,0.07279962,-0.1813427,-56.31326,-28.43409,11.23821
22.942802906,4.705341,-30.62162,3.973926,1.092057,-0.1070417,-0.2262723,-56.31326,-28.43409,11.23821
22.952800751,10.79713,-31.63061,2.876452,1.146055,-0.02507706,-0.2541449,-56.31326,-28.43409,11.23821
22.962798595,4.705341,-33.52989,1.474125,1.198931,0.1966387,-0.1954294,-56.31326,-28.43409,11.23821
22.972796917,-6.49370699999998,-32.46155,1.778978,1.201767,0.2024787,-0.1475782,-56.71107,-27.66202,12.90839
22.982794762,-13.3239,-30.08745,1.596066,1.197087,-0.01685332,-0.2092499,-56.71107,-27.66202,12.90839
22.992792606,-6.862906,-27.00113,0.925387699999998,1.240621,-0.2339845,-0.2408559,-56.71107,-27.66202,12.90839
23.002791405,4.520741,-26.34826,1.596066,1.174905,-0.2113621,-0.2287827,-56.71107,-27.66202,12.90839
23.012789249,0.2749484,-27.00113,0.5595631,1.2244,-0.04240884,-0.140376,-56.71107,-27.66202,12.90839
23.022787094,-11.72403,-27.59465,0.681504599999997,1.1912,0.01201237,-0.1752682,-56.72598,-27.26805,14.51887
23.032785416,-27.35347,-26.76372,0.4376215,1.144424,-0.04139442,-0.2282948,-56.72598,-27.26805,14.51887
23.04278326,-30.67627,-24.62704,-0.720822899999998,1.117693,-0.1247134,-0.3009703,-56.72598,-27.26805,14.51887
23.052781105,-34.0606,-19.58208,-1.452472,1.082589,-0.09920654,-0.3583448,-56.72598,-27.26805,14.51887
23.062779427,-35.96813,-14.89325,-1.635384,1.037517,-0.08812929,-0.4310127,-56.72598,-27.26805,14.51887
23.072777271,-40.27545,-7.35549600000001,-0.8427644,1.000857,-0.004312901,-0.4324061,-55.97988,-27.25588,15.29843
23.082775116,-43.22905,-0.589326100000003,-1.208589,0.9939051,-0.04985775,-0.4558324,-55.97988,-27.25588,15.29843
23.092772961,-39.35246,5.345911,-1.391501,0.9781711,-0.01522812,-0.4079563,-55.97988,-27.25588,15.29843
23.102771282,-36.52193,10.03475,-3.037712,0.9715076,0.003597285,-0.354349,-55.97988,-27.25588,15.29843
23.112769604,-33.07607,14.72359,-4.196156,0.9727867,-0.01229508,-0.3414256,-55.97988,-27.25588,15.29843
23.122767925,-29.87634,16.50415,-4.196156,0.963802,0.0008023002,-0.2715412,-55.62365,-26.12181,14.13412
23.13276577,-28.1534,19.11566,-4.074214,0.9542302,0.0441164,-0.2437783,-55.62365,-26.12181,14.13412
23.142763615,-29.50714,20.30271,-4.927805,0.9058456,0.1032988,-0.2566307,-55.62365,-26.12181,14.13412
23.152761459,-29.75327,21.07429,-6.14722099999998,0.8594709,0.05646814,-0.229259,-55.62365,-26.12181,14.13412
23.162759781,-22.67695,20.54012,-7.91537200000002,0.7880182,-0.05972855,-0.3463556,-55.62365,-26.12181,14.13412
23.172757626,-9.07810300000001,19.41242,-9.50061200000003,0.7392462,-0.08362351,-0.3563145,-55.59273,-27.27704,12.4632
23.18275547,-0.2173175,17.27574,-11.20779,0.6864792,-0.0501247,-0.351924,-55.59273,-27.27704,12.4632
23.192753792,1.136414,15.13905,-12.2443,0.6629139,-0.0937523,-0.3954221,-55.59273,-27.27704,12.4632
23.202751637,0.2134152,11.69661,-11.8175,0.6386169,-0.1755074,-0.4087588,-55.59273,-27.27704,12.4632
23.212749481,1.936346,8.254177,-11.26876,0.6372254,-0.2587634,-0.4762142,-55.59273,-27.27704,12.4632
23.222747803,3.53621,5.82073000000003,-9.25672899999999,0.5784594,-0.2970939,-0.555067,-55.57951,-27.66775,11.23972
23.232746124,1.997879,1.606712,-5.537513,0.4902026,-0.3203637,-0.5707002,-55.57951,-27.66775,11.23972
23.242743969,2.182479,-3.378887,-4.318098,0.4172298,-0.1696521,-0.5117469,-55.57951,-27.66775,11.23972
23.252742291,-13.38543,-7.83031500000001,-2.245092,0.4383056,-0.2287926,-0.5414401,-55.57951,-27.66775,11.23972
23.262740135,-9.878035,-15.0713,0.4376215,0.5124578,-0.3628482,-0.5353134,-55.92896,-28.8149,10.85602
23.27273798,-0.7711166,-17.68281,1.047329,0.6445398,-0.2840229,-0.4379344,-55.92896,-28.8149,10.85602
23.282736301,-1.078783,-19.70079,2.083832,0.7327768,-0.07646659,-0.3567837,-55.92896,-28.8149,10.85602
23.292734146,-12.52396,-23.97416,3.669072,0.849142,-0.01761755,-0.2842582,-55.92896,-28.8149,10.85602
23.302731991,-16.89282,-26.58566,3.912955,0.9406655,-0.01205681,-0.2461331,-55.92896,-28.8149,10.85602
23.312729836,-11.8471,-28.30688,3.54713,0.9346225,0.05066817,-0.2289099,-55.55172,-29.18209,12.08634
23.322728157,-11.78556,-32.58025,3.54713,0.8843208,0.08051926,-0.3097093,-55.55172,-29.18209,12.08634
23.332726002,-16.03136,-35.48852,3.120335,0.873898,0.1938044,-0.3336491,-55.55172,-29.18209,12.08634
23.3427248,-25.87667,-40.05865,0.3766508,0.8055813,0.2243206,-0.3560309,-55.55172,-29.18209,12.08634
23.352722645,-30.43013,-42.72951,-5.29363,0.8065798,0.1971451,-0.3541113,-55.55172,-29.18209,12.08634
23.36272049,-24.09221,-45.34101,-10.72003,0.9384145,-0.04431533,-0.102548,-55.55539,-29.17501,12.92484
23.372718811,-6.55523999999999,-40.94894,-5.110718,1.144326,-0.321925,-0.2435368,-55.55539,-29.17501,12.92484
23.382716656,14.79679,-40.35541,-0.8427644,1.078762,-0.309186,-0.3027692,-55.55539,-29.17501,12.92484
23.392714501,6.92053700000001,-39.28707,4.217809,1.005348,-0.1368054,-0.3175215,-55.55539,-29.17501,12.92484
23.402712345,-11.72403,-40.118,4.217809,0.9657455,-0.1834471,-0.390184,-55.55539,-29.17501,12.92484
23.412710667,-25.75361,-40.59282,4.888487,0.918794,-0.2533399,-0.438899,-55.18322,-29.53239,15.31616
23.422708511,-13.1393,-41.72052,-0.05014454,0.8183314,-0.2264421,-0.5746464,-55.18322,-29.53239,15.31616
23.432706356,-3.786245,-42.72951,-6.14722099999998,0.692993,0.2192504,-0.6133073,-55.18322,-29.53239,15.31616
23.442704678,-13.3239,-45.34101,-14.56119,0.6052476,0.665277,-0.4845322,-55.18322,-29.53239,15.31616
23.452702999,-39.66012,-45.99389,-16.75613,0.7911406,0.7617815,-0.2709576,-55.18322,-29.53239,15.31616
23.462701321,-67.5962100000002,-44.74749,-11.63459,0.9671775,0.4488539,-0.06539619,-54.82536,-29.13179,17.38092
23.472699165,-56.82789,-43.14497,-6.08625000000001,1.242053,-0.361544,-0.2173753,-54.82536,-29.13179,17.38092
23.48269701,-14.36996,-38.8716,-1.330531,1.385997,-0.5574793,-0.3798131,-54.82536,-29.13179,17.38092
23.492694855,11.474,-35.72593,-0.7817937,1.088854,-0.2550597,-0.5162457,-54.82536,-29.13179,17.38092
23.502693176,-2.801713,-35.78528,-0.3549984,0.8267242,-0.1248301,-0.4282428,-54.82536,-29.13179,17.38092
23.512691021,-22.00008,-32.28349,-1.574414,0.7330275,-0.4312983,-0.5265873,-54.0498,-30.63724,18.6201
23.522688866,-25.75361,-33.35183,3.608101,0.852727,-0.4455018,-0.4258128,-54.0498,-30.63724,18.6201
23.532687187,-19.84642,-33.11442,4.522663,0.8721702,-0.5217921,-0.4674631,-54.0498,-30.63724,18.6201
23.542685032,-11.60097,-37.98132,6.10790299999999,0.8909426,-0.274518,-0.4096518,-54.0498,-30.63724,18.6201
23.55268383,-13.6931,-37.26909,4.522663,1.026016,-0.01860273,-0.349174,-54.0498,-30.63724,18.6201
23.562681675,-10.80103,-35.1324,2.69354,1.034868,-0.07635673,-0.4133038,-53.68041,-30.62407,19.84839
23.57267952,14.30453,-33.05507,0.925387699999998,0.9830892,0.2155948,-0.418553,-53.68041,-30.62407,19.84839
23.582677364,11.8432,-31.2745,-0.7817937,0.9361898,0.3765823,-0.461106,-53.68041,-30.62407,19.84839
23.592675686,4.213075,-30.44357,-1.940238,0.9744332,0.1801665,-0.5539658,-53.68041,-30.62407,19.84839
23.602673531,5.25914,-22.19359,-0.4159691,0.9101328,-0.2655985,-0.6973118,-53.68041,-30.62407,19.84839
23.612671375,16.33512,-21.06589,2.083832,0.6481549,-0.324769,-0.5968174,-53.67542,-31.36408,22.30346
23.622669697,12.76619,-20.23496,0.925387699999998,0.6640991,-0.392348,-0.4757481,-53.67542,-31.36408,22.30346
23.632667541,17.25812,-21.00654,3.608101,0.8793256,-0.5109537,-0.3607559,-53.67542,-31.36408,22.30346
23.642665386,38.30248,-20.29431,2.937423,1.139691,-0.4395803,-0.2927918,-53.67542,-31.36408,22.30346
23.652663231,52.51666,-23.38064,3.425189,1.249034,-0.08430528,-0.2050159,-53.67542,-31.36408,22.30346
23.662662029,57.13165,-26.2889,3.730042,1.109276,0.3773928,-0.2158984,-52.55824,-31.34202,23.9243
23.672659874,29.9955,-34.30147,4.766546,1.059466,0.6676709,-0.248908,-52.55824,-31.34202,23.9243
23.682658195,5.320673,-42.19534,-0.05014454,1.102126,0.5990573,-0.35138,-52.55824,-31.34202,23.9243
23.69265604,0.0903486900000002,-49.19891,-4.805864,1.082592,0.3919479,-0.4259505,-52.55824,-31.34202,23.9243
23.702653885,5.44374,-53.23487,-8.829934,0.9362879,0.1621646,-0.5270945,-52.55824,-31.34202,23.9243
23.712652206,4.828408,-59.46687,-7.91537200000002,0.7245491,0.1263268,-0.4281294,-52.96559,-30.18633,25.97945
23.722650051,-26.67661,-63.4434900000002,-7.42760699999997,0.5490898,-0.0233483,-0.2621977,-52.96559,-30.18633,25.97945
23.732647896,-41.44458,-70.9218800000002,-7.244694,0.5110982,-0.5725543,-0.4022128,-52.96559,-30.18633,25.97945
23.74264574,-35.84506,-73.4740399999997,-7.73246000000002,1.144247,-0.9716694,-0.4596858,-52.96559,-30.18633,25.97945
23.752644062,25.44204,-58.5172299999999,-11.87847,1.674267,-1.285959,-0.9012974,-52.96559,-30.18633,25.97945
23.762641907,63.7157100000002,-46.40936,-11.69556,1.683031,-0.1375363,-0.6398273,-51.11385,-29.76468,29.21634
23.772640705,39.34855,-42.13598,-16.51225,1.376447,0.2845888,-0.525979,-51.11385,-29.76468,29.21634
23.78263855,20.02711,-41.72052,-17.54875,1.321751,0.2899165,-0.5689568,-51.11385,-29.76468,29.21634
23.792636394,21.93465,-40.71152,-19.98759,1.351231,0.2006709,-0.5082061,-51.11385,-29.76468,29.21634
23.802634716,32.27223,-39.64318,-20.29244,1.296744,0.2227538,-0.4731807,-51.11385,-29.76468,29.21634
23.812632561,30.61083,-38.81225,-19.13399,1.21896,0.2385575,-0.4897994,-50.36891,-30.11543,32.06194
23.822630405,16.39665,-37.44715,-15.90254,1.132889,0.227588,-0.5465971,-50.36891,-30.11543,32.06194
23.83262825,-5.263042,-37.03168,-11.26876,1.081278,0.199303,-0.5522428,-50.36891,-30.11543,32.06194
23.842626572,-29.32254,-35.19176,-6.33013299999999,1.075367,0.1768899,-0.5460051,-50.36891,-30.11543,32.06194
23.852624416,-51.59757,-35.07305,-1.513443,1.010006,0.1020591,-0.5635793,-48.87898,-30.08675,34.13708
23.862622261,-64.58108,-34.95435,2.388686,0.9592357,0.004266842,-0.5199151,-48.87898,-30.08675,34.13708
23.872621059,-62.4274200000001,-34.42017,3.120335,0.8856849,-0.1019971,-0.5561314,-48.87898,-30.08675,34.13708
23.882618904,-55.22803,-35.42916,4.156838,0.8417697,-0.07110213,-0.4837977,-48.87898,-30.08675,34.13708
23.892617226,-47.35178,-35.19176,3.425189,0.8537933,-0.06257287,-0.4804709,-48.87898,-30.08675,34.13708
23.90261507,-38.42945,-36.20074,3.242276,0.784867,-0.07792702,-0.5224615,-48.15308,-28.94006,34.13655
23.912612915,-27.16887,-37.20974,1.230241,0.7303789,-0.004575528,-0.5137709,-48.15308,-28.94006,34.13655
23.92261076,-24.95368,-40.71152,0.01082622,0.699766,0.1215241,-0.4745068,-48.15308,-28.94006,34.13655
23.932609081,-32.5838,-44.51008,-0.8427644,0.6690097,0.1770016,-0.452453,-48.15308,-28.94006,34.13655
23.942606926,-37.93719,-47.77446,-3.464507,0.7089466,0.0991329,-0.4984459,-48.15308,-28.94006,34.13655
23.952604771,-37.50646,-49.55503,-3.891303,0.7683169,0.07673942,-0.5248653,-47.38339,-30.06896,34.9222
23.962603092,-39.72165,-49.67373,-5.049747,0.9015813,0.06743186,-0.3963583,-47.38339,-30.06896,34.9222
23.972601414,-28.76874,-49.91114,-6.14722099999998,0.918534,0.01964447,-0.4509332,-47.38339,-30.06896,34.9222
23.982599735,-25.50747,-47.41834,-5.964308,0.8747276,0.04083307,-0.5365275,-47.38339,-30.06896,34.9222
23.99259758,-24.89214,-46.82482,-6.39110400000002,0.8760937,0.01918036,-0.5690674,-47.38339,-30.06896,34.9222
24.002595425,-21.56935,-47.65575,-6.87886999999998,0.8242608,0.08017258,-0.5890929,-46.2488,-30.81088,36.16011
24.012593269,-21.13862,-45.51907,-9.01284600000001,0.7522258,0.1030913,-0.5310655,-46.2488,-30.81088,36.16011
24.022591591,-18.30809,-44.56943,-6.14722099999998,0.7772777,0.1452246,-0.4947483,-46.2488,-30.81088,36.16011
24.032589436,-25.99974,-43.26368,-0.964705900000002,0.7819176,0.260716,-0.5225435,-46.2488,-30.81088,36.16011
24.04258728,-40.70618,-45.1036,2.327715,0.8611717,0.2436888,-0.536556,-46.2488,-30.81088,36.16011
24.052585602,-49.38237,-41.83922,2.144803,0.8967328,0.1403429,-0.5428128,-45.09848,-32.31352,37.40207
24.062583447,-38.49099,-40.77088,0.31568,0.7978233,0.08626921,-0.6091486,-45.09848,-32.31352,37.40207
24.072581291,-25.99974,-36.55686,-1.879267,0.7926034,0.1558522,-0.6407434,-45.09848,-32.31352,37.40207
24.08258009,-25.87667,-34.89499,-2.8548,0.7541542,0.2555937,-0.7033955,-45.09848,-32.31352,37.40207
24.092577934,-32.64533,-36.55686,-4.074214,0.7530467,0.2357877,-0.7411961,-45.09848,-32.31352,37.40207
24.102575779,-34.49133,-39.82124,-5.476542,0.7343785,0.1907551,-0.7894881,-43.58575,-33.05917,37.86875
24.112574101,-31.107,-44.74749,-9.25672899999999,0.6944392,0.1628884,-0.8276973,-43.58575,-33.05917,37.86875
24.122571945,-24.76908,-49.13956,-13.58565,0.7288898,0.1717213,-0.7866022,-43.58575,-33.05917,37.86875
24.13256979,-20.15409,-51.3356,-17.12196,0.7649741,0.1456733,-0.737365,-43.58575,-33.05917,37.86875
24.142568111,-16.89282,-50.44531,-18.7072,0.7775112,0.1022091,-0.6818609,-43.58575,-33.05917,37.86875
24.152565956,-12.64703,-45.69712,-18.7072,0.7701719,0.02719498,-0.6325354,-43.9361,-34.56978,39.48659
24.162563801,-5.570708,-39.93995,-18.46332,0.7806211,-0.06270392,-0.6550236,-43.9361,-34.56978,39.48659
24.172561646,0.0903486900000002,-33.64859,-16.45128,0.791846,-0.2187623,-0.6339456,-43.9361,-34.56978,39.48659
24.182560444,9.812599,-25.45797,-11.8175,0.7673281,-0.3145615,-0.6415353,-43.9361,-34.56978,39.48659
24.192558289,24.58057,-21.65942,-6.75692799999998,0.7139683,-0.3023076,-0.6739887,-43.9361,-34.56978,39.48659
24.20255661,37.25642,-16.79252,-3.830332,0.6962843,-0.2180208,-0.7180086,-41.68148,-34.93,39.8923
24.212554455,37.56408,-15.66483,-2.488975,0.6622998,-0.06823798,-0.6854448,-41.68148,-34.93,39.8923
24.2225523,24.51904,-12.34109,-1.940238,0.6493875,0.0510285,-0.5816019,-41.68148,-34.93,39.8923
24.232550621,1.25948,-7.53355299999998,-0.598881400000002,0.6262423,0.09149653,-0.5169642,-41.68148,-34.93,39.8923
24.242548466,-22.18468,0.775778400000001,1.778978,0.6541401,0.06129493,-0.4260756,-41.68148,-34.93,39.8923
24.25254631,-41.99838,12.11208,6.71760999999998,0.7193522,-0.01006132,-0.3462487,-41.67111,-35.68036,41.12186
24.262544155,-54.18196,24.04191,12.93663,0.7433653,-0.06791648,-0.2950681,-41.67111,-35.68036,41.12186
24.272542477,-57.5662900000002,35.49691,16.89973,0.7102664,-0.1221775,-0.3117465,-41.67111,-35.68036,41.12186
24.282540798,-55.41263,46.77386,20.13118,0.6976192,-0.1513796,-0.3954678,-41.67111,-35.68036,41.12186
24.29253912,-49.69004,56.98247,22.26515,0.7112982,-0.2073138,-0.4835352,-41.67111,-35.68036,41.12186
24.302536964,-47.47484,68.0813600000002,24.76495,0.7401415,-0.2127507,-0.5027272,-41.67362,-35.31035,39.89433
24.312534809,-46.18264,78.8834899999999,26.77699,0.7894739,-0.1919524,-0.4607038,-41.67362,-35.31035,39.89433
24.322532654,-42.24451,89.0921,27.08184,0.7917446,-0.1039336,-0.4056942,-41.67362,-35.31035,39.89433
24.332530975,-37.87566,98.1730100000001,25.80146,0.7749271,-0.03784004,-0.3688315,-41.67362,-35.31035,39.89433
24.34252882,-33.44526,105.1766,25.19175,0.7593384,0.01386965,-0.3664248,-41.67362,-35.31035,39.89433
24.352526665,-29.261,110.2809,23.05777,0.7544692,0.06512096,-0.3841368,-44.99876,-36.88814,36.2009
24.362524986,-29.261,114.7917,19.76535,0.7655584,0.04460591,-0.4195655,-44.99876,-36.88814,36.2009
24.372522831,-25.75361,120.4302,16.29002,0.7839605,-0.001983573,-0.4526073,-44.99876,-36.88814,36.2009
24.382521629,-16.15442,123.8726,14.0341,0.8194054,-0.0476495,-0.4746718,-44.99876,-36.88814,36.2009
24.392519474,-0.1557842,128.6208,11.16848,0.8844225,-0.1119987,-0.5312406,-49.81545,-38.43068,30.4965
24.402517319,18.91952,133.0129,9.88808900000002,0.9896007,-0.1872434,-0.590748,-49.81545,-38.43068,30.4965
24.412515164,41.56374,137.4643,5.742078,0.9607886,-0.1846874,-0.6208487,-49.81545,-38.43068,30.4965
24.422513485,59.3468500000002,140.0164,2.388686,0.9842432,-0.1360368,-0.6122878,-49.81545,-38.43068,30.4965
24.43251133,73.0687599999999,140.8474,-0.964705900000002,1.029426,-0.05034907,-0.586067,-49.81545,-38.43068,30.4965
24.442509174,80.3296800000001,141.1441,-6.14722099999998,1.055809,-0.002214308,-0.5870825,-55.04041,-38.51146,25.55554
24.452507496,80.8834799999998,139.7197,-9.31770000000002,1.098474,0.00853511,-0.6197028,-55.04041,-38.51146,25.55554
24.462505341,75.4070199999997,137.8204,-11.69556,1.103408,0.004429237,-0.6541678,-55.04041,-38.51146,25.55554
24.472503185,66.6077699999998,135.565,-12.2443,1.125714,-0.04263486,-0.6943949,-55.04041,-38.51146,25.55554
24.482501984,61.68511,133.7251,-12.30527,1.146662,-0.06854077,-0.7030392,-55.04041,-38.51146,25.55554
24.492499828,60.1467800000003,132.0632,-11.57362,1.136394,-0.06688761,-0.7125933,-58.79483,-37.12622,20.23094
24.502497673,56.08559,131.1136,-9.43964200000003,1.156231,-0.03270692,-0.6844006,-58.79483,-37.12622,20.23094
24.512495995,49.37846,130.5201,-6.33013299999999,1.160202,0.01634292,-0.6432626,-58.79483,-37.12622,20.23094
24.522493839,39.04088,130.4607,-2.428004,1.151876,0.07145389,-0.6035405,-58.79483,-37.12622,20.23094
24.532491684,27.10344,129.155,2.388686,1.136172,0.1039342,-0.578157,-58.79483,-37.12622,20.23094
24.542490006,15.96592,127.0183,7.754113,1.120256,0.1211268,-0.5766979,-62.15672,-36.44204,14.13883
24.55248785,4.951474,124.3474,13.48536,1.099209,0.1260125,-0.5814483,-62.15672,-36.44204,14.13883
24.562485695,-4.955376,120.6676,19.88729,1.125334,0.1363571,-0.569532,-62.15672,-36.44204,14.13883
24.57248354,-13.57003,118.6496,25.19175,1.177775,0.1212089,-0.5327693,-62.15672,-36.44204,14.13883
24.582482338,-16.76976,118.3528,28.97194,1.208534,0.06735265,-0.4839942,-62.15672,-36.44204,14.13883
24.592480183,-12.89316,119.5992,30.61815,1.207183,0.06304992,-0.4203401,-64.69175,-36.14574,6.44226
24.602478504,-8.21663800000001,120.4895,30.00844,1.21194,0.0696103,-0.4040785,-64.69175,-36.14574,6.44226
24.612476349,-0.2788507,122.6855,27.20378,1.226196,0.03675143,-0.4146236,-64.69175,-36.14574,6.44226
24.622474193,11.72013,127.9086,23.97233,1.276661,0.04863218,-0.3936572,-64.69175,-36.14574,6.44226
24.632472515,20.33478,134.0219,20.74088,1.311144,0.1074344,-0.3616679,-64.69175,-36.14574,6.44226
24.64247036,27.2265,138.77,17.87526,1.317833,0.1671234,-0.3320232,-66.942,-34.33329,-2.163105
24.652468204,23.71911,142.7466,16.59487,1.338465,0.2119062,-0.2621986,-66.942,-34.33329,-2.163105
24.662466049,20.21172,142.4499,15.92419,1.327731,0.1870339,-0.2487734,-66.942,-34.33329,-2.163105
24.672464371,22.11925,141.619,16.9607,1.322383,0.134407,-0.2530577,-66.942,-34.33329,-2.163105
24.682462692,21.87311,141.6783,18.30205,1.293718,0.1307901,-0.2147207,-66.942,-34.33329,-2.163105
24.692461014,19.22718,140.2538,19.76535,1.313859,0.1498039,-0.1453672,-66.57521,-32.12407,-11.13803
24.702458858,12.70466,138.4139,20.86283,1.285377,0.1620905,-0.1218705,-66.57521,-32.12407,-11.13803
24.712456703,6.305205,135.5057,22.93583,1.244295,0.1443718,-0.110787,-66.57521,-32.12407,-11.13803
24.722455025,-2.432514,132.4193,24.94787,1.232874,0.155857,-0.1055057,-66.57521,-32.12407,-11.13803
24.732452869,-15.35449,129.6891,27.26476,1.225889,0.1651932,-0.07917428,-66.57521,-32.12407,-11.13803
24.742450714,-29.8148,126.0093,29.4597,1.19566,0.140391,-0.0690651,-65.45475,-30.28251,-19.26687
24.752448559,-43.10598,121.0237,31.95951,1.150024,0.1054778,-0.06849798,-65.45475,-30.28251,-19.26687
24.76244688,-52.3975,115.2071,33.23989,1.092825,0.06355056,-0.06599459,-65.45475,-30.28251,-19.26687
24.772445202,-56.02796,108.8564,33.30086,1.055543,0.02493247,-0.06352678,-65.45475,-30.28251,-19.26687
24.782443523,-54.92036,103.8115,33.05698,1.036472,0.002754095,-0.05630918,-65.45475,-30.28251,-19.26687
24.792441368,-50.3669,99.6568200000003,32.32533,0.9952541,-0.007647483,-0.04187737,-63.22578,-27.67178,-27.39142
24.802439213,-45.75191,95.5021499999999,30.80106,0.9403945,-0.01841508,-0.03795035,-63.22578,-27.67178,-27.39142
24.812437534,-39.29092,91.2881400000002,29.39873,0.8980569,-0.02106372,-0.02351858,-63.22578,-27.67178,-27.39142
24.822435379,-31.8454,87.3708799999998,27.08184,0.8597466,-0.03111931,-0.03062785,-63.22578,-27.67178,-27.39142
24.832433224,-22.00008,82.8600999999998,24.70398,0.8160871,-0.04177091,-0.03820621,-63.22578,-27.67178,-27.39142
24.842431068,-12.27783,78.0525600000003,22.38709,0.7477181,-0.06032262,-0.0591396,-59.56567,-25.03993,-34.27981
24.85242939,-4.032378,72.7702000000001,19.64341,0.7149557,-0.0805304,-0.07247741,-59.56567,-25.03993,-34.27981
24.862427235,5.320673,68.7935900000002,17.32652,0.7362671,-0.09952069,-0.06963821,-59.56567,-25.03993,-34.27981
24.872426033,16.95045,66.0633799999999,14.70478,0.7380762,-0.09150372,-0.04715035,-59.56567,-25.03993,-34.27981
24.882423878,26.79577,62.6802900000002,12.14401,0.695843,-0.07449427,-0.06191697,-59.56567,-25.03993,-34.27981
24.892421722,33.01062,59.5346200000002,10.43683,0.6538218,-0.06859148,-0.06950245,-56.25187,-21.2492,-38.79008
24.902420044,37.01028,55.79543,8.85158600000001,0.6352999,-0.06855482,-0.07856312,-56.25187,-21.2492,-38.79008
24.912417889,41.50221,51.93752,7.937025,0.6249753,-0.06402659,-0.09242499,-56.25187,-21.2492,-38.79008
24.922415733,44.88654,48.25768,6.59566799999998,0.5882066,-0.05206592,-0.08662105,-56.25187,-21.2492,-38.79008
24.932413578,46.91714,43.74689,4.888487,0.594553,-0.02663209,-0.08233149,-56.25187,-21.2492,-38.79008
24.9424119,47.16327,39.65158,3.608101,0.5996485,-0.0123777,-0.07564397,-53.66961,-18.59426,-42.00983
24.952409744,45.07114,34.96274,2.449656,0.5863029,-0.002502396,-0.08280189,-53.66961,-18.59426,-42.00983
24.962407589,40.39462,30.80808,2.022861,0.602698,0.006493901,-0.09096858,-53.66961,-18.59426,-42.00983
24.972406387,34.17976,27.72175,2.815481,0.6210024,-0.008252509,-0.09578246,-53.66961,-18.59426,-42.00983
24.982404232,26.42657,24.27932,3.973926,0.6207163,-0.0189401,-0.09482205,-50.9919,-20.87088,-43.6552
24.992402554,19.78098,20.65882,5.13237,0.642041,-0.03905993,-0.1092113,-50.9919,-20.87088,-43.6552
25.002400398,14.85832,16.80092,6.41275599999997,0.6159153,-0.04943091,-0.123999,-50.9919,-20.87088,-43.6552
25.012398243,8.58193500000002,11.4592,7.99799599999998,0.5928707,-0.06789675,-0.1273041,-50.9919,-20.87088,-43.6552
25.022396088,2.428612,6.53295800000002,9.15644099999999,0.6482882,-0.06030039,-0.1073024,-50.9919,-20.87088,-43.6552
25.032394409,-2.617113,2.496997,10.01003,0.6652018,-0.05262446,-0.101591,-49.84238,-22.00677,-44.02779
25.042392254,-7.47823899999999,-1.598316,11.41236,0.6464085,-0.03794473,-0.1029977,-49.84238,-22.00677,-44.02779
25.052390099,-14.43149,-6.761972,12.87566,0.6171963,-0.03961658,-0.1163465,-49.84238,-22.00677,-44.02779
25.062388897,-19.16955,-11.56951,14.27798,0.6008491,-0.07738777,-0.1196583,-49.84238,-22.00677,-44.02779
25.072386742,-20.03102,-15.36807,14.52187,0.6075386,-0.09616784,-0.115358,-49.84238,-22.00677,-44.02779
25.082385063,-17.38509,-18.45439,14.09507,0.6125103,-0.07576095,-0.1263791,-49.84658,-21.6335,-44.86832
25.092382908,-18.80035,-21.89683,13.85119,0.5915359,-0.02270423,-0.1244419,-49.84658,-21.6335,-44.86832
25.102380753,-26.36894,-25.75473,13.42439,0.6550311,-0.004332135,-0.1125929,-49.84658,-21.6335,-44.86832
25.112378597,-32.7684,-29.07846,13.42439,0.7769241,-0.05961496,-0.09795535,-49.84658,-21.6335,-44.86832
25.122376919,-31.96847,-32.16478,14.09507,0.8095712,-0.111456,-0.09847749,-49.84658,-21.6335,-44.86832
25.132374764,-26.24587,-36.79427,14.52187,0.7317452,-0.1451842,-0.1112547,-50.24491,-20.49525,-44.87718
25.142372608,-20.09255,-42.07663,13.79022,0.7083024,-0.1421756,-0.1035574,-50.24491,-20.49525,-44.87718
25.152371407,-13.44696,-47.77446,12.50983,0.6904753,-0.1261847,-0.07003009,-50.24491,-20.49525,-44.87718
25.162369251,-6.18604100000003,-52.87876,10.55877,0.6678995,-0.09084117,-0.03554237,-50.24491,-20.49525,-44.87718
25.172367096,0.2749484,-56.55861,8.24187900000002,0.6494727,-0.06912731,-0.01254418,-50.24491,-20.49525,-44.87718
25.182365418,6.05907200000001,-60.1197499999999,5.80304899999998,0.7122973,-0.04108472,-0.004525129,-52.53804,-18.59999,-43.6785
25.192363262,8.64346799999999,-62.0783800000001,3.608101,0.8157048,0.005073708,-0.01620311,-52.53804,-18.59999,-43.6785
25.202361107,4.459208,-63.2654300000002,2.75451,0.9551147,0.05443895,-0.02076603,-52.53804,-18.59999,-43.6785
25.212359428,-4.032378,-62.9093200000001,3.120335,1.075438,0.05629076,-0.02528345,-52.53804,-18.59999,-43.6785
25.222357273,-12.7701,-63.2060800000001,5.010429,1.090585,0.002133862,-0.02864594,-52.53804,-18.59999,-43.6785
25.232355118,-18.86189,-65.58017,7.26634699999998,1.069859,-0.06199978,-0.03577194,-55.59219,-16.32292,-41.6489
25.242352963,-18.06195,-69.3193699999999,7.38828800000001,1.05429,-0.1153101,-0.03955968,-55.59219,-16.32292,-41.6489
25.252351761,-11.97016,-74.4236799999998,5.437224,1.015119,-0.1054415,-0.04475827,-55.59219,-16.32292,-41.6489
25.262349606,-5.263042,-80.6556699999997,2.327715,1.009032,-0.09308083,-0.061501,-55.59219,-16.32292,-41.6489
25.272347927,2.859344,-86.6502599999999,-1.391501,1.057232,-0.1177353,-0.09842903,-55.59219,-16.32292,-41.6489
25.282345772,-36.82959,-51.03884,7.63217200000002,2.432848,-0.668443,2.804271,-58.93967,-18.22277,-38.43877
25.292343617,-160.696,86.2431900000001,42.50745,4.709129,0.4333876,6.76933,-58.93967,-18.22277,-38.43877
25.302341938,-144.0205,107.61,78.0534100000002,3.706156,1.106124,2.220603,-58.93967,-18.22277,-38.43877
25.312339783,-56.45869,69.6838800000002,51.71403,1.141162,-1.240559,0.9076806,-58.93967,-18.22277,-38.43877
25.322337627,24.27291,47.6048,-2.976741,-0.3814786,-0.4723158,0.7957575,-58.93967,-18.22277,-38.43877
25.332335472,61.9312399999998,-12.93462,-50.47297,-0.3255621,0.2000825,0.4470835,-62.69745,-17.50054,-39.69614
25.342334271,56.57785,-54.00646,-38.58367,1.078785,-0.6146758,-0.0193736,-62.69745,-17.50054,-39.69614
25.352332115,82.2372100000002,-67.8355599999997,-14.62216,1.780409,-0.9801328,-0.2636192,-62.69745,-17.50054,-39.69614
25.362330437,151.4621,-56.61796,-23.46292,1.4691,-0.6746431,-0.3526489,-62.69745,-17.50054,-39.69614
25.372328281,190.7818,-59.3481699999998,-27.18213,1.130995,-0.4141566,-0.1511247,-62.69745,-17.50054,-39.69614
25.382326126,180.1981,-57.5676000000001,-33.0963,1.097703,-0.2562004,-0.3947025,-61.26138,-14.44644,-39.70124
25.392324448,144.1396,-63.0280200000002,-23.28,1.016066,-0.08834788,-0.4616041,-61.26138,-14.44644,-39.70124
25.402322292,102.7893,-63.7402500000003,-10.90294,0.958478,-0.02850419,-0.3294321,-61.26138,-14.44644,-39.70124
25.412320137,67.8999699999998,-60.41651,-7.42760699999997,0.965467,0.2271991,-0.1218081,-61.26138,-14.44644,-39.70124
25.422317982,46.24027,-54.83739,-6.20819099999998,1.065422,0.4607208,0.0100445,-61.26138,-14.44644,-39.70124
25.432316303,25.25744,-48.54604,-3.464507,1.05232,0.3820167,0.09335984,-62.66582,-20.11781,-34.32842
25.442314625,18.61185,-46.58741,-0.1720861,0.9342306,0.07928404,0.08407214,-62.66582,-20.11781,-34.32842
25.452312946,35.59502,-46.88417,2.144803,0.9660922,-0.1646905,0.06493637,-62.66582,-20.11781,-34.32842
25.462310791,62.3619799999998,-45.81583,3.181306,1.008135,-0.2227632,0.1065141,-62.66582,-20.11781,-34.32842
25.472308636,87.2214100000002,-43.79785,3.181306,1.02361,-0.1638637,0.1371009,-62.66582,-20.11781,-34.32842
25.482306957,94.91306,-41.42376,2.876452,0.9787437,-0.05920086,0.09503745,-64.04987,-23.15128,-31.93634
25.492304802,79.3451500000001,-41.30505,5.254312,0.9317721,0.05441297,0.07977565,-64.04987,-23.15128,-31.93634
25.502302647,45.87107,-44.68813,11.04653,0.9747882,-0.00519569,0.0577015,-64.04987,-23.15128,-31.93634
25.512300491,19.35025,-45.63777,13.42439,1.019834,-0.1181589,0.148103,-64.04987,-23.15128,-31.93634
25.522298813,17.81192,-45.16295,11.65624,0.9793198,-0.2467112,0.04770569,-64.79185,-24.26692,-28.2593
25.532297135,27.5957,-47.4777,10.37586,0.9387197,-0.2125343,0.04681052,-64.79185,-24.26692,-28.2593
25.542295456,32.57989,-49.73309,8.48576300000002,1.003769,0.03493115,0.07869799,-64.79185,-24.26692,-28.2593
25.552293301,25.56511,-53.41293,7.44925899999998,1.050371,0.1993378,0.04842413,-64.79185,-24.26692,-28.2593
25.562291145,12.2124,-55.78703,7.08343500000003,1.074185,0.2276333,0.009132091,-64.79185,-24.26692,-28.2593
25.572289467,-0.5249836,-56.49926,7.69314200000002,1.033853,0.1957757,0.01351779,-66.28332,-25.38818,-24.58782
25.582287312,-11.41637,-56.97408,8.36382100000002,1.016582,0.1269806,-0.08549963,-66.28332,-25.38818,-24.58782
25.592285156,-21.87701,-55.66832,9.82711900000002,1.014679,0.1501409,-0.09938098,-66.28332,-25.38818,-24.58782
25.602283001,-39.10632,-54.65933,10.98556,1.030975,0.1124498,-0.1113641,-66.28332,-25.38818,-24.58782
25.612281323,-54.73576,-50.97948,11.9611,1.053339,0.03618651,-0.1563696,-66.28332,-25.38818,-24.58782
25.622279644,-62.7966199999999,-46.76547,11.59527,1.019844,-0.02297688,-0.1768747,-67.42612,-24.99556,-22.14718
25.632277965,-67.3500700000002,-42.37339,11.16848,1.01672,0.01405526,-0.1591715,-67.42612,-24.99556,-22.14718
25.64227581,-69.6268000000001,-41.54246,11.04653,1.005606,0.009685913,-0.1347436,-67.42612,-24.99556,-22.14718
25.652273655,-69.7498700000002,-40.118,10.25391,1.059603,0.01467097,-0.131489,-67.42612,-24.99556,-22.14718
25.662271976,-71.6573999999997,-37.56585,8.60770299999997,1.08503,-0.04077918,-0.08605433,-67.42612,-24.99556,-22.14718
25.672269821,-63.3504099999999,-36.85362,7.63217200000002,1.01965,-0.2187659,-0.1184377,-68.96361,-23.47176,-20.55391
25.682267666,-46.73644,-33.94535,7.44925899999998,1.006458,-0.2684654,-0.1045232,-68.96361,-23.47176,-20.55391
25.69226551,-37.69106,-31.92738,7.32731800000001,1.00078,-0.1723602,-0.05141611,-68.96361,-23.47176,-20.55391
25.702263832,-39.53705,-32.46155,6.96149300000002,0.9793559,-0.1212167,-0.04517044,-68.96361,-23.47176,-20.55391
25.712262154,-46.73644,-32.34284,6.83955100000002,1.006257,-0.1000695,-0.02272971,-68.96361,-23.47176,-20.55391
25.722260475,-53.81276,-31.92738,6.22984400000002,1.031382,-0.1667032,-0.03041357,-69.37882,-21.93572,-18.50079
25.73225832,-46.55184,-31.33385,4.705575,1.021517,-0.3169146,-0.06816519,-69.37882,-21.93572,-18.50079
25.742256164,-31.72233,-30.62162,3.48616,0.9616197,-0.3190962,-0.07093167,-69.37882,-21.93572,-18.50079
25.752254486,-19.90795,-30.26551,2.083832,0.9670573,-0.2698463,-0.01113183,-69.37882,-21.93572,-18.50079
25.762252331,-12.9547,-31.09644,1.047329,0.9960681,-0.2310934,0.01895791,-69.37882,-21.93572,-18.50079
25.772250175,-8.58583600000001,-32.5209,0.1937385,1.00625,-0.2285327,0.01128228,-70.14742,-21.1741,-17.7364
25.78224802,-5.01691,-33.88601,-0.2330568,0.9847704,-0.2273247,-0.02265948,-70.14742,-21.1741,-17.7364
25.792246818,-0.5249836,-35.66658,-1.452472,0.9706455,-0.2275643,-0.01832761,-70.14742,-21.1741,-17.7364
25.802244663,3.105477,-37.80326,-2.549946,0.9768718,-0.2735619,-0.01354086,-70.14742,-21.1741,-17.7364
25.812242985,9.99719900000002,-37.09103,-2.245092,1.017122,-0.3942837,-0.07005192,-70.14742,-21.1741,-17.7364
25.822240829,20.27325,-37.26909,-1.26956,0.9828452,-0.3330665,-0.05038631,-70.92952,-20.02122,-15.68404
25.832238674,26.42657,-38.21873,-2.793829,0.9957244,-0.1884392,-0.04518167,-70.92952,-20.02122,-15.68404
25.842236996,21.56545,-40.94894,-3.464507,1.028011,-0.06454663,-0.01129095,-70.92952,-20.02122,-15.68404
25.85223484,18.30419,-42.19534,-4.805864,1.075797,-0.09308799,-0.04726011,-70.92952,-20.02122,-15.68404
25.862232685,20.27325,-44.45073,-4.561981,1.075889,-0.07226963,-0.05588,-70.92952,-20.02122,-15.68404
25.87223053,23.84218,-43.67915,-5.964308,1.116379,-0.1806549,-0.1454164,-70.9304,-20.38469,-13.6825
25.882228851,30.42623,-44.39137,-5.537513,1.039331,-0.1009644,-0.1917245,-70.9304,-20.38469,-13.6825
25.892227173,26.24197,-45.1036,-5.659454,1.035465,0.07941458,-0.1730997,-70.9304,-20.38469,-13.6825
25.902225494,8.58193500000002,-45.34101,-5.29363,1.097926,0.1518013,-0.2038561,-70.9304,-20.38469,-13.6825
25.912223339,-5.693775,-44.27267,-4.196156,1.145657,0.1005249,-0.2283335,-70.9304,-20.38469,-13.6825
25.922221184,-10.06263,-42.01728,-3.464507,1.158624,0.05912167,-0.2139882,-70.93693,-20.73726,-10.39096
25.932219505,-10.06263,-40.118,-3.647419,1.141063,-0.01816635,-0.231645,-70.93693,-20.73726,-10.39096
25.94221735,-7.66283799999999,-38.10002,-2.001209,1.112984,-0.02719172,-0.2014434,-70.93693,-20.73726,-10.39096
25.952215195,-11.6625,-37.03168,-1.635384,1.122348,-0.006408529,-0.1808863,-70.93693,-20.73726,-10.39096
25.962213039,-17.63122,-35.60722,-1.513443,1.132169,-0.06276796,-0.2009891,-70.93693,-20.73726,-10.39096
25.972211838,-20.70788,-34.12341,-1.025677,1.094952,-0.07986391,-0.2363344,-71.30469,-21.48389,-8.390173
25.982209682,-22.80001,-32.93637,-1.574414,1.083994,-0.09246048,-0.2085547,-71.30469,-21.48389,-8.390173
25.992208004,-24.95368,-30.50292,-2.488975,1.130472,-0.1790985,-0.165063,-71.30469,-21.48389,-8.390173
26.002205849,-22.98461,-28.7817,-1.757326,1.108991,-0.2276915,-0.1185911,-71.30469,-21.48389,-8.390173
26.012203693,-18.61575,-29.37523,-2.001209,1.123155,-0.1772632,-0.1081001,-71.30469,-21.48389,-8.390173
26.022201538,-21.93855,-29.9094,-2.245092,1.130017,-0.07555272,-0.1067026,-71.69463,-21.09218,-6.717974
26.03219986,-29.13794,-28.90041,-2.367033,1.112778,-0.09281009,-0.1497399,-71.69463,-21.09218,-6.717974
26.042197704,-30.06093,-27.06048,-3.220624,1.093041,-0.1338982,-0.2425387,-71.69463,-21.09218,-6.717974
26.052195549,-29.50714,-24.62704,-3.403537,1.061642,-0.07172778,-0.2841361,-71.69463,-21.09218,-6.717974
26.062194347,-31.53773,-20.29431,-2.8548,1.032869,-0.01972777,-0.3276497,-71.69463,-21.09218,-6.717974
26.072192192,-36.95266,-15.96159,-1.696355,1.000414,0.04680405,-0.3682892,-71.70168,-21.07856,-5.105466
26.082190514,-41.75225,-11.98498,-1.574414,0.9699124,0.08787835,-0.3806896,-71.70168,-21.07856,-5.105466
26.092188358,-40.76772,-7.236791,-3.159653,0.9433322,0.02337465,-0.4155627,-71.70168,-21.07856,-5.105466
26.102186203,-32.7684,-3.497592,-4.744893,0.920707,0.008966928,-0.4011623,-71.70168,-21.07856,-5.105466
26.112184048,-24.70754,0.8351307,-6.45207400000002,0.9023755,-0.02687775,-0.4020782,-71.34435,-20.31177,-4.719739
26.122182369,-20.03102,4.930444,-6.14722099999998,0.9078594,-0.05927925,-0.3968152,-71.34435,-20.31177,-4.719739
26.132180214,-20.09255,9.08511,-5.476542,0.9017035,-0.06853725,-0.3862734,-71.34435,-20.31177,-4.719739
26.142178059,-20.27715,12.40884,-5.537513,0.8954894,-0.1006269,-0.3747685,-71.34435,-20.31177,-4.719739
26.152176857,-18.00042,15.43581,-5.90333699999997,0.875603,-0.1060766,-0.3962683,-71.34435,-20.31177,-4.719739
26.162174702,-15.53909,16.20739,-6.14722099999998,0.856379,-0.1191382,-0.3483738,-70.57577,-21.07339,-5.484126
26.172173023,-9.01656900000002,17.15703,-6.63498599999997,0.8506013,-0.1481807,-0.3234703,-70.57577,-21.07339,-5.484126
26.182170868,-0.709583300000001,15.79193,-6.63498599999997,0.7906159,-0.1197761,-0.329116,-70.57577,-21.07339,-5.484126
26.192168713,3.720809,12.88366,-6.33013299999999,0.7664575,-0.07900097,-0.3348273,-70.57577,-21.07339,-5.484126
26.202166557,3.043944,9.67863400000001,-5.78139599999999,0.7202967,-0.0863618,-0.3491022,-70.57577,-21.07339,-5.484126
26.212164879,2.674744,6.117492,-5.29363,0.6818216,-0.1669357,-0.4150578,-70.18779,-21.46129,-6.704823
26.222162724,7.16667,3.743397,-6.14722099999998,0.637717,-0.2337436,-0.5044575,-70.18779,-21.46129,-6.704823
26.232161522,7.843536,1.903473,-4.744893,0.596323,-0.2350166,-0.501035,-70.18779,-21.46129,-6.704823
26.242159367,6.612871,-1.123497,-2.549946,0.5936591,-0.2501124,-0.5517555,-70.18779,-21.46129,-6.704823
26.252157211,7.28973700000001,-3.082125,-0.2940276,0.5781199,-0.27764,-0.4995566,-70.18779,-21.46129,-6.704823
26.262155533,8.15120200000001,-7.71161000000001,-0.1111153,0.6312705,-0.1497109,-0.4944178,-69.80322,-21.84265,-7.151516
26.272153378,7.53587,-10.67923,1.291212,0.6899512,-0.1071096,-0.4265733,-69.80322,-21.84265,-7.151516
26.282151222,11.2894,-13.76555,2.205774,0.674661,-0.0971499,-0.4203277,-69.80322,-21.84265,-7.151516
26.292149067,13.93533,-17.86087,2.876452,0.6759546,-0.06129969,-0.3820531,-69.80322,-21.84265,-7.151516
26.302147389,18.18112,-22.5497,0.986358399999998,0.7114635,-0.03112145,-0.3471867,-69.80322,-21.84265,-7.151516
26.312145233,19.59638,-27.29789,-0.1111153,0.7602279,0.02049492,-0.2817201,-69.43214,-21.83275,-6.310232
26.322144032,16.64279,-31.3932,-0.4159691,0.8034293,0.002544916,-0.3186411,-69.43214,-21.83275,-6.310232
26.332141876,15.41212,-34.12341,-0.05014454,0.8042406,-0.04070979,-0.3210243,-69.43214,-21.83275,-6.310232
26.342139721,15.71979,-36.31945,-0.05014454,0.8895257,-0.03696414,-0.1493651,-69.43214,-21.83275,-6.310232
26.352138043,15.90439,-34.95435,0.620533899999998,0.9584399,-0.1268728,-0.1930125,-69.43214,-21.83275,-6.310232
26.362135887,23.04224,-35.84463,3.608101,1.014138,-0.1600681,-0.170608,-69.43133,-22.19949,-4.695696
26.372133732,30.7339,-36.85362,3.669072,0.9536164,-0.07959246,-0.2729385,-69.43133,-22.19949,-4.695696
26.382131577,27.7803,-38.57484,3.242276,0.8545731,0.0547669,-0.3512869,-69.43133,-22.19949,-4.695696
26.392129898,10.79713,-40.65217,2.449656,0.7764853,0.08572862,-0.4100236,-69.43133,-22.19949,-4.695696
26.402127743,9.38186599999998,-42.96692,-1.391501,0.7766086,0.02441278,-0.5258234,-69.43133,-22.19949,-4.695696
26.412126541,16.39665,-42.43274,-6.57401600000003,0.7284982,0.1972573,-0.5975705,-70.56797,-22.18395,-1.866024
26.422124386,17.68885,-43.73849,-11.51265,0.7242367,0.2763917,-0.2783732,-70.56797,-22.18395,-1.866024
26.432122231,25.93431,-43.56044,-17.06099,0.975423,-0.02524688,-0.4347492,-70.56797,-22.18395,-1.866024
26.442120552,37.87175,-36.49751,-13.46371,1.009771,0.06732827,-0.3759681,-70.56797,-22.18395,-1.866024
26.452118397,22.98071,-34.42017,-10.72003,1.030345,0.03645561,-0.3424957,-70.56797,-22.18395,-1.866024
26.462116242,15.71979,-32.58025,-7.67149000000001,1.025825,0.01726105,-0.359233,-70.9571,-22.15898,1.420711
26.472114086,5.689873,-27.5353,-8.70799300000002,1.053259,0.009568381,-0.3564074,-70.9571,-22.15898,1.420711
26.482112408,-0.3403839,-29.37523,-6.63498599999997,1.101613,-0.02030365,-0.2736903,-70.9571,-22.15898,1.420711
26.492110729,3.966942,-27.29789,-4.196156,1.062742,-0.0552254,-0.3946933,-70.9571,-22.15898,1.420711
26.502109051,1.690213,-28.18818,-0.7817937,0.7911637,0.1052131,-0.5426198,-70.9571,-22.15898,1.420711
26.512106896,-20.15409,-30.0281,-1.879267,0.6277798,-0.01329421,-0.3953816,-70.57539,-22.89999,3.427057
26.52210474,-29.6302,-25.93279,-2.245092,0.7938649,-0.5016848,-0.3845381,-70.57539,-22.89999,3.427057
26.532103062,5.44374,-22.19359,-1.26956,1.074697,-0.7412158,-0.296908,-70.57539,-22.89999,3.427057
26.542100906,25.07284,-16.37706,5.193341,1.308556,-0.5330701,-0.3595842,-70.57539,-22.89999,3.427057
26.552098751,29.38017,-12.93462,9.339353,1.196692,-0.2866239,-0.4283676,-70.57539,-22.89999,3.427057
26.562096596,21.99618,-11.0947,9.15644099999999,0.9568059,0.02926848,-0.5438461,-70.95129,-23.26572,5.490314
26.572095394,9.25880099999997,-9.43282899999999,6.41275599999997,0.853669,0.253605,-0.55186,-70.95129,-23.26572,5.490314
26.582093239,-2.55558,-8.364487,3.303247,0.7512301,0.3106335,-0.5770606,-70.95129,-23.26572,5.490314
26.592091561,-17.38509,-11.51016,1.169271,0.7346684,0.2862075,-0.5023676,-70.95129,-23.26572,5.490314
26.602089405,-20.52328,-14.35908,-2.184121,0.6937768,-0.0759021,-0.370116,-70.95129,-23.26572,5.490314
26.61208725,-14.30843,-14.59649,-2.001209,0.7467616,-0.6114162,-0.2729195,-70.95666,-23.25537,6.71582
26.622085571,19.71945,-8.18642900000001,0.986358399999998,0.9533458,-1.05404,-0.3928097,-70.95666,-23.25537,6.71582
26.632083416,57.00859,4.218216,6.59566799999998,1.362046,-0.8131114,-0.3840127,-70.95666,-23.25537,6.71582
26.642081261,54.67032,7.18583399999999,13.18051,1.475859,-0.09989852,-0.3279228,-70.95666,-23.25537,6.71582
26.652079105,17.68885,10.50957,12.50983,1.335467,0.3703024,-0.311049,-71.70783,-23.25773,7.09726
26.662077904,-9.20116899999999,5.286559,9.09546899999999,1.200092,0.4948129,-0.3252023,-71.70783,-23.25773,7.09726
26.672075748,-7.84743800000001,0.3009594,2.022861,1.228691,0.3992141,-0.3194846,-71.70783,-23.25773,7.09726
26.68207407,11.72013,-5.278163,-1.330531,1.206609,0.2257695,-0.3208372,-71.70783,-23.25773,7.09726
26.692071915,25.13437,-11.62887,-1.391501,1.146745,0.1189366,-0.2895978,-71.70783,-23.25773,7.09726
26.702069759,22.54998,-18.33569,-0.7817937,1.093194,0.01319597,-0.2588485,-72.47305,-22.50264,7.087644
26.712067604,7.28973700000001,-24.33027,-2.245092,0.9991173,-0.06222755,-0.2261218,-72.47305,-22.50264,7.087644
26.722065926,-5.570708,-29.31587,-5.598484,0.9477606,-0.2082546,-0.2480092,-72.47305,-22.50264,7.087644
26.73206377,-15.72369,-34.71694,-5.964308,0.9829861,-0.1886805,-0.2030895,-72.47305,-22.50264,7.087644
26.742062569,-18.55422,-34.36082,-7.61051899999998,1.061228,-0.310264,-0.3295387,-72.47305,-22.50264,7.087644
26.752060413,-9.38576900000002,-33.47054,-5.415571,1.017934,-0.2128865,-0.4275963,-72.10366,-22.48948,8.315929
26.762058258,-12.09323,-29.31587,-4.927805,0.9963214,-0.1281133,-0.5161171,-72.10366,-22.48948,8.315929
26.77205658,-18.43115,-27.17919,-3.464507,0.9191017,0.03856164,-0.5619687,-72.10366,-22.48948,8.315929
26.782054424,-27.66114,-24.80509,-4.318098,0.9410017,0.06633426,-0.5481353,-72.10366,-22.48948,8.315929
26.792052269,-29.50714,-23.02452,-4.318098,0.9444113,-0.01130956,-0.5438141,-72.10366,-22.48948,8.315929
26.802050114,-27.29194,-22.49035,-4.561981,0.9584544,-0.03078808,-0.4725257,-72.1124,-22.47259,10.31544
26.812048435,-22.61541,-23.20258,-5.598484,0.9494812,-0.07093004,-0.4322993,-72.1124,-22.47259,10.31544
26.82204628,-19.23109,-25.45797,-5.659454,0.92649,-0.01388089,-0.4145666,-72.1124,-22.47259,10.31544
26.832045078,-22.43081,-29.37523,-7.12275300000002,0.9171599,0.01540176,-0.4337009,-72.1124,-22.47259,10.31544
26.842042923,-29.13794,-33.35183,-9.378671,0.9858207,0.04481664,-0.394585,-72.1124,-22.47259,10.31544
26.852040768,-31.04547,-34.83564,-11.75653,1.05224,-0.0400441,-0.3592643,-71.72729,-23.22013,11.54778
26.862039089,-26.36894,-35.66658,-12.54915,1.050206,-0.1142983,-0.3975277,-71.72729,-23.22013,11.54778
26.872036934,-17.20049,-35.19176,-13.40274,0.9766531,-0.1429345,-0.447164,-71.72729,-23.22013,11.54778
26.882034779,-12.64703,-36.49751,-15.10992,0.9371565,-0.1154907,-0.442795,-71.72729,-23.22013,11.54778
26.892032623,-10.61643,-37.68456,-17.97555,0.952687,-0.1379837,-0.4385092,-71.72729,-23.22013,11.54778
26.902030945,-10.24723,-38.21873,-19.92661,0.9854172,-0.1685206,-0.4476513,-70.5944,-23.95879,13.17269
26.912029266,-10.86257,-38.99031,-19.98759,1.004737,-0.1594095,-0.4496016,-70.5944,-23.95879,13.17269
26.922027588,-16.33902,-40.118,-20.04856,1.040977,-0.09033711,-0.414268,-70.5944,-23.95879,13.17269
26.932025433,-22.55388,-42.84821,-20.10953,1.058375,-0.05711165,-0.4320141,-70.5944,-23.95879,13.17269
26.942023277,-32.5838,-46.40936,-18.34137,1.092121,0.09395321,-0.3526683,-70.5944,-23.95879,13.17269
26.952021599,-45.69038,-48.90215,-18.15846,1.099153,0.135056,-0.3368981,-70.1857,-25.8474,14.41111
26.962019444,-53.5051,-53.17552,-17.97555,1.067875,0.1917528,-0.3397296,-70.1857,-25.8474,14.41111
26.972017288,-61.9966899999998,-56.02444,-19.49982,1.021123,0.2424442,-0.3281753,-70.1857,-25.8474,14.41111
26.982015133,-66.4270800000003,-59.8229899999999,-21.14603,0.9731497,0.2277365,-0.3448381,-70.1857,-25.8474,14.41111
26.992013931,-67.5346799999998,-64.63053,-22.6703,0.9718806,0.2431695,-0.35489,-70.1857,-25.8474,14.41111
27.002011776,-70.2421299999997,-66.47046,-24.1336,0.9815016,0.1726665,-0.3271312,-68.68592,-26.20289,16.03677
27.012010098,-63.7811499999999,-69.5567799999999,-25.53592,0.9987246,0.006853275,-0.3759332,-68.68592,-26.20289,16.03677
27.022007942,-44.21358,-73.0585699999998,-29.25514,0.9869412,-0.06704182,-0.4070011,-68.68592,-26.20289,16.03677
27.032005787,-28.83027,-76.3822999999997,-32.54756,1.002621,0.03332462,-0.3591967,-68.68592,-26.20289,16.03677
27.042004108,-17.63122,-79.8840900000002,-35.71804,1.013148,-0.008253987,-0.3587258,-68.68592,-26.20289,16.03677
27.052001953,-1.201849,-82.7923599999999,-38.94949,1.026893,0.009421853,-0.4745696,-67.52694,-28.45261,18.8953
27.061999798,6.428272,-85.5225700000002,-41.38832,0.9685187,0.03019294,-0.4682518,-67.52694,-28.45261,18.8953
27.071998596,13.01233,-87.83731,-42.42482,0.9365487,0.07102768,-0.5036212,-67.52694,-28.45261,18.8953
27.081996441,17.38119,-89.43983,-43.70521,0.9441324,0.0310593,-0.4801739,-67.52694,-28.45261,18.8953
27.091994286,23.10378,-88.9056500000002,-44.80268,0.9208859,0.07376015,-0.5428378,-67.52694,-28.45261,18.8953
27.101992607,26.48811,-89.9146399999998,-46.57084,0.9300694,0.05223212,-0.5256196,-65.24907,-30.68355,22.98767
27.111990452,28.02644,-90.5675199999997,-48.21704,0.8910054,0.0554171,-0.571017,-65.24907,-30.68355,22.98767
27.121988297,30.5493,-90.5675199999997,-51.75335,0.865787,-0.05420745,-0.5479732,-65.24907,-30.68355,22.98767
27.131986618,44.76347,-85.2851600000002,-56.14325,0.8365497,-0.0807637,-0.5723227,-65.24907,-30.68355,22.98767
27.141984463,60.2698499999997,-79.2312199999999,-60.2282900000003,0.7188374,-0.04352476,-0.7089999,-65.24907,-30.68355,22.98767
27.151983261,75.28396,-76.7384200000002,-62.3622600000001,0.7000292,-0.1085548,-0.8180657,-62.29234,-32.52843,27.14761
27.161981106,82.3602800000003,-68.6071399999999,-58.8259599999998,0.8256471,-0.02086366,-0.6407555,-62.29234,-32.52843,27.14761
27.171978951,79.7758799999998,-55.1935,-58.0943100000002,0.7958812,-0.01460624,-0.4770322,-62.29234,-32.52843,27.14761
27.181976795,77.1914799999999,-39.58383,-56.38713,0.8030733,-0.08263349,-0.3329758,-62.29234,-32.52843,27.14761
27.191975117,78.23755,-24.56768,-57.24072,0.7311608,-0.04335016,-0.3984255,-62.29234,-32.52843,27.14761
27.201972961,77.0684200000001,-12.51915,-58.1552800000001,0.7268648,-0.09968583,-0.385482,-58.9015,-34.36404,32.0203
27.211970806,71.0381599999997,0.3009594,-57.11878,0.8032598,-0.06812268,-0.393759,-58.9015,-34.36404,32.0203
27.221969128,60.2698499999997,10.45021,-54.31412,0.8180335,-0.07515407,-0.3444897,-58.9015,-34.36404,32.0203
27.231967449,48.8862,21.60846,-51.0217,0.830433,-0.06006766,-0.3158006,-58.9015,-34.36404,32.0203
27.241965294,37.13335,31.16419,-48.33899,0.8044261,-0.07674476,-0.3296297,-56.65054,-34.71717,33.26451
27.251963615,28.64177,39.35482,-44.74171,0.8130249,-0.06798144,-0.3463971,-56.65054,-34.71717,33.26451
27.26196146,17.68885,50.2163,-41.57123,0.8410225,-0.02815475,-0.3560277,-56.65054,-34.71717,33.26451
27.271959305,1.997879,61.6713099999998,-37.30328,0.8661156,0.03782564,-0.315888,-56.65054,-34.71717,33.26451
27.281957626,-14.86223,73.7791900000003,-32.73047,0.8735411,0.08372542,-0.307777,-56.65054,-34.71717,33.26451
27.291955471,-27.90727,84.1658599999997,-28.03572,0.8320895,0.1109244,-0.3258976,-55.49201,-35.8705,30.82793
27.301953316,-35.5374,92.1190699999998,-24.37748,0.8148022,0.07034525,-0.3684503,-55.49201,-35.8705,30.82793
27.311951637,-38.06026,99.24136,-20.90215,0.8657162,0.004894644,-0.4087226,-55.49201,-35.8705,30.82793
27.321949959,-34.18366,107.61,-19.25594,0.9455276,-0.04174201,-0.4203356,-55.49201,-35.8705,30.82793
27.331947804,-24.89214,114.6136,-18.95108,0.9436581,-0.04625331,-0.4313384,-55.49201,-35.8705,30.82793
27.341946125,-14.49303,119.0057,-19.07302,0.9634768,-0.03906829,-0.4854539,-57.29989,-37.83755,24.76114
27.35194397,-5.139976,122.2701,-19.01205,0.9756395,-0.06493819,-0.5242331,-57.29989,-37.83755,24.76114
27.361941815,6.12060500000003,124.2287,-20.47535,0.9651889,-0.1320301,-0.5581766,-57.29989,-37.83755,24.76114
27.371940136,20.27325,126.0093,-21.57282,1.003489,-0.1735986,-0.5634969,-57.29989,-37.83755,24.76114
27.381937981,36.33342,127.7305,-23.58486,1.004483,-0.1744718,-0.5548841,-57.29989,-37.83755,24.76114
27.391936779,50.363,128.0866,-25.59689,0.9686034,-0.1582298,-0.5610472,-58.33904,-40.14046,15.79908
27.401934624,59.7775799999999,127.8492,-26.2066,0.9809752,-0.1424703,-0.5649014,-58.33904,-40.14046,15.79908
27.411932469,64.8848400000001,127.4931,-26.45049,1.035304,-0.1556472,-0.5822214,-58.33904,-40.14046,15.79908
27.421930313,68.9460300000002,128.5021,-26.08466,1.096782,-0.1604832,-0.6062562,-58.33904,-40.14046,15.79908
27.431928635,70.8535599999998,129.5111,-25.04816,1.055862,-0.109309,-0.6076338,-58.33904,-40.14046,15.79908
27.441926479,65.50018,128.4427,-22.73127,1.034749,-0.04904049,-0.613834,-59.41118,-41.34499,9.282292
27.451924324,55.59332,127.137,-19.68273,1.04458,-0.02736834,-0.603328,-59.41118,-41.34499,9.282292
27.461922646,44.825,126.1873,-15.29283,1.063084,-0.02639398,-0.5899604,-59.41118,-41.34499,9.282292
27.471920967,34.42589,124.7035,-10.47614,1.067613,-0.03412782,-0.5952306,-59.41118,-41.34499,9.282292
27.481919289,25.93431,124.4068,-5.720425,1.084509,-0.0518484,-0.6033913,-59.41118,-41.34499,9.282292
27.491917133,18.42725,124.4068,-0.5379106,1.104308,-0.04220241,-0.6010354,-58.24133,-42.15501,2.457658
27.501914978,10.12027,125.5938,4.522663,1.099463,-0.01738352,-0.5866761,-58.24133,-42.15501,2.457658
27.511912823,1.751746,126.128,9.217411,1.110597,-0.01318391,-0.5766465,-58.24133,-42.15501,2.457658
27.521911144,-4.893843,127.1963,13.30245,1.112145,0.008276362,-0.5713903,-58.24133,-42.15501,2.457658
27.531908989,-12.2163,128.5021,17.26555,1.099424,0.03728678,-0.5598899,-58.24133,-42.15501,2.457658
27.541906834,-19.23109,129.0956,20.67991,1.072609,0.03832887,-0.5474004,-57.08832,-42.20215,-4.113031
27.551905632,-22.67695,129.6298,23.30166,1.082234,-0.007185793,-0.5502769,-57.08832,-42.20215,-4.113031
27.561903477,-21.75395,130.6981,24.94787,1.085484,-0.02387951,-0.5229994,-57.08832,-42.20215,-4.113031
27.571901798,-16.89282,131.5884,25.4966,1.107195,-0.01222126,-0.5172973,-57.08832,-42.20215,-4.113031
27.581899643,-12.2163,133.7844,26.04534,1.146518,0.02238828,-0.4843531,-57.08832,-42.20215,-4.113031
27.591897488,-10.49337,135.8024,26.65505,1.15839,0.0657059,-0.4494489,-56.30526,-42.26136,-11.78301
27.601895332,-11.53943,137.2862,27.3867,1.171185,0.05998797,-0.4116622,-56.30526,-42.26136,-11.78301
27.611893654,-8.33970399999999,137.7017,27.75252,1.168062,0.01856859,-0.417389,-56.30526,-42.26136,-11.78301
27.621891498,-3.109379,139.1262,28.4232,1.170287,0.004126422,-0.4073391,-56.30526,-42.26136,-11.78301
27.631890297,-1.755648,139.1262,28.97194,1.170245,0.03307687,-0.3767176,-56.30526,-42.26136,-11.78301
27.641888142,-3.909311,137.761,29.21582,1.16957,0.04339991,-0.3623618,-54.84658,-38.88574,-18.75617
27.651885986,-8.33970399999999,135.6244,30.31329,1.167319,0.03368485,-0.357091,-54.84658,-38.88574,-18.75617
27.661884308,-13.57003,132.36,31.16688,1.192031,-0.01039757,-0.3422869,-54.84658,-38.88574,-18.75617
27.671882152,-18.36962,129.2143,31.83756,1.189695,-0.06708832,-0.3192965,-54.84658,-38.88574,-18.75617
27.681879997,-18.36962,125.4751,32.56921,1.200376,-0.09055685,-0.3049518,-54.84658,-38.88574,-18.75617
27.691877842,-18.67729,121.7359,33.97154,1.164304,-0.06336032,-0.2819243,-52.98068,-37.09159,-25.6536
27.701876163,-24.09221,116.3348,35.61775,1.118942,-0.05999616,-0.2411671,-52.98068,-37.09159,-25.6536
27.711874485,-27.415,109.1532,37.26396,1.085153,-0.07722081,-0.2449324,-52.98068,-37.09159,-25.6536
27.721872806,-27.47654,103.4554,38.54435,1.058564,-0.1140294,-0.2271693,-52.98068,-37.09159,-25.6536
27.731870651,-27.47654,98.11366,39.45891,1.079306,-0.07584687,-0.1884506,-52.98068,-37.09159,-25.6536
27.741868496,-26.92274,94.4931600000003,39.76376,1.082023,-0.06449372,-0.1750581,-51.50208,-34.84996,-31.78218
27.751866817,-26.49201,91.76295,40.55638,1.033134,-0.05638025,-0.1917251,-51.50208,-34.84996,-31.78218
27.761864662,-26.98427,88.4985700000001,41.65385,1.021633,-0.06610261,-0.1672952,-51.50208,-34.84996,-31.78218
27.771862507,-26.12281,85.5309600000001,42.62939,1.009854,-0.06215046,-0.1878545,-51.50208,-34.84996,-31.78218
27.781860352,-23.16921,82.6820399999999,42.26356,0.97128,-0.05731717,-0.1605096,-49.68387,-31.07701,-37.07758
27.79185915,-19.84642,78.8834899999999,40.86124,0.9302328,-0.05063287,-0.1379467,-49.68387,-31.07701,-37.07758
27.801856995,-14.36996,72.8889000000003,38.36143,0.916267,-0.08541942,-0.1388706,-49.68387,-31.07701,-37.07758
27.811855316,-6.001441,65.7666199999998,35.19096,0.8930865,-0.1222133,-0.1268563,-49.68387,-31.07701,-37.07758
27.821853161,5.62834,59.2378600000001,31.28883,0.8865394,-0.1361894,-0.100041,-49.68387,-31.07701,-37.07758
27.831851006,19.10412,53.77744,27.50864,0.90516,-0.1159768,-0.1086931,-47.48055,-28.05162,-41.14064
27.841849327,30.5493,48.9699,24.33816,0.8641714,-0.08721001,-0.1158077,-47.48055,-28.05162,-41.14064
27.851847172,37.01028,43.8656,21.5335,0.8154792,-0.06348988,-0.1267361,-47.48055,-28.05162,-41.14064
27.861845016,40.51768,39.71093,18.91176,0.8300022,-0.03189654,-0.1042765,-47.48055,-28.05162,-41.14064
27.871843815,42.24061,35.85303,17.08264,0.8448982,-0.02025451,-0.085641,-47.48055,-28.05162,-41.14064
27.88184166,44.20967,32.23254,15.00963,0.816625,-0.0455698,-0.08271374,-45.66885,-24.63124,-43.1445
27.891839504,46.36334,28.19657,13.91216,0.7882774,-0.06704289,-0.08457309,-45.66885,-24.63124,-43.1445
27.901837826,48.517,24.39802,12.63177,0.7974999,-0.0647941,-0.07118963,-45.66885,-24.63124,-43.1445
27.91183567,49.74767,20.59947,11.59527,0.7881941,-0.03629424,-0.06974501,-45.66885,-24.63124,-43.1445
27.921833515,46.97867,16.38545,10.55877,0.7586772,-0.02127904,-0.06443308,-45.66885,-24.63124,-43.1445
27.931831837,43.34821,12.76496,10.31489,0.7795784,-0.04404215,-0.04819208,-44.5314,-25.01352,-44.35963
27.941830158,42.97901,10.33151,9.339353,0.7799914,-0.06582679,-0.0400514,-44.5314,-25.01352,-44.35963
27.951828003,44.57887,7.89806300000001,8.668674,0.7605428,-0.06894779,-0.07351701,-44.5314,-25.01352,-44.35963
27.961826324,44.51734,6.117492,8.72964499999998,0.7686911,-0.06136609,-0.05917589,-44.5314,-25.01352,-44.35963
27.971824169,41.56374,3.980806,8.85158600000001,0.7983059,-0.05461194,-0.0223789,-44.5314,-25.01352,-44.35963
27.981822014,41.37915,0.657073599999999,7.937025,0.7653741,-0.09188365,-0.04145493,-44.11118,-27.28957,-43.95769
27.991820335,45.13267,-2.488602,6.96149300000002,0.7313898,-0.1246842,-0.04760873,-44.11118,-27.28957,-43.95769
28.00181818,47.9632,-4.387877,6.29081499999999,0.763329,-0.08646465,-0.02900979,-44.11118,-27.28957,-43.95769
28.011816025,49.6246,-5.040754,5.86401899999998,0.7631859,-0.05295944,-0.03141104,-44.11118,-27.28957,-43.95769
28.021814823,47.16327,-6.70261999999998,6.16887299999999,0.7288306,-0.04010202,-0.03901168,-44.11118,-27.28957,-43.95769
28.031812668,41.87141,-7.47420100000002,7.14440499999997,0.7934592,-0.05625763,-0.03242012,-43.75385,-26.52277,-43.57195
28.041810513,39.41008,-7.47420100000002,8.24187900000002,0.8509534,-0.05541027,-0.01098464,-43.75385,-26.52277,-43.57195
28.051808834,37.99482,-9.01736299999997,8.72964499999998,0.8181431,-0.07249279,-0.001351527,-43.75385,-26.52277,-43.57195
28.061806679,37.99482,-11.80692,9.217411,0.8267589,-0.09038575,-0.01045488,-43.75385,-26.52277,-43.57195
28.071804523,40.64075,-15.48677,8.85158600000001,0.8217252,-0.08168561,-0.004705437,-43.75385,-26.52277,-43.57195
28.081802845,41.68681,-18.51374,8.18090799999998,0.8284952,-0.05282867,0.001018243,-44.10081,-28.03993,-42.72812
28.09180069,41.87141,-21.3033,7.937025,0.8467643,-0.03918062,0.01916877,-44.10081,-28.03993,-42.72812
28.101799488,42.48674,-22.60905,7.69314200000002,0.8677705,-0.01585616,0.02678336,-44.10081,-28.03993,-42.72812
28.111797333,40.02541,-24.44898,8.18090799999998,0.8590266,0.008824285,0.03444947,-44.10081,-28.03993,-42.72812
28.121795177,34.42589,-26.22955,9.15644099999999,0.8952156,0.001672094,0.02433813,-44.10081,-28.03993,-42.72812
28.131793022,30.30317,-27.4166,9.64420700000001,0.9139332,-0.008438271,0.04727975,-44.44946,-29.55381,-41.49728
28.141791344,27.9649,-28.48494,9.88808900000002,0.9341956,-0.02284334,0.07548413,-44.44946,-29.55381,-41.49728
28.151789188,29.2571,-29.13782,9.70517700000002,0.9161537,-0.04789508,0.08509355,-44.44946,-29.55381,-41.49728
28.161787033,31.41076,-30.32486,9.58323599999998,0.8884631,-0.02663621,0.07843629,-44.44946,-29.55381,-41.49728
28.171785831,30.85696,-31.2745,9.76614900000002,0.8882485,-0.01484187,0.09326948,-44.44946,-29.55381,-41.49728
28.181783676,31.4723,-31.86802,10.01003,0.8753695,-0.003284584,0.1095605,-46.30833,-30.69205,-39.50559
28.191781998,32.51836,-32.22414,9.52226500000001,0.8640614,0.002476822,0.1263289,-46.30833,-30.69205,-39.50559
28.201779842,33.19522,-32.93637,8.11993799999998,0.8437762,0.01848402,0.1139172,-46.30833,-30.69205,-39.50559
28.211777687,33.93362,-35.07305,6.41275599999997,0.8418655,0.01577092,0.08712097,-46.30833,-30.69205,-39.50559
28.221775532,34.17976,-36.02269,4.583633,0.8993785,0.0405385,0.06739271,-46.30833,-30.69205,-39.50559
28.231773853,33.87209,-35.96334,3.48616,0.9615454,0.02582716,0.07781679,-47.75763,-33.35544,-38.27702
28.241771698,35.65656,-35.72593,2.571598,0.9784684,0.006609801,0.06534927,-47.75763,-33.35544,-38.27702
28.251770496,41.99448,-37.09103,1.657037,0.9222771,-0.01169694,0.04487316,-47.75763,-33.35544,-38.27702
28.261768341,50.79373,-38.69355,0.5595631,0.8583109,0.02094552,0.03301187,-47.75763,-33.35544,-38.27702
28.271766186,57.07012,-39.70254,-1.513443,0.8600273,0.08583338,0.05739954,-47.75763,-33.35544,-38.27702
28.281764507,59.4699099999999,-40.05865,-4.866835,0.8831836,0.1762427,0.06307881,-50.02466,-32.97126,-35.84471
28.291762352,58.1161800000001,-41.42376,-7.91537200000002,0.875656,0.2389813,0.03196834,-50.02466,-32.97126,-35.84471
28.301760197,52.02439,-42.4921,-9.31770000000002,0.9319223,0.1998641,-0.009755798,-50.02466,-32.97126,-35.84471
28.311758041,48.57853,-44.09461,-9.378671,0.9928683,0.1189958,-0.05722025,-50.02466,-32.97126,-35.84471
28.321756363,50.97833,-46.40936,-10.17129,1.065301,0.04971527,-0.08460751,-50.02466,-32.97126,-35.84471
28.331754685,58.0546500000002,-49.61438,-11.26876,1.055752,-0.03911654,-0.1065825,-51.84789,-36.00419,-33.00438
28.341753006,70.1151699999999,-55.72768,-12.91498,0.976359,-0.1461573,-0.1619313,-51.84789,-36.00419,-33.00438
28.351750851,64.3925700000003,-45.28166,-6.63498599999997,1.631541,-0.4171046,0.9922789,-51.84789,-36.00419,-33.00438
28.361748695,39.22548,-2.547954,11.35139,2.507147,0.0406266,2.599607,-51.84789,-36.00419,-33.00438
28.371747017,23.41144,41.25409,28.66708,2.417863,0.3646573,1.827736,-53.30305,-38.96058,-28.9361
28.381744862,50.97833,22.32069,19.4605,1.109507,0.06127926,1.134724,-53.30305,-38.96058,-28.9361
28.391742706,40.08695,-0.648678499999998,-7.91537200000002,0.5616653,0.314229,0.5953017,-53.30305,-38.96058,-28.9361
28.401741505,21.01165,-19.81949,-15.47575,1.55815,0.31397,0.5380499,-53.30305,-38.96058,-28.9361
28.411739349,18.67338,-18.51374,-10.04935,1.733343,0.1987056,0.6267892,-53.30305,-38.96058,-28.9361
28.421737194,23.10378,-13.8249,-10.59809,1.098283,0.0916557,0.2316629,-54.40903,-40.09973,-27.71285
28.431735516,20.64245,-19.58208,-15.65866,0.6726857,-0.03903005,-0.2250801,-54.40903,-40.09973,-27.71285
28.44173336,24.14984,-37.74391,-20.04856,0.5908249,-0.1587119,-0.85902,-54.40903,-40.09973,-27.71285
28.451732159,19.78098,-52.28524,-13.34177,0.9053516,-0.3280508,-0.9265253,-54.40903,-40.09973,-27.71285
28.461729527,15.65826,-48.96151,-4.440039,1.321414,-0.2577995,-0.3625489,-54.40903,-40.09973,-27.71285
28.471727848,38.85628,-34.59823,-2.123151,1.088336,-0.3252645,-0.2750244,-54.01269,-41.23417,-27.25248
28.481725693,70.5459000000001,-29.07846,-1.696355,0.9373475,-0.2741746,-0.1541732,-54.01269,-41.23417,-27.25248
28.491724014,80.6988799999999,-25.57667,-2.793829,0.9704254,-0.03334901,0.01751597,-54.01269,-41.23417,-27.25248
28.501721859,74.2378899999998,-23.32128,-2.123151,1.058268,0.1437475,0.1163825,-54.01269,-41.23417,-27.25248
28.511719704,62.5465799999997,-20.59108,0.681504599999997,1.034554,0.2663021,0.1781286,-54.01269,-41.23417,-27.25248
28.521718025,45.5634,-20.59108,2.388686,0.9946913,0.340311,0.2269938,-54.39367,-41.5901,-24.02822
28.53171587,30.9185,-23.61805,1.413154,0.9271478,0.303051,0.1778278,-54.39367,-41.5901,-24.02822
28.541713715,21.68851,-26.46696,2.083832,0.9924901,0.1970103,0.1844412,-54.39367,-41.5901,-24.02822
28.551712513,18.91952,-27.71336,2.998394,0.9944369,0.1962251,0.1475877,-54.39367,-41.5901,-24.02822
28.564209938,14.85832,-29.79069,3.120335,0.9630851,0.1526717,0.1289891,-54.39367,-41.5901,-24.02822
28.571708202,14.30453,-30.62162,2.876452,0.9825978,0.07392772,0.1375897,-55.48145,-43.85997,-21.57338
28.584205628,23.53451,-31.57126,2.388686,0.9827034,-0.08820016,0.1036524,-55.48145,-43.85997,-21.57338
28.594203949,31.1031,-31.74932,2.144803,0.9714797,-0.08674038,0.128079,-55.48145,-43.85997,-21.57338
28.601702213,31.4723,-31.68997,2.266744,0.9804823,-0.0985049,0.1505594,-55.48145,-43.85997,-21.57338
28.611700535,30.7339,-30.85903,3.120335,0.987904,-0.1560712,0.1630042,-55.48145,-43.85997,-21.57338
28.624198437,30.42623,-30.68097,4.33975,0.9829383,-0.229122,0.1563316,-55.86521,-43.84534,-19.51215
28.631697178,35.10276,-32.81766,2.876452,0.9280316,-0.2926505,0.02387813,-55.86521,-43.84534,-19.51215
28.644194126,47.65553,-40.88958,0.3766508,0.9926158,-0.2573649,-0.08296601,-55.86521,-43.84534,-19.51215
28.651692867,51.77826,-43.32303,-1.147618,1.134057,-0.1322867,0.003856058,-55.86521,-43.84534,-19.51215
28.661690712,55.77792,-41.54246,-3.769361,1.096058,-0.08037152,0.02400913,-55.86521,-43.84534,-19.51215
28.671689033,60.8851799999999,-39.28707,-4.135185,0.9955784,-0.1029646,-0.05046776,-56.62543,-43.83027,-17.0667
28.684186935,59.7775799999999,-37.20974,-2.245092,1.015286,-0.03718365,-0.0734907,-56.62543,-43.83027,-17.0667
28.69418478,54.97799,-34.59823,-0.8427644,1.093873,-0.04366393,-0.04874008,-56.62543,-43.83027,-17.0667
28.704182625,54.05499,-27.35724,0.2547093,1.106926,-0.1141727,0.02399889,-56.62543,-43.83027,-17.0667
28.714180946,53.93192,-21.65942,0.31568,1.01691,-0.2798162,-0.09305267,-56.62543,-43.83027,-17.0667
28.724178791,63.7772400000001,-26.70437,1.535095,0.8725872,-0.4362465,-0.3071629,-57.36122,-45.32299,-13.00063
28.734176636,77.25302,-31.51191,0.620533899999998,1.045825,-0.3684189,-0.1730025,-57.36122,-45.32299,-13.00063
28.744174957,88.4520600000002,-28.663,-1.513443,1.091653,-0.2108629,-0.047736,-57.36122,-45.32299,-13.00063
28.754173279,91.40566,-28.90041,-1.26956,0.9302831,-0.04982822,0.002754331,-57.36122,-45.32299,-13.00063
28.7641716,80.51428,-32.04608,-1.147618,0.9535516,0.009965575,0.06108466,-57.36122,-45.32299,-13.00063
28.774169445,78.6682799999997,-32.28349,-1.330531,1.009828,-0.1329587,0.03948743,-58.11526,-45.685,-10.16615
28.78416729,89.9288600000001,-32.58025,-1.086647,0.9936364,-0.3094965,0.006060784,-58.11526,-45.685,-10.16615
28.794165134,105.4352,-29.07846,-2.001209,1.017245,-0.4260814,-0.04037223,-58.11526,-45.685,-10.16615
28.804163456,124.3875,-28.36624,-2.428004,0.8988681,-0.3789877,-0.1607791,-58.11526,-45.685,-10.16615
28.814161301,130.91,-32.93637,-4.988776,0.8404289,-0.07121161,-0.2277572,-58.49573,-46.40712,-5.262852
28.824160099,116.5112,-35.48852,-7.91537200000002,0.8967836,0.1216883,-0.1393685,-58.49573,-46.40712,-5.262852
28.834157944,110.7886,-41.89857,-7.67149000000001,0.9252486,0.1352649,-0.2040294,-58.49573,-46.40712,-5.262852
28.844155788,107.835,-44.09461,-7.18372300000002,1.040721,0.3699711,-0.1884981,-58.49573,-46.40712,-5.262852
28.85415411,96.3898500000002,-49.02086,-7.42760699999997,0.9967037,0.455914,-0.207108,-58.49573,-46.40712,-5.262852
28.864151955,82.2987400000001,-51.75107,-7.91537200000002,1.05678,0.3985398,-0.1282329,-58.49866,-47.49697,0.8062611
28.874149799,74.97629,-52.22588,-5.3546,1.048101,0.2628905,-0.1702975,-58.49866,-47.49697,0.8062611
28.884147644,66.9769700000002,-52.46329,-2.184121,1.003014,0.2494301,-0.2161588,-58.49866,-47.49697,0.8062611
28.894145966,49.31693,-52.81941,-0.8427644,1.007455,0.2210359,-0.1955804,-58.49866,-47.49697,0.8062611
28.904144287,32.33376,-50.86078,0.864416900000002,1.009003,0.05988646,-0.2319134,-58.49866,-47.49697,0.8062611
28.914142609,26.98037,-49.9705,1.90092,0.9800991,-0.03684496,-0.2787386,-59.2634,-47.83828,6.091753
28.924140453,26.36504,-47.4777,0.7424754,1.012754,-0.06204148,-0.2352386,-59.2634,-47.83828,6.091753
28.934138298,32.88756,-45.1036,0.2547093,1.016267,-0.04155812,-0.2347714,-59.2634,-47.83828,6.091753
28.94413662,35.41042,-43.67915,0.4985923,1.008759,0.02101509,-0.2309458,-59.2634,-47.83828,6.091753
28.954134464,32.57989,-40.77088,1.413154,1.001002,0.06942432,-0.2874167,-59.2634,-47.83828,6.091753
28.964132309,24.45751,-39.58383,2.876452,0.9961622,0.09364772,-0.2850217,-58.54545,-47.04144,9.705276
28.974131107,16.45819,-38.51549,4.27878,1.000376,0.103827,-0.2438741,-58.54545,-47.04144,9.705276
28.984128952,8.45886800000002,-37.44715,6.22984400000002,1.004445,0.07053193,-0.1740005,-58.54545,-47.04144,9.705276
28.994126797,4.766874,-35.36981,7.87605399999997,1.027458,0.0118543,-0.2103973,-58.54545,-47.04144,9.705276
29.004125118,3.782343,-34.53888,10.4978,1.031729,0.06973942,-0.2132911,-58.54545,-47.04144,9.705276
29.014122963,-2.55558,-33.35183,10.86362,1.038705,0.08805006,-0.1922506,-58.55617,-47.02073,12.15629
29.024120808,-2.801713,-31.98673,10.55877,1.063798,-0.02854853,-0.1903501,-58.55617,-47.02073,12.15629
29.034119129,4.028476,-31.45256,9.70517700000002,1.062498,-0.06383836,-0.220489,-58.55617,-47.02073,12.15629
29.044117451,4.028476,-31.33385,11.1075,1.006862,0.01793913,-0.2443419,-58.55617,-47.02073,12.15629
29.054115772,-8.21663800000001,-31.2745,12.87566,1.016213,0.06548831,-0.2194844,-58.55617,-47.02073,12.15629
29.064113617,-16.52362,-30.26551,14.0341,0.9914846,0.03135478,-0.2849975,-58.9478,-46.62576,14.21549
29.074111462,-23.10768,-29.9094,14.76575,1.02524,-0.02708334,-0.2654196,-58.9478,-46.62576,14.21549
29.084109306,-18.98495,-28.90041,13.54634,1.075042,-0.136588,-0.2850999,-58.9478,-46.62576,14.21549
29.094107628,-15.60063,-27.71336,12.87566,1.126591,-0.1032859,-0.2091047,-58.9478,-46.62576,14.21549
29.104105473,-12.4009,-27.65401,10.4978,1.194916,-0.1343317,-0.1915085,-58.9478,-46.62576,14.21549
29.114104271,-4.524643,-28.60365,8.60770299999997,1.211221,-0.04274473,-0.2016106,-58.95736,-46.24213,14.60046
29.124102116,-7.724371,-27.5353,9.76614900000002,1.176388,0.02246746,-0.1690235,-58.95736,-46.24213,14.60046
29.13409996,-9.20116899999999,-29.01911,8.91255800000001,1.219595,-0.023261,-0.2676738,-58.95736,-46.24213,14.60046
29.144098282,-6.80137299999998,-28.95976,5.13237,1.18958,0.04343745,-0.295396,-58.95736,-46.24213,14.60046
29.154096127,-3.786245,-27.95077,2.632569,1.192928,-0.03073142,-0.2829398,-58.95736,-46.24213,14.60046
29.164093971,-3.355512,-26.2889,2.205774,1.206105,0.02007562,-0.2820187,-58.96861,-45.85524,15.37244
29.174091816,-8.83197000000002,-22.96517,2.022861,1.153038,-0.009613623,-0.3316904,-58.96861,-45.85524,15.37244
29.184090138,-16.09289,-19.9382,2.937423,1.11184,-0.07299121,-0.3182022,-58.96861,-45.85524,15.37244
29.194088459,-23.84608,-17.14864,-0.05014454,1.14884,-0.07057428,-0.2933813,-58.96861,-45.85524,15.37244
29.204086781,-22.67695,-14.00296,-3.525478,1.137177,-0.17639,-0.3081696,-58.96861,-45.85524,15.37244
29.214084625,-13.93923,-12.81591,-5.84236700000003,1.128917,-0.09819724,-0.2421318,-58.98014,-45.4678,16.20892
29.22408247,-11.78556,-9.31412399999998,-7.67149000000001,1.106877,-0.04183986,-0.30193,-58.98014,-45.4678,16.20892
29.234080315,-13.75463,-5.634277,-7.366636,1.06032,-0.08049301,-0.3362963,-58.98014,-45.4678,16.20892
29.244078636,-17.01589,-1.717021,-7.366636,1.056915,-0.05553697,-0.3630971,-58.98014,-45.4678,16.20892
29.254076481,-22.00008,2.140883,-8.03731400000003,1.005828,-0.008031089,-0.3716346,-58.98014,-45.4678,16.20892
29.264075279,-28.1534,6.05813900000001,-7.30566500000003,0.9380343,-0.0307607,-0.3724677,-58.21127,-46.22997,15.38003
29.274073124,-32.03,10.03475,-6.81789900000001,0.9234832,-0.06014765,-0.3662133,-58.21127,-46.22997,15.38003
29.284070969,-27.23041,12.29014,-8.098285,0.8966305,-0.0572108,-0.3589886,-58.21127,-46.22997,15.38003
29.29406929,-19.23109,14.01136,-9.80546599999998,0.8541906,-0.02815683,-0.3316433,-58.21127,-46.22997,15.38003
29.304067135,-10.43183,14.66423,-10.96391,0.8037677,-0.01540192,-0.3157656,-58.21127,-46.22997,15.38003
29.31406498,-5.816842,14.90164,-10.96391,0.8116633,0.03151413,-0.3038271,-57.83144,-46.23696,14.2218
29.324062824,-3.909311,15.49516,-11.08585,0.8295379,0.01315147,-0.3311324,-57.83144,-46.23696,14.2218
29.334061623,-3.293979,15.67322,-11.45168,0.7974228,-0.04233396,-0.3774839,-57.83144,-46.23696,14.2218
29.344059467,6.18213799999999,14.60488,-13.03692,0.7210532,-0.02335869,-0.3692199,-57.83144,-46.23696,14.2218
29.354057789,7.04360400000002,12.17143,-13.34177,0.6760518,0.03737468,-0.3792072,-57.4373,-47.00194,13.39014
29.364055634,3.782343,9.44122399999999,-13.82954,0.6766499,-0.04609895,-0.3686581,-57.4373,-47.00194,13.39014
29.374053478,8.27426799999999,6.29554899999997,-14.86604,0.6665517,-0.1050579,-0.3643181,-57.4373,-47.00194,13.39014
29.3840518,7.53587,2.081531,-14.01245,0.6210359,-0.04364793,-0.4054121,-57.4373,-47.00194,13.39014
29.394049645,-1.632582,-3.675649,-12.12236,0.6407927,-0.1076193,-0.323115,-57.4373,-47.00194,13.39014
29.404048443,-1.263382,-8.42383900000002,-12.06138,0.6511604,-0.2203161,-0.3939333,-56.67629,-47.38375,12.55922
29.414046288,5.81293900000002,-12.69721,-11.51265,0.5893227,-0.2230659,-0.401482,-56.67629,-47.38375,12.55922
29.424044132,9.68953300000002,-16.67382,-11.63459,0.592985,-0.2110468,-0.423506,-56.67629,-47.38375,12.55922
29.434041977,1.997879,-21.3033,-9.378671,0.6919024,-0.1062123,-0.3858979,-56.67629,-47.38375,12.55922
29.444040299,-8.52430299999999,-22.96517,-6.695957,0.7654174,-0.1028687,-0.3917698,-56.67629,-47.38375,12.55922
29.454038143,-14.86223,-24.80509,-3.342566,0.6969882,-0.09303618,-0.4438179,-55.91894,-47.75849,12.56681
29.464035988,-21.01555,-27.00113,-2.06218,0.6928794,-0.1597045,-0.4452293,-55.91894,-47.75849,12.56681
29.474034786,-9.93956800000001,-29.73134,-4.683922,0.7197434,-0.1630613,-0.4452752,-55.91894,-47.75849,12.56681
29.484032631,-0.709583300000001,-31.51191,-6.14722099999998,0.7824853,-0.02577465,-0.3942123,-55.91894,-47.75849,12.56681
29.494030953,3.16701,-34.18277,-7.91537200000002,0.8319143,0.01520704,-0.3770803,-55.91894,-47.75849,12.56681
29.504028797,5.566806,-36.08204,-8.890904,0.8833353,0.05373258,-0.3671298,-55.54367,-48.12186,14.24863
29.514026642,1.136414,-36.79427,-8.76896300000003,0.9388409,0.05714143,-0.327027,-55.54367,-48.12186,14.24863
29.524024487,-5.509175,-37.80326,-9.86643700000001,0.9985593,-0.008541264,-0.3055783,-55.54367,-48.12186,14.24863
29.534022808,-6.678307,-38.57484,-11.32973,1.061381,-0.08317182,-0.2597253,-55.54367,-48.12186,14.24863
29.54402113,-9.20116899999999,-36.91298,-10.53712,1.095034,-0.1114538,-0.289927,-55.54367,-48.12186,14.24863
29.554019451,-6.92443900000002,-35.84463,-7.48857699999998,1.009345,-0.01310958,-0.3501035,-55.17429,-48.1087,15.47691
29.564017296,-19.60028,-35.31046,-6.57401600000003,0.8875924,-0.01705622,-0.3589832,-55.17429,-48.1087,15.47691
29.574015141,-14.80069,-36.67556,-11.45168,0.9210324,-0.1383766,-0.4130893,-55.17429,-48.1087,15.47691
29.584013462,-3.355512,-34.95435,-16.2074,1.017667,-0.1196164,-0.3773694,-55.17429,-48.1087,15.47691
29.594011307,9.50493299999999,-33.94535,-18.58526,1.076391,-0.07951849,-0.3176601,-55.17429,-48.1087,15.47691
29.604009152,9.44340000000003,-31.3932,-17.67069,1.17953,0.06063286,-0.2532682,-54.77683,-49.61042,17.48732
29.61400795,2.859344,-30.44357,-18.58526,1.241577,0.02576306,-0.2682033,-54.77683,-49.61042,17.48732
29.624005794,-2.063314,-27.83206,-18.89011,1.243544,0.04973494,-0.3079347,-54.77683,-49.61042,17.48732
29.634003639,-4.770776,-27.00113,-19.43885,1.119526,0.03637027,-0.3321224,-54.77683,-49.61042,17.48732
29.644001961,-0.832649800000001,-26.88243,-19.62176,0.94587,0.1486714,-0.3763562,-54.77683,-49.61042,17.48732
29.653999805,0.4595481,-28.48494,-20.7802,0.7655395,0.1986471,-0.525849,-53.64394,-50.34907,19.11222
29.66399765,-3.847778,-29.79069,-22.79224,0.6929749,0.09200443,-0.5524954,-53.64394,-50.34907,19.11222
29.673995972,-0.2788507,-27.71336,-31.08426,0.6775509,-0.07401609,-0.6065048,-53.64394,-50.34907,19.11222
29.683994293,0.767214200000001,-28.54429,-34.98639,0.9595892,-0.03731348,-0.3916467,-53.64394,-50.34907,19.11222
29.693992138,13.99686,-27.35724,-36.6326,0.9666886,-0.2854323,-0.3853737,-53.64394,-50.34907,19.11222
29.703990459,36.33342,-28.7817,-39.37629,1.092831,-0.2275979,-0.285586,-52.86836,-51.85452,20.3514
29.713988304,44.51734,-30.91838,-43.15648,1.088615,-0.05526407,-0.2956732,-52.86836,-51.85452,20.3514
29.723986149,47.594,-33.70795,-43.88812,1.003522,0.09005378,-0.3218839,-52.86836,-51.85452,20.3514
29.73398447,42.73288,-38.57484,-43.46133,0.7573477,0.3520491,-0.4191518,-52.86836,-51.85452,20.3514
29.743982315,32.08763,-46.70612,-45.65627,0.5634266,0.5299492,-0.5260606,-52.86836,-51.85452,20.3514
29.753981113,17.25812,-48.54604,-50.04617,0.5179787,0.3285627,-0.5565584,-50.98965,-52.58047,22.82037
29.763978958,19.22718,-49.02086,-54.00927,0.4722614,-0.06712344,-0.6310347,-50.98965,-52.58047,22.82037
29.773976803,29.68783,-51.39495,-58.5211100000001,0.6951402,-0.0976426,-0.4122275,-50.98965,-52.58047,22.82037
29.783974647,38.79475,-52.87876,-60.9599300000002,0.9111568,-0.2096464,-0.4269325,-50.98965,-52.58047,22.82037
29.793972969,61.99278,-57.21148,-64.4352599999999,0.9205295,-0.2391368,-0.3245259,-50.98965,-52.58047,22.82037
29.803970814,77.8068199999997,-65.5208199999999,-69.1300100000003,0.8979453,-0.02378206,-0.3728782,-48.73003,-53.68069,25.68115
29.813968658,81.0065499999999,-78.9938000000002,-73.3979600000002,0.8530485,0.4497522,-0.2513635,-48.73003,-53.68069,25.68115
29.823967457,53.68579,-96.6808100000001,-78.7024200000003,0.8467346,0.8161618,-0.07772378,-48.73003,-53.68069,25.68115
29.833965301,28.82637,-110.5693,-83.0923199999997,1.035108,0.7463552,-0.2005497,-48.73003,-53.68069,25.68115
29.843963623,30.48776,-117.8103,-85.2872600000001,1.209861,0.3855565,-0.4965214,-48.73003,-53.68069,25.68115
29.853961468,40.33308,-122.321,-89.2503699999999,1.224108,0.3554966,-0.4137449,-44.97008,-55.50259,31.84663
29.863959312,39.65622,-114.902,-93.94511,1.668387,0.05382089,-0.3014977,-44.97008,-55.50259,31.84663
29.873957157,83.0986799999999,-100.5387,-98.8837400000001,1.780538,-0.1639768,-0.5538468,-44.97008,-55.50259,31.84663
29.883955479,124.0183,-96.7995100000002,-110.5292,1.695988,0.006429645,-0.4948784,-44.97008,-55.50259,31.84663
29.8939538,139.1555,-89.8552900000003,-114.5532,1.7203,0.06148019,-0.4791419,-44.97008,-55.50259,31.84663
29.903952122,146.3548,-82.1394799999999,-110.1024,1.483066,0.1838535,-0.6127612,-39.00101,-55.40583,38.01865
29.913949966,125.0028,-77.3319399999998,-104.676,1.429873,0.4190078,-0.7146657,-39.00101,-55.40583,38.01865
29.923947811,89.5596599999997,-69.5567799999999,-98.6398599999998,1.307566,0.3398511,-0.7632468,-39.00101,-55.40583,38.01865
29.933946133,61.86971,-62.4345,-94.1280300000001,1.10978,0.2070856,-0.7719608,-39.00101,-55.40583,38.01865
29.943943977,54.48572,-55.13415,-92.4208499999999,0.9446045,0.05007168,-0.7926898,-31.57889,-56.42574,45.81992
29.953941822,53.50119,-47.95251,-91.07949,0.8732779,-0.01783256,-0.7839336,-31.57889,-56.42574,45.81992
29.96394062,61.6235800000002,-41.3644,-89.6771600000001,0.7918325,-0.06532101,-0.752672,-31.57889,-56.42574,45.81992
29.973938465,75.7762200000001,-33.7673,-87.9699799999999,0.7311003,-0.09961661,-0.7051782,-31.57889,-56.42574,45.81992
29.98393631,87.4675399999999,-27.4166,-86.5676500000001,0.6712394,-0.07657583,-0.6600937,-31.57889,-56.42574,45.81992
29.993934631,99.8357199999998,-23.6774,-85.4092100000002,0.6236738,-0.03553256,-0.6920859,-24.5122,-54.44328,49.08762
30.003932476,107.2812,-21.54071,-85.4092100000002,0.5875768,-0.03244059,-0.6479948,-24.5122,-54.44328,49.08762
30.013930321,108.2042,-19.52273,-84.9824099999998,0.5478986,-0.02090052,-0.6287855,-24.5122,-54.44328,49.08762
30.023928642,99.0973099999999,-17.97957,-83.8849399999999,0.5378379,-0.0289392,-0.5828226,-24.5122,-54.44328,49.08762
30.033926964,90.7287999999999,-19.04791,-81.7509599999998,0.5375792,-0.09391229,-0.6196558,-24.5122,-54.44328,49.08762
30.043925285,87.2214100000002,-19.34468,-77.2391300000001,0.5340766,-0.1684192,-0.682324,-19.68638,-52.85751,52.40517
30.05392313,87.2829400000001,-21.06589,-72.6663200000002,0.5070557,-0.18482,-0.769852,-19.68638,-52.85751,52.40517
30.063920975,90.6057299999999,-22.13424,-70.4104000000003,0.4814895,-0.1485699,-0.8420818,-19.68638,-52.85751,52.40517
30.073918819,81.3142100000001,-22.96517,-69.2519500000002,0.5055006,-0.04953963,-0.7459553,-19.68638,-52.85751,52.40517
30.083917141,61.00825,-21.00654,-67.6057399999999,0.590013,0.04764066,-0.5580474,-19.68638,-52.85751,52.40517
30.093915463,37.25642,-15.19001,-65.65468,0.6422747,0.09666582,-0.4117067,-15.65446,-49.36577,56.86803
30.103913784,14.36606,-7.11808599999999,-63.39876,0.6362501,0.003789933,-0.3523289,-15.65446,-49.36577,56.86803
30.113911629,2.244012,1.131893,-59.9844000000002,0.6403506,-0.1364916,-0.3441642,-15.65446,-49.36577,56.86803
30.123909473,7.41280299999999,9.916043,-57.11878,0.6444421,-0.2257635,-0.3905701,-15.65446,-49.36577,56.86803
30.133907795,23.28838,18.70019,-56.69198,0.659816,-0.2687719,-0.5035299,-15.65446,-49.36577,56.86803
30.14390564,40.57921,25.46636,-57.4845999999999,0.6442381,-0.2710989,-0.5647598,-12.71102,-47.04698,58.55511
30.153903484,50.67066,32.88541,-56.14325,0.6646739,-0.1921613,-0.5853946,-12.71102,-47.04698,58.55511
30.163902283,53.80886,39.29547,-56.02131,0.6374133,-0.1431786,-0.6432673,-12.71102,-47.04698,58.55511
30.173900127,56.94705,43.39078,-54.80189,0.657319,-0.1137956,-0.6614956,-12.71102,-47.04698,58.55511
30.183897972,58.42385,49.86019,-54.61898,0.7011021,-0.05724371,-0.6300004,-12.71102,-47.04698,58.55511
30.193896294,55.34719,57.21988,-54.74092,0.7496352,0.03282765,-0.556886,-11.95706,-47.41517,59.33671
30.203894138,51.77826,65.4105100000002,-55.71645,0.8278478,0.07267989,-0.5130036,-11.95706,-47.41517,59.33671
30.213891983,51.40906,73.3637199999998,-56.14325,0.8298227,0.07123037,-0.5163568,-11.95706,-47.41517,59.33671
30.223889828,53.74733,80.30795,-55.53354,0.8230907,0.03970322,-0.5484015,-11.95706,-47.41517,59.33671
30.233888626,54.85492,86.5993000000003,-53.27762,0.8217052,0.008693071,-0.5885915,-11.95706,-47.41517,59.33671
30.243886471,54.48572,92.1784199999999,-50.53394,0.8195111,-0.004624225,-0.6053345,-12.77481,-44.3676,60.54043
30.253884792,54.30112,98.35107,-47.30249,0.8339483,-0.02005924,-0.5708981,-12.77481,-44.3676,60.54043
30.263882637,54.91645,103.9302,-43.03453,0.8320666,-0.02263922,-0.5302152,-12.77481,-44.3676,60.54043
30.273880482,58.42385,108.8564,-39.19337,0.8276103,-0.0188178,-0.5278155,-12.77481,-44.3676,60.54043
30.283878803,61.9312399999998,113.1892,-34.68154,0.831949,-0.01706466,-0.5579739,-12.77481,-44.3676,60.54043
30.293876648,62.0543099999999,116.6316,-29.74291,0.8285623,0.006919871,-0.5847744,-15.42695,-43.23587,61.74039
30.303875446,55.53179,119.4805,-23.52389,0.8585836,0.04219813,-0.6178575,-15.42695,-43.23587,61.74039
30.313873291,46.73254,122.2701,-17.48778,0.888725,0.07121416,-0.6451964,-15.42695,-43.23587,61.74039
30.323871136,33.99516,124.6442,-11.57362,0.8889389,0.111455,-0.6557358,-15.42695,-43.23587,61.74039
30.33386898,17.56579,125.7125,-5.3546,0.8738261,0.1379534,-0.6480591,-15.42695,-43.23587,61.74039
30.343867302,1.013347,125.5345,0.7424754,0.8585994,0.1180833,-0.6623847,-20.35731,-40.60286,62.52855
30.353865147,-11.90863,125.2377,6.83955100000002,0.8683028,0.06808708,-0.6772246,-20.35731,-40.60286,62.52855
30.363862991,-19.60028,125.5938,12.44886,0.8884242,0.03442047,-0.6825153,-20.35731,-40.60286,62.52855
30.37386179,-23.90761,126.306,17.20458,0.8936165,0.0175765,-0.6758199,-20.35731,-40.60286,62.52855
30.383859634,-27.53807,127.137,21.9603,0.9138232,0.005279838,-0.6825521,-20.35731,-40.60286,62.52855
30.393857956,-26.24587,127.6711,25.9234,0.9483807,-0.01898711,-0.700792,-27.48073,-39.91955,59.63364
30.403855801,-21.07708,127.6118,28.4232,0.8979876,0.01725932,-0.7198565,-27.48073,-39.91955,59.63364
30.413853645,-21.01555,126.5434,30.55718,0.894347,0.0556645,-0.7102886,-27.48073,-39.91955,59.63364
30.42385149,-21.81548,124.1694,32.02047,0.9416074,0.0561693,-0.7041495,-27.48073,-39.91955,59.63364
30.433850288,-20.03102,121.6172,31.22786,0.9117789,0.06201127,-0.6916561,-27.48073,-39.91955,59.63364
30.443848133,-17.38509,118.3528,30.13038,0.9151767,0.06324767,-0.6701264,-35.68958,-40.78028,55.06151
30.453846455,-15.41603,115.0291,28.11835,0.9250422,0.05727448,-0.6538705,-35.68958,-40.78028,55.06151
30.463844299,-11.4779,111.8834,25.00884,0.9143255,0.03140874,-0.6428379,-35.68958,-40.78028,55.06151
30.473842144,-4.770776,109.45,21.47253,0.9300247,0.0003169356,-0.6227571,-35.68958,-40.78028,55.06151
30.483840466,3.35161,107.7881,17.75332,0.9251933,-0.0008547278,-0.5811123,-35.68958,-40.78028,55.06151
30.49383831,10.85866,106.8385,14.39993,0.9355838,-0.008717448,-0.5600709,-43.47527,-40.88028,50.10155
30.503837109,18.98105,105.8295,11.35139,0.9499929,0.002919344,-0.540956,-43.47527,-40.88028,50.10155
30.513834953,26.79577,105.2953,9.217411,0.9612976,0.02423995,-0.5189667,-43.47527,-40.88028,50.10155
30.523832798,31.65689,104.6424,7.38828800000001,0.9551782,0.03945959,-0.4888097,-43.47527,-40.88028,50.10155
30.533830643,34.17976,103.8115,6.16887299999999,0.9793193,0.05174389,-0.4730619,-50.56189,-41.72875,45.98926
30.543828964,36.70262,102.6838,5.498195,0.9822921,0.04951767,-0.4572735,-50.56189,-41.72875,45.98926
30.553826809,38.91782,100.9032,4.705575,0.961944,0.04331067,-0.454365,-50.56189,-41.72875,45.98926
30.563824654,41.37915,98.35107,4.888487,0.9942785,-0.01773876,-0.4515342,-50.56189,-41.72875,45.98926
30.573823452,45.50187,96.98596,4.644604,1.027617,-0.0537397,-0.4219113,-50.56189,-41.72875,45.98926
30.583821297,50.9168,96.5111500000003,3.242276,1.03148,-0.05084326,-0.3793255,-56.57563,-39.91338,41.03261
30.593819618,56.02406,95.5021499999999,1.657037,1.010395,-0.0168667,-0.33814,-56.57563,-39.91338,41.03261
30.603817463,57.31625,93.9589900000002,0.1937385,0.9821715,-0.01884705,-0.3342617,-56.57563,-39.91338,41.03261
30.613815308,58.7930499999999,92.2377800000003,-0.3549984,0.9839633,-0.03624414,-0.3275602,-56.57563,-39.91338,41.03261
30.623813152,61.3774499999998,91.7036100000002,0.31568,0.9997286,-0.01938433,-0.3247206,-56.57563,-39.91338,41.03261
30.633811474,59.59298,90.6946099999997,2.205774,0.9958272,0.007585582,-0.2897847,-61.08622,-38.46003,36.9276
30.643809795,53.00893,87.3115299999997,4.583633,0.9787589,0.008951826,-0.262955,-61.08622,-38.46003,36.9276
30.653808117,46.73254,82.5633400000003,8.54673300000003,0.993744,-0.009974843,-0.239526,-61.08622,-38.46003,36.9276
30.663805962,41.56374,79.0021999999998,12.38789,1.013388,-0.01693632,-0.1931366,-61.08622,-38.46003,36.9276
30.673803806,35.84116,75.3817099999997,15.4974,1.039158,-0.01249045,-0.1347964,-61.08622,-38.46003,36.9276
30.683801651,33.25676,71.4644499999999,17.20458,1.049408,-0.03881295,-0.112793,-64.48949,-35.93092,31.5997
30.693799972,34.67202,69.0310000000002,17.9972,1.044734,-0.07536846,-0.1146897,-64.48949,-35.93092,31.5997
30.703798294,37.99482,67.8439500000002,18.18011,1.044414,-0.05838437,-0.1166079,-64.48949,-35.93092,31.5997
30.713796616,38.79475,68.2000700000001,17.87526,1.058349,-0.02146166,-0.09462716,-64.48949,-35.93092,31.5997
30.72379446,36.02575,69.5651699999998,17.02167,1.064905,0.01918523,-0.07454886,-64.48949,-35.93092,31.5997
30.733792305,33.25676,70.3961,16.77778,1.092608,0.02320873,-0.06646241,-67.0892,-33.3187,27.88998
30.743790626,32.33376,71.28639,17.44846,1.108736,0.02054591,-0.07366847,-67.0892,-33.3187,27.88998
30.753788471,30.42623,71.5831500000001,18.72885,1.149558,0.02688204,-0.05364108,-67.0892,-33.3187,27.88998
30.763786316,27.7803,70.8709299999997,20.07021,1.179122,0.03591137,-0.03359474,-67.0892,-33.3187,27.88998
30.773785114,24.64211,70.6928600000001,21.9603,1.204569,0.05647371,-0.01880854,-67.0892,-33.3187,27.88998
30.783782959,19.53485,70.5148099999999,24.64301,1.221367,0.07053476,-0.005441315,-70.11314,-31.09992,23.01805
30.793780804,12.33546,69.6838800000002,27.20378,1.236607,0.06365202,0.006019714,-70.11314,-31.09992,23.01805
30.803779125,5.320673,68.0220100000001,29.21582,1.254548,0.04196804,-0.01267045,-70.11314,-31.09992,23.01805
30.81377697,-0.6480501,66.5381999999999,30.923,1.246767,0.04065819,-0.03275674,-70.11314,-31.09992,23.01805
30.823774815,-8.27817099999997,64.5795699999997,31.95951,1.252318,0.03137801,0.00312918,-70.11314,-31.09992,23.01805
30.833773613,-14.43149,62.8583500000001,31.83756,1.282245,0.02168212,0.0471085,-72.01679,-28.49998,17.24942
30.843771458,-19.16955,61.3151899999999,31.47174,1.27932,0.02230765,0.06864937,-72.01679,-28.49998,17.24942
30.853769779,-21.38475,59.1191599999999,31.3498,1.247471,0.005637969,0.06823061,-72.01679,-28.49998,17.24942
30.863767624,-19.60028,55.85478,30.80106,1.201554,-0.04058461,0.05492242,-72.01679,-28.49998,17.24942
30.873765469,-14.30843,52.35299,29.03291,1.173664,-0.06064787,0.04684041,-72.01679,-28.49998,17.24942
30.883763313,-7.47823899999999,48.31703,26.83796,1.160694,-0.07062732,0.04638702,-72.43299,-25.50136,12.32839
30.893761635,0.4595481,45.17135,25.00884,1.15932,-0.07487881,0.06266209,-72.43299,-25.50136,12.32839
30.903759956,8.08966899999999,42.79726,22.9968,1.142036,-0.06175774,0.1000178,-72.43299,-25.50136,12.32839
30.913758278,15.16599,40.66057,21.04574,1.087256,-0.05056868,0.1135105,-72.43299,-25.50136,12.32839
30.923756123,23.10378,38.28648,19.0337,1.053345,-0.06158817,0.09777947,-72.43299,-25.50136,12.32839
30.933753967,30.24163,36.3872,18.24108,1.01272,-0.05231325,0.08396919,-73.22958,-22.49465,8.69459
30.943752289,32.88756,35.1408,17.5704,1.000314,-0.01397595,0.1050383,-73.22958,-22.49465,8.69459
30.953750134,32.21069,33.7757,16.71681,0.9665996,0.01700118,0.1113106,-73.22958,-22.49465,8.69459
30.963748932,31.90303,31.75772,15.74128,0.9126618,0.008466558,0.09178519,-73.22958,-22.49465,8.69459
30.973746777,32.64143,29.73973,14.70478,0.8675821,-0.004783169,0.06889554,-73.22958,-22.49465,8.69459
30.983744621,34.11823,28.67139,12.93663,0.8367527,-0.02389752,0.06464702,-73.26434,-20.23648,5.844408
30.993742466,36.14882,27.6624,11.59527,0.8193546,-0.03149968,0.06802934,-73.26434,-20.23648,5.844408
31.003740788,39.16395,27.30629,9.70517700000002,0.8024167,-0.03762175,0.0728462,-73.26434,-20.23648,5.844408
31.013738632,42.79441,26.05989,7.937025,0.7566307,-0.03923161,0.04899763,-73.26434,-20.23648,5.844408
31.023736477,44.57887,24.16061,6.77858100000002,0.7082847,-0.03398358,0.03663757,-73.26434,-20.23648,5.844408
31.033735275,43.10207,22.08328,5.681107,0.6852438,-0.02669445,0.03332584,-72.53558,-18.73014,3.390846
31.04373312,40.88688,20.30271,5.315282,0.6864378,-0.03830275,0.03667677,-72.53558,-18.73014,3.390846
31.053731442,39.77928,18.99695,5.010429,0.6826378,-0.04383723,0.02424185,-72.53558,-18.73014,3.390846
31.063729286,39.10242,17.63185,4.583633,0.651372,-0.03958238,0.02573098,-72.53558,-18.73014,3.390846
31.073727131,35.90269,15.73257,4.400721,0.6234751,-0.03345756,0.01189933,-71.8046,-17.59325,2.229318
31.083724976,32.94909,13.77395,4.522663,0.6182435,-0.04040359,0.007603058,-71.8046,-17.59325,2.229318
31.093723774,32.70296,12.52755,4.217809,0.6193507,-0.07343011,0.007131056,-71.8046,-17.59325,2.229318
31.103721619,35.71809,11.57791,4.156838,0.6113316,-0.08776858,-0.002422794,-71.8046,-17.59325,2.229318
31.11371994,39.34855,12.52755,4.27878,0.6013751,-0.07616234,0.01290601,-71.8046,-17.59325,2.229318
31.123717785,40.45615,11.57791,4.27878,0.5710788,-0.04562116,0.01725814,-71.07504,-16.45364,1.39029
31.13371563,39.59468,10.86568,5.13237,0.5607723,-0.04130218,0.03354659,-71.07504,-16.45364,1.39029
31.143713474,38.48708,10.33151,6.10790299999999,0.5633795,-0.02411989,0.04693775,-71.07504,-16.45364,1.39029
31.153711796,33.74902,10.03475,6.16887299999999,0.5874501,0.01777475,0.05932797,-71.07504,-16.45364,1.39029
31.163710117,22.85765,8.610291,6.90052199999999,0.6418833,0.05144775,0.0635316,-71.07504,-16.45364,1.39029
31.173708439,9.32033300000002,7.24518699999998,8.18090799999998,0.7257404,0.02285332,0.04999264,-71.46382,-15.69901,0.9964523
31.183706284,-2.309447,6.41425300000001,9.94906,0.7582365,-0.02137796,0.03176149,-71.46382,-15.69901,0.9964523
31.193704128,-9.13963599999997,4.633682,12.32692,0.7703672,-0.0708096,0.02026725,-71.46382,-15.69901,0.9964523
31.20370245,-9.13963599999997,2.496997,13.66828,0.7464443,-0.09400745,0.0327579,-71.46382,-15.69901,0.9964523
31.213700295,-4.401577,-1.064145,13.42439,0.6961088,-0.08545761,0.06682236,-71.46382,-15.69901,0.9964523
31.223699093,5.013007,-4.506582,11.16848,0.6716287,-0.05262966,0.09604972,-71.45479,-15.71645,-1.067557
31.233696938,15.41212,-7.59290600000003,6.90052199999999,0.6882207,-0.001606026,0.1132364,-71.45479,-15.71645,-1.067557
31.243694782,20.76551,-10.20441,3.120335,0.7241613,0.05635304,0.1031087,-71.45479,-15.71645,-1.067557
31.253692627,18.98105,-11.98498,1.474125,0.8031673,0.07880069,0.1020081,-71.45479,-15.71645,-1.067557
31.263690949,13.99686,-13.94361,1.413154,0.8612632,0.07244442,0.07845819,-71.45479,-15.71645,-1.067557
31.273688793,9.19726699999998,-15.84289,2.388686,0.888671,0.01418699,0.07842541,-72.24726,-13.81321,-0.2447548
31.283686638,8.33580199999998,-16.85188,3.364218,0.902218,-0.03199397,0.1004282,-72.24726,-13.81321,-0.2447548
31.293685436,10.79713,-18.21698,3.364218,0.8393382,-0.03072324,0.1096304,-72.24726,-13.81321,-0.2447548
31.303683281,12.27393,-20.53172,3.48616,0.8147193,-0.01708663,0.1130199,-72.24726,-13.81321,-0.2447548
31.313681603,12.58159,-23.26193,3.608101,0.8277668,-0.01083525,0.1307028,-72.24726,-13.81321,-0.2447548
31.323679447,11.2894,-25.27991,2.937423,0.8463935,0.009566019,0.1426295,-72.622,-13.81602,-0.2475357
31.333677292,9.25880099999997,-27.71336,2.449656,0.8815835,0.0544503,0.08608461,-72.622,-13.81602,-0.2475357
31.343675137,-1.017249,-29.73134,3.120335,0.9576375,0.07823602,0.07828869,-72.622,-13.81602,-0.2475357
31.353673935,-13.3239,-32.16478,5.559165,1.055807,0.06520694,0.03552764,-72.622,-13.81602,-0.2475357
31.36367178,-25.07674,-32.22414,9.03449899999999,1.137869,0.02823707,0.0133796,-72.622,-13.81602,-0.2475357
31.373670101,-32.27613,-32.5209,11.41236,1.164391,-0.008573093,0.02243579,-73.74005,-14.20155,0.133152
31.383667946,-31.96847,-34.89499,12.14401,1.083951,-0.05969864,-0.02718273,-73.74005,-14.20155,0.133152
31.393665791,-23.23075,-39.40577,11.04653,0.9928216,-0.138134,-0.0643326,-73.74005,-14.20155,0.133152
31.403664112,-5.816842,-44.39137,7.69314200000002,0.9189652,-0.1236186,-0.07090764,-73.74005,-14.20155,0.133152
31.413661957,15.65826,-48.90215,2.083832,0.888438,-0.02973504,-0.1005503,-73.74005,-14.20155,0.133152
31.423660755,30.9185,-52.76006,-3.830332,0.9232678,0.08755714,-0.1030341,-74.13169,-13.80657,2.192354
31.4336586,34.48742,-54.48127,-7.61051899999998,1.082132,0.1945893,0.04501995,-74.13169,-13.80657,2.192354
31.443656445,-24.89214,-6.94003,11.16848,2.441805,0.1700169,2.489615,-74.13169,-13.80657,2.192354
31.453654289,-79.7797900000002,63.5705800000002,34.58125,3.326475,1.265545,2.194902,-74.13169,-13.80657,2.192354
31.463652611,-83.41025,42.44114,39.21502,1.708927,-0.2288285,1.06101,-74.13169,-13.80657,2.192354
31.473650456,-60.9506200000002,11.10309,21.77739,0.4978129,-0.5056459,-0.0719894,-74.88823,-13.79857,3.7993
31.483649254,-22.92308,-28.18818,-3.159653,1.172862,-0.159971,-0.449416,-74.88823,-13.79857,3.7993
31.493647099,6.12060500000003,-43.67915,-5.232659,1.795035,0.123797,0.3266339,-74.88823,-13.79857,3.7993
31.503644943,-1.078783,-40.65217,-5.78139599999999,1.511143,0.0605356,0.2931662,-74.88823,-13.79857,3.7993
31.513643265,11.1048,-37.15038,-3.647419,0.9702576,-0.4155446,-0.06182896,-74.88823,-13.79857,3.7993
31.52364111,24.08831,-34.71694,-8.40313799999999,0.8124369,-0.2919172,-0.1769225,-76.01495,-13.43701,2.563424
31.533638954,21.13471,-30.32486,-7.85440200000002,0.9911743,-0.2606301,-0.1710206,-76.01495,-13.43701,2.563424
31.543636799,9.68953300000002,-22.01553,-2.610917,0.9009505,-0.2557928,-0.1378428,-76.01495,-13.43701,2.563424
31.553635597,-1.878715,-15.90224,2.144803,0.8917103,-0.255506,-0.08661919,-76.01495,-13.43701,2.563424
31.563633442,-6.73984000000002,-11.80692,6.29081499999999,0.9478509,-0.2326153,0.009949412,-76.01495,-13.43701,2.563424
31.573631764,-2.92478,-9.90764799999999,7.51023000000002,0.978343,-0.1660228,0.1582377,-75.66468,-12.65659,4.561659
31.583629608,2.551678,-9.49218100000001,7.38828800000001,0.9957998,-0.07887924,0.3500938,-75.66468,-12.65659,4.561659
31.593627453,12.08933,-10.32311,6.35178600000003,0.9940418,-0.05888225,0.5209433,-75.66468,-12.65659,4.561659
31.603625298,20.88858,-10.61988,3.912955,0.9325091,-0.1016423,0.6009839,-75.66468,-12.65659,4.561659
31.613624096,32.21069,-17.26734,1.657037,0.7850903,-0.0911829,0.4696298,-75.66468,-12.65659,4.561659
31.623621941,29.13403,-26.64502,0.0717969800000001,0.7712113,0.04930708,0.3992671,-75.66049,-13.02987,5.402191
31.633620262,8.33580199999998,-31.80867,-1.025677,0.949681,0.09689778,0.4879588,-75.66049,-13.02987,5.402191
31.643618107,-8.89350299999999,-33.29248,-0.598881400000002,0.9574074,-0.003771953,0.4626068,-75.66049,-13.02987,5.402191
31.653615951,-16.09289,-36.31945,-0.05014454,0.8528823,-0.1749466,0.3565892,-75.66049,-13.02987,5.402191
31.663614273,-11.41637,-39.70254,-0.1111153,0.8345681,-0.3174544,0.276257,-75.30853,-12.25272,7.013423
31.673612595,0.1518819,-41.66116,-0.5379106,0.8831628,-0.3116402,0.2225703,-75.30853,-12.25272,7.013423
31.683610916,8.397335,-42.67015,-1.086647,0.9302559,-0.2512021,0.1937581,-75.30853,-12.25272,7.013423
31.693608761,10.551,-42.07663,-1.696355,0.9794331,-0.1700887,0.2424662,-75.30853,-12.25272,7.013423
31.703606605,12.27393,-43.08562,-2.91577,0.9274137,-0.1523368,0.1707659,-75.30853,-12.25272,7.013423
31.71360445,16.33512,-46.88417,-3.220624,0.9467442,-0.224441,0.05589254,-74.95209,-11.8494,9.400687
31.723602772,22.73458,-48.66474,-3.403537,1.058987,-0.1549705,0.07673634,-74.95209,-11.8494,9.400687
31.733600616,30.7339,-47.95251,-4.196156,1.047636,-0.01850137,0.03939204,-74.95209,-11.8494,9.400687
31.743599415,27.53417,-48.48669,-3.769361,0.9630352,0.1254639,-0.0294125,-74.95209,-11.8494,9.400687
31.753597259,11.53553,-51.27625,-2.428004,0.9958512,0.2181113,-0.1185087,-74.95209,-11.8494,9.400687
31.763595104,-4.524643,-53.70969,-0.720822899999998,1.068829,0.2229669,-0.1703234,-74.20715,-12.20016,12.24629
31.773593426,-16.09289,-53.8284,-0.1720861,1.135561,0.1472926,-0.1407485,-74.20715,-12.20016,12.24629
31.78359127,-16.46209,-50.56402,0.2547093,1.085892,0.01474735,-0.179871,-74.20715,-12.20016,12.24629
31.793589115,-13.38543,-47.12158,1.169271,1.050995,-0.0471883,-0.1817086,-74.20715,-12.20016,12.24629
31.803587913,-9.93956800000001,-44.15396,1.90092,1.031014,-0.04634361,-0.1524808,-74.20715,-12.20016,12.24629
31.813585758,-12.4009,-41.89857,3.059364,0.9899924,0.01011246,-0.1605596,-73.46052,-12.55418,14.70489
31.823583603,-21.93855,-40.65217,4.705575,1.037022,0.04987404,-0.1123157,-73.46052,-12.55418,14.70489
31.833581924,-32.64533,-37.98132,5.010429,1.02633,0.04888392,-0.09123942,-73.46052,-12.55418,14.70489
31.843579769,-37.50646,-36.73492,4.522663,1.002536,-0.00826684,-0.1251621,-73.46052,-12.55418,14.70489
31.853577614,-36.52193,-36.49751,4.217809,1.019333,-0.09835523,-0.1289968,-73.46052,-12.55418,14.70489
31.863576412,-31.6608,-36.08204,4.034896,1.013238,-0.05904418,-0.1213391,-73.10069,-12.15739,16.31815
31.873574257,-33.26067,-35.42916,3.48616,1.000509,0.07387864,-0.1184797,-73.10069,-12.15739,16.31815
31.883572578,-48.5209,-33.35183,3.608101,1.056366,0.1630746,-0.05064223,-73.10069,-12.15739,16.31815
31.893570423,-64.2734100000001,-30.68097,3.973926,1.041605,0.06639542,-0.06925607,-73.10069,-12.15739,16.31815
31.903568268,-69.13454,-29.25652,4.644604,0.9891151,-0.07074474,-0.07343644,-73.10069,-12.15739,16.31815
31.913566112,-65.3194800000002,-28.36624,5.681107,1.007829,-0.1066188,-0.05144532,-72.36194,-12.13107,18.77472
31.923564911,-59.1661499999998,-28.36624,4.583633,1.039258,-0.1460513,-0.07398304,-72.36194,-12.13107,18.77472
31.933562756,-51.53603,-29.13782,2.632569,1.032866,-0.09136266,-0.08451464,-72.36194,-12.13107,18.77472
31.943561077,-49.9977,-29.55328,0.803446099999999,1.025888,-0.08256496,-0.06392597,-72.36194,-12.13107,18.77472
31.953558922,-49.32084,-30.97774,-1.574414,0.9910194,-0.1979931,-0.07005695,-72.36194,-12.13107,18.77472
31.963556767,-38.18332,-32.40219,-3.037712,0.9875219,-0.3764563,-0.1288698,-71.60994,-12.49545,20.00782
31.973555088,-21.87701,-32.87701,-3.037712,0.9767796,-0.3751669,-0.1240656,-71.60994,-12.49545,20.00782
31.98355341,-16.15442,-32.28349,-4.318098,0.9878266,-0.2361965,-0.09588467,-71.60994,-12.49545,20.00782
31.993551254,-20.15409,-31.80867,-5.720425,0.9981029,-0.2391503,-0.1222235,-71.60994,-12.49545,20.00782
32.003549576,-23.16921,-30.91838,-5.659454,0.9906459,-0.3357773,-0.1509002,-71.60994,-12.49545,20.00782
32.013547421,-16.21596,-29.67199,-5.110718,0.9830978,-0.4796038,-0.1862646,-71.22484,-13.24299,21.24016
32.023545265,-1.509515,-29.31587,-5.232659,0.948275,-0.4420427,-0.201528,-71.22484,-13.24299,21.24016
32.033543587,8.64346799999999,-29.43458,-6.93983999999998,0.9613891,-0.2837035,-0.1853201,-71.22484,-13.24299,21.24016
32.043541431,10.9202,-29.49393,-9.19575899999999,0.9961593,-0.1621083,-0.1423401,-71.22484,-13.24299,21.24016
32.05354023,9.074201,-29.01911,-9.92740700000002,1.007062,-0.145848,-0.1414062,-71.22484,-13.24299,21.24016
32.063538075,11.41246,-29.37523,-11.08585,1.000657,-0.2197675,-0.1337188,-70.47652,-13.60029,23.31176
32.073535919,24.14984,-29.19717,-13.70759,0.9961548,-0.3176535,-0.1470858,-70.47652,-13.60029,23.31176
32.083533764,40.94841,-29.13782,-15.35381,1.005814,-0.3387739,-0.13944,-70.47652,-13.60029,23.31176
32.093532085,54.36266,-29.13782,-16.51225,1.003397,-0.2877233,-0.1313132,-70.47652,-13.60029,23.31176
32.10352993,62.1158399999997,-28.24753,-17.18293,1.000714,-0.2746734,-0.1332262,-70.47652,-13.60029,23.31176
32.113528729,71.6535000000002,-28.663,-17.67069,0.9750382,-0.2574728,-0.1628575,-70.10097,-13.96421,24.92908
32.123526573,78.8528800000002,-29.01911,-17.91458,0.9651402,-0.1717312,-0.1709982,-70.10097,-13.96421,24.92908
32.133524418,82.3602800000003,-29.49393,-17.2439,0.9823841,-0.07736698,-0.1452094,-70.10097,-13.96421,24.92908
32.143522739,81.9910799999999,-29.73134,-15.84157,0.9629694,-0.02891515,-0.1188664,-70.10097,-13.96421,24.92908
32.153520584,82.1141400000002,-31.03709,-14.25633,0.9645402,-0.06035627,-0.106418,-70.10097,-13.96421,24.92908
32.163518429,84.9446699999999,-31.51191,-12.79303,0.9786722,-0.1111833,-0.06240057,-69.73328,-13.94778,26.54437
32.173517227,89.4981299999998,-31.57126,-12.12236,0.9938462,-0.2180967,-0.04277787,-69.73328,-13.94778,26.54437
32.183515072,97.8051099999999,-30.26551,-9.92740700000002,1.013504,-0.3567052,-0.04469075,-69.73328,-13.94778,26.54437
32.193512917,110.604,-28.01012,-8.40313799999999,0.9619316,-0.4396825,-0.07951553,-69.73328,-13.94778,26.54437
32.203511238,121.3723,-28.12883,-8.52507999999999,0.8979068,-0.4563012,-0.1109857,-68.3409,-12.39106,29.44943
32.213509083,126.1719,-28.48494,-7.85440200000002,0.9138268,-0.4205251,-0.05933642,-68.3409,-12.39106,29.44943
32.223506928,133.7405,-25.33926,-6.26916200000001,0.9595786,-0.4946044,-0.02254674,-68.3409,-12.39106,29.44943
32.233505726,147.8316,-23.49934,-5.720425,0.9448138,-0.3847199,-0.09002852,-68.3409,-12.39106,29.44943
32.243503571,153.6158,-27.47595,-6.57401600000003,0.9125136,-0.01872942,-0.2771897,-68.3409,-12.39106,29.44943
32.253501892,143.0936,-34.24212,-10.96391,0.9069905,0.4040437,-0.3179679,-68.01084,-10.47612,30.66757
32.263499737,107.2197,-43.44173,-12.2443,1.111842,0.5494692,-0.3217125,-68.01084,-10.47612,30.66757
32.273497582,88.6366699999999,-47.35899,-12.61012,1.155708,0.5224223,-0.3452322,-68.01084,-10.47612,30.66757
32.283495426,69.3767599999999,-53.23487,-9.31770000000002,1.209561,0.640893,-0.26017,-68.01084,-10.47612,30.66757
32.293494225,44.64041,-54.30322,-7.61051899999998,1.148288,0.4518108,-0.2925577,-68.01084,-10.47612,30.66757
32.303492069,30.79543,-52.28524,-3.830332,1.157047,0.1385803,-0.3953862,-66.95864,-7.468069,33.04654
32.313490391,26.54964,-48.42733,1.352183,1.158249,0.1256757,-0.4274496,-66.95864,-7.468069,33.04654
32.323488236,8.33580199999998,-46.4687,3.973926,1.192553,0.2999637,-0.3074317,-66.95864,-7.468069,33.04654
32.33348608,-16.15442,-45.34101,6.16887299999999,1.258502,0.2404898,-0.258238,-66.95864,-7.468069,33.04654
32.343484402,-25.99974,-43.08562,8.91255800000001,1.217197,-0.02676794,-0.3270121,-66.95864,-7.468069,33.04654
32.353482246,-22.67695,-42.6108,9.46129399999998,1.271686,0.05606959,-0.3137283,-65.49399,-6.295049,35.50259
32.363481045,-28.46107,-39.93995,7.205376,1.360245,0.1410425,-0.3000258,-65.49399,-6.295049,35.50259
32.37347889,-34.55286,-37.26909,7.44925899999998,1.322362,0.1081385,-0.3090443,-65.49399,-6.295049,35.50259
32.383476734,-45.32118,-33.88601,8.79061600000001,1.290245,0.1054199,-0.324302,-65.49399,-6.295049,35.50259
32.393474579,-57.25863,-30.79968,9.46129399999998,1.26639,0.1815256,-0.3462945,-65.49399,-6.295049,35.50259
32.4034729,-67.96541,-25.87344,7.63217200000002,1.16296,0.1587548,-0.4868097,-63.63715,-5.883196,37.57848
32.413470745,-77.2569299999998,-20.70978,5.437224,1.070355,0.1575233,-0.5804489,-63.63715,-5.883196,37.57848
32.423469544,-79.04139,-13.40944,1.169271,1.010919,0.1288941,-0.6597816,-63.63715,-5.883196,37.57848
32.433467388,-81.13352,-4.981401,-1.879267,0.936727,0.2142724,-0.6218666,-63.63715,-5.883196,37.57848
32.443465233,-91.9633599999999,3.32793,-3.403537,0.8897339,0.2269513,-0.5686661,-63.63715,-5.883196,37.57848
32.453463078,-97.0090900000002,10.92503,-6.14722099999998,0.9146298,0.09549513,-0.5437897,-62.13202,-6.249033,37.97863
32.463461399,-93.8093600000001,17.98796,-7.67149000000001,0.9649367,0.01529141,-0.3897552,-62.13202,-6.249033,37.97863
32.473459244,-94.7323600000003,24.69478,-7.42760699999997,1.007255,-0.1598648,-0.292633,-62.13202,-6.249033,37.97863
32.483458042,-85.4408399999999,29.26491,-3.70839,0.9611008,-0.2960034,-0.2542314,-62.13202,-6.249033,37.97863
32.493455887,-76.7031300000001,33.12282,-4.257127,0.930212,-0.3892794,-0.2378819,-62.13202,-6.249033,37.97863
32.503453732,-65.6271399999999,33.41958,-4.013244,0.8607437,-0.4001909,-0.2181364,-61.29987,-9.993924,36.77863
32.513452053,-52.45903,32.648,-4.135185,0.7892045,-0.3023767,-0.2606301,-61.29987,-9.993924,36.77863
32.523449898,-51.59757,31.52031,-4.318098,0.7222124,-0.2396666,-0.3256158,-61.29987,-9.993924,36.77863
32.533447743,-50.05924,30.21455,-4.013244,0.6831982,-0.2380077,-0.3255482,-61.29987,-9.993924,36.77863
32.543446541,-41.87532,28.25592,-6.26916200000001,0.6218527,-0.1900747,-0.3713969,-61.29987,-9.993924,36.77863
32.553444386,-40.82925,25.0509,-6.33013299999999,0.6080986,-0.2103358,-0.3785464,-61.98975,-12.30566,33.94722
32.56344223,-34.2452,22.32069,-6.33013299999999,0.6347221,-0.1747475,-0.3704661,-61.98975,-12.30566,33.94722
32.573440552,-33.19913,19.05631,-5.78139599999999,0.6646047,-0.1571097,-0.3662156,-61.98975,-12.30566,33.94722
32.583438397,-25.81514,14.84229,-4.805864,0.678476,-0.09115016,-0.3571638,-61.98975,-12.30566,33.94722
32.593436241,-23.84608,10.62827,-4.988776,0.666378,0.009048146,-0.3207968,-61.98975,-12.30566,33.94722
32.60343504,-28.39954,5.58332,-4.257127,0.6982809,-0.08054438,-0.303122,-61.94339,-14.22105,32.34485
32.613432884,-20.21562,0.894483100000001,-5.110718,0.719452,-0.170827,-0.3375931,-61.94339,-14.22105,32.34485
32.623431206,-11.72403,-3.675649,-6.14722099999998,0.7451535,-0.1382515,-0.3381249,-61.94339,-14.22105,32.34485
32.63342905,-6.73984000000002,-7.29614399999999,-5.90333699999997,0.7415389,-0.1277638,-0.3524786,-61.94339,-14.22105,32.34485
32.643426895,-3.170913,-12.63786,-4.988776,0.7175095,-0.1986396,-0.3988403,-61.94339,-14.22105,32.34485
32.65342474,0.5210813,-16.91123,-6.63498599999997,0.7978251,-0.1406125,-0.3382161,-61.92597,-14.98503,31.96191
32.663423538,1.013347,-19.64144,-5.90333699999997,0.8320004,-0.1180304,-0.3339743,-61.92597,-14.98503,31.96191
32.673421383,6.73593800000001,-22.37165,-5.29363,0.8541253,-0.05121669,-0.355566,-61.92597,-14.98503,31.96191
32.683419704,3.597743,-23.85546,-4.074214,0.8483791,0.09868535,-0.370909,-61.92597,-14.98503,31.96191
32.693417549,-0.2173175,-26.58566,-2.184121,0.8581993,0.04232154,-0.3914904,-61.92597,-14.98503,31.96191
32.703415394,-4.032378,-28.72235,-1.086647,0.9286828,-0.05112253,-0.3470816,-61.16245,-15.73685,32.35852
32.713413715,2.428612,-27.83206,-1.574414,1.028694,-0.2641424,-0.3170508,-61.16245,-15.73685,32.35852
32.723412037,13.31999,-28.24753,0.864416900000002,0.9995348,-0.3464751,-0.3299004,-61.16245,-15.73685,32.35852
32.733410358,22.05771,-28.36624,-0.1111153,0.9412911,-0.3067628,-0.3250233,-61.16245,-15.73685,32.35852
32.743408203,23.78064,-29.79069,-2.123151,0.90948,-0.1963651,-0.3527537,-61.16245,-15.73685,32.35852
32.753406048,18.61185,-31.80867,-3.342566,0.8871507,-0.01872798,-0.3283531,-61.17568,-15.34615,33.582
32.763403892,6.305205,-34.18277,-3.281595,0.9079854,0.2213493,-0.3179226,-61.17568,-15.34615,33.582
32.773402214,-1.817181,-36.14139,-3.464507,0.9178079,0.475861,-0.3524627,-61.17568,-15.34615,33.582
32.783400536,-6.18604100000003,-38.8716,-9.25672899999999,0.788392,0.6460843,-0.3757312,-61.17568,-15.34615,33.582
32.793398857,-23.23075,-38.33743,-13.64662,0.8733966,0.3782524,-0.2494663,-60.06806,-14.94046,35.58783
32.803396702,-11.41637,-39.64318,-8.829934,0.9697742,-0.2397875,-0.2896756,-60.06806,-14.94046,35.58783
32.813394546,16.76585,-36.43816,-3.647419,1.031616,-0.5274591,-0.4753968,-60.06806,-14.94046,35.58783
32.823392868,23.47298,-36.08204,1.047329,0.8929459,-0.330989,-0.4780771,-60.06806,-14.94046,35.58783
32.833390713,0.5826145,-39.28707,4.644604,0.8324448,-0.428627,-0.3965886,-60.06806,-14.94046,35.58783
32.843389034,2.920877,-39.76189,1.96189,0.7130277,-0.4520519,-0.3619169,-59.31974,-15.29776,37.65942
32.853387356,13.87379,-45.34101,-0.964705900000002,0.7610765,-0.1031543,-0.3075328,-59.31974,-15.29776,37.65942
32.8633852,13.13539,-51.39495,-1.757326,0.7659724,0.3103339,-0.3234408,-59.31974,-15.29776,37.65942
32.873383045,5.93600600000003,-53.35358,-5.29363,0.7276114,0.3833357,-0.2286347,-59.31974,-15.29776,37.65942
32.883381367,6.55133799999999,-56.61796,-4.622952,0.790607,0.2948713,-0.3670302,-59.31974,-15.29776,37.65942
32.893379211,16.95045,-57.6269500000002,-5.720425,0.7961183,0.1530386,-0.5311549,-58.19668,-15.65224,39.7338
32.90337801,13.93533,-54.77804,-2.184121,0.7720999,0.1353377,-0.5019154,-58.19668,-15.65224,39.7338
32.913375854,-2.186381,-55.0748,1.839949,0.8012102,-0.06592837,-0.5210573,-58.19668,-15.65224,39.7338
32.923373699,-18.06195,-56.14314,10.01003,0.8564138,-0.3278292,-0.3196056,-58.19668,-15.65224,39.7338
32.933371544,9.935666,-50.80143,5.437224,0.8900967,-0.7242072,-0.4817995,-58.19668,-15.65224,39.7338
32.943369865,44.94807,-49.91114,3.48616,1.01129,-0.2237051,-0.4802254,-56.35281,-14.85023,42.96867
32.95336771,49.74767,-49.55503,1.474125,1.023069,0.238566,-0.490415,-56.35281,-14.85023,42.96867
32.963366508,37.01028,-52.52265,4.034896,0.9490916,0.4901026,-0.6157377,-56.35281,-14.85023,42.96867
32.973364353,14.30453,-49.61438,4.27878,0.8963658,0.78056,-0.6228993,-56.35281,-14.85023,42.96867
32.983362198,-20.70788,-44.09461,3.120335,0.9529068,0.703573,-0.5554988,-56.35281,-14.85023,42.96867
32.993360519,-41.19845,-40.65217,3.973926,0.9436457,0.2354406,-0.6070483,-55.2393,-14.82109,45.42802
33.003358364,-36.95266,-42.31404,5.193341,0.900828,-0.1011355,-0.4417782,-55.2393,-14.82109,45.42802
33.013356209,-35.5374,-38.21873,3.54713,1.128418,-0.5686365,-0.4052043,-55.2393,-14.82109,45.42802
33.023355007,3.720809,-31.15579,7.08343500000003,1.267749,-1.142608,-0.6077371,-55.2393,-14.82109,45.42802
33.033352852,32.51836,-27.29789,12.44886,1.325373,-0.5199368,-0.341431,-55.2393,-14.82109,45.42802
33.043350697,11.8432,-30.97774,12.9976,1.291219,-0.1245838,-0.1840217,-53.76508,-14.03169,47.49909
33.053349018,-15.23143,-36.20074,10.25391,1.254005,0.06663221,-0.1835275,-53.76508,-14.03169,47.49909
33.063346863,-32.09153,-43.67915,-1.330531,1.396823,0.06240848,-0.263219,-53.76508,-14.03169,47.49909
33.073344708,-20.15409,-45.63777,-14.25633,1.568965,0.05562665,-0.2611245,-53.76508,-14.03169,47.49909
33.083343506,1.690213,-50.32661,-22.48738,1.439998,0.2277413,-0.2910942,-53.76508,-14.03169,47.49909
33.093341351,5.44374,-57.5082500000001,-24.62136,1.429357,0.4335064,-0.1920635,-53.02265,-14.01245,49.11716
33.103339672,2.305545,-64.2744199999998,-29.1332,1.457745,0.4282764,-0.1346825,-53.02265,-14.01245,49.11716
33.113337517,-4.83231,-71.5154100000001,-34.5596,1.372411,0.2768731,-0.08663711,-53.02265,-14.01245,49.11716
33.123335362,-14.61609,-80.1808500000003,-37.18134,1.302947,0.2435191,0.08242992,-53.02265,-14.01245,49.11716
33.133333206,-25.50747,-88.0153699999999,-40.35182,1.334952,0.06786682,-0.01138155,-53.02265,-14.01245,49.11716
33.143332005,-29.32254,-94.7815400000002,-40.29085,1.370423,0.07043052,-0.1263023,-50.75346,-15.49629,51.59297
33.153329849,-36.70652,-99.1736099999998,-37.66911,1.320196,0.2533951,-0.1497121,-50.75346,-15.49629,51.59297
33.163328171,-46.12111,-103.2096,-34.01086,1.16454,0.3381408,-0.3231857,-50.75346,-15.49629,51.59297
33.173326016,-56.82789,-109.9757,-29.37708,1.09322,0.2401669,-0.4670875,-50.75346,-15.49629,51.59297
33.18332386,-55.10496,-113.2401,-26.26757,1.068102,0.1749693,-0.5278061,-50.75346,-15.49629,51.59297
33.193322182,-38.79866,-114.9613,-28.7064,0.930503,0.1041643,-0.6395348,-46.64621,-15.07138,53.23404
33.203320503,-16.15442,-115.3768,-31.633,0.8437695,-0.02819485,-0.7374576,-46.64621,-15.07138,53.23404
33.213318348,10.24333,-112.884,-33.76698,0.8494195,-0.0444088,-0.7690493,-46.64621,-15.07138,53.23404
33.22331667,27.90337,-108.848,-36.26678,0.8267172,-0.00300056,-0.7618418,-46.64621,-15.07138,53.23404
33.233314514,37.01028,-102.6754,-39.49823,0.7893927,0.01297265,-0.7412021,-46.64621,-15.07138,53.23404
33.243312359,44.08661,-96.9182200000001,-44.31492,0.7159065,0.03308988,-0.7736222,-40.96673,-18.42842,56.13201
33.25331068,43.28667,-89.6178800000002,-49.5584,0.7554659,-0.07086099,-0.5894126,-40.96673,-18.42842,56.13201
33.263309002,48.8862,-76.9164699999998,-54.19218,0.7828671,-0.2031674,-0.4506393,-40.96673,-18.42842,56.13201
33.273307324,68.63837,-68.0729699999998,-59.49664,0.694258,-0.3643298,-0.5059582,-40.96673,-18.42842,56.13201
33.283305168,96.6359900000003,-59.3481699999998,-63.8865299999998,0.6776338,-0.3643014,-0.6260518,-40.96673,-18.42842,56.13201
33.293303013,109.0657,-48.24928,-65.8375899999998,0.7112092,-0.2318865,-0.6194444,-35.42127,-17.996,57.39674
33.303300858,104.2661,-37.5065,-66.8740899999997,0.7183834,-0.1466172,-0.6099073,-35.42127,-17.996,57.39674
33.313299179,88.02133,-25.69538,-66.2643900000003,0.6677477,-0.0699494,-0.5658098,-35.42127,-17.996,57.39674
33.323297501,65.4386399999999,-14.41843,-65.5327400000001,0.6077092,-0.01139452,-0.5159482,-35.42127,-17.996,57.39674
33.333295822,41.62528,-2.607306,-65.2278800000001,0.5974956,0.01454021,-0.474301,-30.95331,-16.81083,58.64953
33.343293667,19.78098,9.559929,-65.8375899999998,0.5774262,0.01956362,-0.4661315,-30.95331,-16.81083,58.64953
33.353291512,3.782343,22.02393,-65.2278800000001,0.5807465,-0.02828694,-0.4981896,-30.95331,-16.81083,58.64953
33.363289833,-6.862906,35.31886,-63.64265,0.5923995,-0.05256433,-0.5211753,-30.95331,-16.81083,58.64953
33.373287678,-12.7701,48.8512,-61.9964399999998,0.5929118,-0.05330678,-0.4972472,-30.95331,-16.81083,58.64953
33.383286476,-14.49303,60.30621,-58.8869299999997,0.5900782,-0.05828797,-0.5044197,-29.4866,-14.91142,57.038
33.393284321,-12.4009,70.2180499999998,-55.04577,0.6155618,-0.03966868,-0.489633,-29.4866,-14.91142,57.038
33.403282166,-5.509175,78.1712599999999,-52.18015,0.6236264,-0.05494638,-0.5303221,-29.4866,-14.91142,57.038
33.41328001,6.305205,85.4716000000003,-49.61937,0.6624829,-0.07484704,-0.5586207,-29.4866,-14.91142,57.038
33.423278332,19.71945,91.9410099999999,-47.97316,0.6842712,-0.04208657,-0.5835531,-29.4866,-14.91142,57.038
33.433276177,30.11857,96.6298499999998,-46.75375,0.7328091,0.01940454,-0.6066252,-30.17702,-16.85696,52.52756
33.443274975,34.17976,100.1316,-46.0221,0.7480836,0.06101479,-0.6593059,-30.17702,-16.85696,52.52756
33.45327282,32.39529,102.4464,-44.49783,0.7616284,0.06527864,-0.7004881,-30.17702,-16.85696,52.52756
33.463270664,28.21103,103.218,-42.60773,0.7422023,0.06131779,-0.7195963,-30.17702,-16.85696,52.52756
33.473268986,24.21138,102.8025,-39.86405,0.7536404,0.02241404,-0.7473636,-30.17702,-16.85696,52.52756
33.483266831,22.24231,102.6244,-36.57163,0.7868336,-0.03220468,-0.7340073,-33.85611,-19.20808,47.6744
33.493265629,22.98071,102.5057,-32.6695,0.8301737,-0.08225384,-0.7211484,-33.85611,-19.20808,47.6744
33.503263474,25.50357,102.5057,-29.1332,0.8542991,-0.0953353,-0.7159228,-33.85611,-19.20808,47.6744
33.513261318,27.65724,102.3277,-26.02369,0.8577958,-0.07384093,-0.7111486,-33.85611,-19.20808,47.6744
33.523259163,24.33444,101.5561,-23.88971,0.8628335,-0.03035662,-0.6963328,-33.85611,-19.20808,47.6744
33.533257485,17.99652,99.8348800000002,-21.87768,0.8907942,-0.06629808,-0.7016366,-36.81152,-20.04305,41.52868
33.543255329,16.21206,97.5201300000001,-20.96312,0.8739878,-0.105523,-0.7035115,-36.81152,-20.04305,41.52868
33.553254128,16.39665,94.5525200000001,-20.04856,0.8676143,-0.1030744,-0.687708,-36.81152,-20.04305,41.52868
33.563251972,16.27359,91.9410099999999,-19.92661,0.8818614,-0.08261934,-0.6604593,-36.81152,-20.04305,41.52868
33.573249817,15.78132,89.6856200000002,-19.7437,0.8780183,-0.08487494,-0.6331731,-36.81152,-20.04305,41.52868
33.583248139,16.39665,88.20181,-18.95108,0.8839571,-0.08954246,-0.6250466,-38.60751,-19.72096,36.22419
33.593245983,18.24265,87.5489300000001,-17.73167,0.8726213,-0.08233694,-0.6097142,-38.60751,-19.72096,36.22419
33.603243828,19.41178,87.6082899999998,-16.14643,0.8660323,-0.06812478,-0.5824275,-38.60751,-19.72096,36.22419
33.613242626,20.39631,88.1424599999999,-14.07342,0.8667752,-0.0552914,-0.5623319,-38.60751,-19.72096,36.22419
33.623240471,21.38085,89.3888600000001,-12.00041,0.88378,-0.05247309,-0.5566193,-38.60751,-19.72096,36.22419
33.633238315,22.48845,90.9913800000001,-9.74449500000001,0.8792711,-0.04567127,-0.5470417,-39.69456,-20.53152,31.31788
33.643236637,22.05771,93.3061100000002,-7.67149000000001,0.8839594,-0.03586857,-0.5480096,-39.69456,-20.53152,31.31788
33.653234482,20.27325,95.9176300000001,-6.08625000000001,0.9129867,-0.02455612,-0.5427987,-39.69456,-20.53152,31.31788
33.663232326,17.07352,99.0039399999997,-4.744893,0.9122576,-0.01131851,-0.5284436,-39.69456,-20.53152,31.31788
33.673231125,13.87379,100.9032,-3.464507,0.9181611,-0.01400786,-0.5164888,-39.69456,-20.53152,31.31788
33.68322897,10.79713,102.4464,-2.184121,0.9368382,-0.02229808,-0.5069478,-39.64167,-22.09435,26.42397
33.693226814,8.705001,103.6334,-1.391501,0.9643398,-0.03327258,-0.4911998,-39.64167,-22.09435,26.42397
33.703225136,8.33580199999998,104.7611,-0.7817937,0.9786793,-0.04405626,-0.4792576,-39.64167,-22.09435,26.42397
33.71322298,9.38186599999998,105.6514,0.0717969800000001,0.9844822,-0.04141102,-0.4682612,-39.64167,-22.09435,26.42397
33.723221779,10.98173,106.1262,1.413154,0.9984931,-0.03471169,-0.4568015,-39.64167,-22.09435,26.42397
33.733219624,11.90473,106.423,2.876452,0.9950703,-0.007999896,-0.4510595,-39.98908,-22.51511,21.97269
33.743217468,11.53553,106.0669,4.766546,1.008355,0.01124938,-0.447259,-39.98908,-22.51511,21.97269
33.75321579,9.935666,105.1172,7.022464,1.035828,0.02733791,-0.4477896,-39.98908,-22.51511,21.97269
33.763213634,8.64346799999999,103.8708,9.40032399999997,1.035162,0.03716641,-0.4343908,-39.98908,-22.51511,21.97269
33.773211479,6.612871,102.2683,11.9611,1.039411,0.04458772,-0.4291358,-39.98908,-22.51511,21.97269
33.783210278,4.090009,100.9626,14.52187,1.047326,0.06494406,-0.3990046,-39.98676,-21.78926,17.84062
33.793208122,1.321013,100.0723,16.5339,1.078921,0.06964443,-0.3784821,-39.98676,-21.78926,17.84062
33.803205967,1.628679,100.0129,18.05817,1.077755,0.05417654,-0.3669902,-39.98676,-21.78926,17.84062
33.813204288,1.813279,99.8942299999997,19.4605,1.073834,0.05565778,-0.3559765,-39.98676,-21.78926,17.84062
33.823202133,2.182479,99.1820000000002,19.70438,1.095245,0.03129339,-0.3564862,-39.98676,-21.78926,17.84062
33.833199978,5.751406,99.7755300000001,19.33856,1.120139,0.003101493,-0.357958,-39.59004,-22.19405,14.62041
33.843198776,14.91986,100.9626,19.0337,1.147189,0.01503535,-0.3867228,-39.59004,-22.19405,14.62041
33.853196621,20.02711,103.6928,20.25312,1.17672,0.1037979,-0.3623898,-39.59004,-22.19405,14.62041
33.863194942,13.19693,104.7611,22.32612,1.182836,0.1684885,-0.3159952,-39.59004,-22.19405,14.62041
33.873192787,1.197947,102.8618,25.00884,1.201877,0.1671578,-0.290185,-39.59505,-21.45404,12.16534
33.883190632,-6.55523999999999,100.5471,27.14281,1.218613,0.106216,-0.2949842,-39.59505,-21.45404,12.16534
33.893188477,-7.90897099999997,97.8168900000002,29.15485,1.221142,0.04943271,-0.2925811,-39.59505,-21.45404,12.16534
33.903187275,-7.232106,94.73058,30.43524,1.235289,0.04883244,-0.2825555,-39.59505,-21.45404,12.16534
33.91318512,-8.15510499999999,91.5848999999997,30.13038,1.247781,0.0590744,-0.2524297,-39.59505,-21.45404,12.16534
33.923183441,-10.67797,88.9140400000001,29.76456,1.263194,0.06935655,-0.2242232,-40.72428,-20.72247,9.701933
33.933181286,-12.5855,87.1334699999998,29.21582,1.252002,0.06871967,-0.2165463,-40.72428,-20.72247,9.701933
33.943179131,-14.92376,86.1838299999997,29.4597,1.232341,0.07823868,-0.1959357,-40.72428,-20.72247,9.701933
33.953177452,-18.80035,84.8780800000001,30.37426,1.214092,0.09086353,-0.1576211,-40.72428,-20.72247,9.701933
33.963175774,-26.12281,82.4446299999998,31.3498,1.188804,0.08935351,-0.1087618,-40.72428,-20.72247,9.701933
33.973173618,-32.15306,78.6460799999999,32.3863,1.178776,0.05282819,-0.09581338,-40.7411,-19.59447,8.147841
33.98317194,-31.72233,74.8475299999999,33.4228,1.153586,-0.006148205,-0.06081823,-40.7411,-19.59447,8.147841
33.993169785,-24.83061,70.9896200000002,33.66669,1.081021,-0.03509288,-0.09322745,-40.7411,-19.59447,8.147841
34.003167629,-21.50782,68.7935900000002,33.8496,1.041587,-0.03598947,-0.05295809,-40.7411,-19.59447,8.147841
34.013165951,-19.96948,66.3601500000003,33.30086,1.031898,-0.01193549,-0.005568361,-40.7411,-19.59447,8.147841
34.023164272,-15.53909,63.68929,32.87407,1.022253,-0.01758107,-0.0175145,-44.15192,-17.35509,6.046638
34.033162594,-11.2933,60.8403699999999,32.50824,0.9692571,0.002398965,-0.003069972,-44.15192,-17.35509,6.046638
34.043160439,-7.84743800000001,56.3296,31.41077,0.9193996,-0.01574316,-0.01924997,-44.15192,-17.35509,6.046638
34.053158283,-5.75530800000001,52.41234,29.76456,0.9052566,-0.0406477,-0.001990166,-44.15192,-17.35509,6.046638
34.063156128,-0.3403839,50.2163,27.69155,0.9315847,-0.04013974,0.04965002,-44.15192,-17.35509,6.046638
34.073154926,7.16667,48.49508,25.19175,0.9137075,-0.04750572,0.07983338,-44.57099,-14.71611,3.57865
34.083152771,15.47366,44.57783,22.44806,0.8379599,-0.06305166,0.03163324,-44.57099,-14.71611,3.57865
34.093151093,22.91918,39.41417,19.58244,0.7658048,-0.08824106,-0.01609209,-44.57099,-14.71611,3.57865
34.103148937,30.3647,35.73433,17.26555,0.7676908,-0.08398729,0.01979673,-44.57099,-14.71611,3.57865
34.113146782,37.13335,34.13181,15.13157,0.7835754,-0.04622869,0.07575272,-44.57099,-14.71611,3.57865
34.123145103,43.84047,31.93577,12.44886,0.7646997,-0.02718589,0.07338785,-46.09016,-13.59283,2.787439
34.133143425,48.76313,28.96815,10.55877,0.7130495,-0.05437357,0.02849873,-46.09016,-13.59283,2.787439
34.143141747,52.57819,25.82248,9.217411,0.6874461,-0.06672186,0.008924924,-46.09016,-13.59283,2.787439
34.153139591,56.39325,23.68579,7.937025,0.6990745,-0.06303789,0.01464662,-46.09016,-13.59283,2.787439
34.163137436,58.3623200000002,22.43939,6.83955100000002,0.7166057,-0.03564891,0.04906648,-46.09016,-13.59283,2.787439
34.173135281,61.2543799999997,21.90522,5.98596099999998,0.683132,-0.04360376,0.04864831,-46.85956,-12.46447,1.93729
34.183133602,60.2083100000002,20.89623,5.681107,0.6297798,-0.03111289,0.04203803,-46.85956,-12.46447,1.93729
34.193131924,56.94705,19.76854,5.559165,0.6615263,-0.03478458,0.05011943,-46.85956,-12.46447,1.93729
34.203130245,54.23959,18.8189,5.86401899999998,0.6670306,-0.04244651,0.05059038,-46.85956,-12.46447,1.93729
34.21312809,49.31693,17.45379,6.41275599999997,0.673538,-0.02508628,0.07498194,-46.85956,-12.46447,1.93729
34.223125935,41.25608,16.3261,6.96149300000002,0.6844025,-0.0325809,0.08214357,-47.66578,-9.804338,2.304534
34.233124256,35.47195,15.61387,8.05896700000001,0.7006044,-0.06548905,0.06202361,-47.66578,-9.804338,2.304534
34.243122578,29.01097,14.42682,9.82711900000002,0.692137,-0.08170997,0.06012825,-47.66578,-9.804338,2.304534
34.253120899,22.54998,13.18042,11.9611,0.7394901,-0.08678993,0.03994681,-47.66578,-9.804338,2.304534
34.263118744,16.76585,11.75597,14.64381,0.7293411,-0.09141656,0.03422278,-47.66578,-9.804338,2.304534
34.273116589,9.01266799999998,9.79733799999999,17.63138,0.740104,-0.0936073,0.03707604,-48.38212,-11.33465,1.920083
34.283114433,1.07488,9.50057699999998,19.94827,0.7547004,-0.09153212,0.07294326,-48.38212,-11.33465,1.920083
34.293112755,-4.586177,8.13547199999999,22.02127,0.7305496,-0.0769363,0.07393876,-48.38212,-11.33465,1.920083
34.303111076,-11.23177,6.05813900000001,23.78942,0.696224,-0.09187786,0.05533798,-48.38212,-11.33465,1.920083
34.313109398,-16.58516,3.802749,25.00884,0.7189804,-0.08416545,0.05242486,-48.38212,-11.33465,1.920083
34.323107243,-22.92308,2.081531,26.28922,0.7346342,-0.0871788,0.06101273,-48.81479,-8.365097,1.062913
34.333105087,-27.47654,0.1822547,27.63058,0.7445864,-0.09892551,0.03036953,-48.81479,-8.365097,1.062913
34.343103409,-29.50714,-1.123497,28.4232,0.7102845,-0.1154428,-0.001152441,-48.81479,-8.365097,1.062913
34.35310173,-31.78387,-2.666659,28.84999,0.7222723,-0.07853229,0.02370311,-48.81479,-8.365097,1.062913
34.363099575,-34.6144,-4.150468,28.48417,0.7466068,-0.07716298,0.01456739,-48.81479,-8.365097,1.062913
34.373097897,-35.16819,-5.99039199999999,27.87446,0.7901732,-0.08812273,-0.002734472,-49.542,-9.448397,1.063097
34.383095741,-33.99906,-7.41484800000003,27.26476,0.8130979,-0.115443,-0.01090319,-49.542,-9.448397,1.063097
34.393093586,-29.9994,-9.848295,26.59408,0.7912608,-0.1210015,-0.04005684,-49.542,-9.448397,1.063097
34.403091908,-23.16921,-13.35009,25.9234,0.7809566,-0.1430198,-0.03429029,-49.542,-9.448397,1.063097
34.413090229,-12.5855,-16.43641,24.21622,0.7690765,-0.1329839,-0.02709352,-49.542,-9.448397,1.063097
34.423088551,-0.2788507,-20.23496,21.5335,0.7013561,-0.108296,-0.05043205,-49.6019,-6.472212,0.6602097
34.433086395,9.01266799999998,-24.68639,19.33856,0.7088209,-0.09066775,-0.05188533,-49.6019,-6.472212,0.6602097
34.44308424,18.24265,-28.24753,16.83875,0.744371,-0.06305439,-0.03185422,-49.6019,-6.472212,0.6602097
34.453082085,25.01131,-31.80867,14.15604,0.7357721,-0.02053159,-0.0395074,-49.6019,-6.472212,0.6602097
34.463080406,25.87277,-36.31945,11.77818,0.762916,0.01148028,-0.1046493,-50.32779,-7.618904,0.6607323
34.473078728,21.25778,-39.64318,10.98556,0.8891516,0.03578467,-0.1110971,-50.32779,-7.618904,0.6607323
34.483077049,16.39665,-41.77987,10.43683,0.9698319,0.01999787,-0.1519127,-50.32779,-7.618904,0.6607323
34.493074894,14.18146,-44.51008,8.79061600000001,0.9844291,0.01978622,-0.2064957,-50.32779,-7.618904,0.6607323
34.503072739,15.35059,-49.91114,6.35178600000003,0.9259112,0.07174056,-0.296858,-50.32779,-7.618904,0.6607323
34.51307106,16.08899,-56.97408,3.669072,0.9157884,0.1169033,-0.3313094,-51.11775,-6.085672,2.711069
34.523069382,19.65792,-63.2060800000001,-1.208589,0.9711881,0.1247089,-0.3414581,-51.11775,-6.085672,2.711069
34.533067703,-25.01521,-25.39862,11.83915,2.118697,-0.07744022,1.84895,-51.11775,-6.085672,2.711069
34.543065548,-54.18196,52.29364,31.22786,3.791814,1.26155,3.03495,-51.11775,-6.085672,2.711069
34.553063393,-68.0269399999999,49.02925,39.33697,2.215771,-0.1860582,1.877045,-51.11775,-6.085672,2.711069
34.563061237,-41.69072,10.62827,17.08264,0.9229436,-0.2453536,0.4234858,-51.85151,-6.852009,2.709563
34.573059559,2.305545,-41.77987,-11.51265,1.301234,-0.03951136,-0.3611342,-51.85151,-6.852009,2.709563
34.583057881,27.90337,-64.8085899999999,-20.04856,2.209282,0.2201874,0.1411565,-51.85151,-6.852009,2.709563
34.593056202,28.02644,-62.7906100000002,-17.60972,1.607505,0.08080018,-0.1956332,-51.85151,-6.852009,2.709563
34.603054047,32.02609,-56.97408,-19.01205,0.8872284,9.178789e-05,-0.4489593,-51.85151,-6.852009,2.709563
34.613051891,12.76619,-48.42733,-21.26797,0.8676682,-0.1565348,-0.6355295,-51.82345,-8.366894,3.491679
34.623050213,1.997879,-36.43816,-11.63459,1.005867,-0.5374326,-0.7127231,-51.82345,-8.366894,3.491679
34.633048534,13.07386,-21.95618,-5.29363,0.9447548,-0.524038,-0.6039833,-51.82345,-8.366894,3.491679
34.643046856,14.18146,-12.22239,-2.306063,0.9858664,-0.2940626,-0.3609975,-51.82345,-8.366894,3.491679
34.653044701,6.12060500000003,-7.17743899999998,-0.720822899999998,1.066835,-0.1359718,-0.09413389,-51.82345,-8.366894,3.491679
34.663042545,9.812599,-4.803344,-0.5379106,1.038438,-0.09691779,0.1456722,-52.56924,-9.049135,5.940848
34.67304039,20.39631,-6.34650599999999,-2.245092,0.988603,-0.03355347,0.327123,-52.56924,-9.049135,5.940848
34.683038711,22.54998,-12.22239,-4.196156,0.9374836,0.02219559,0.5818002,-52.56924,-9.049135,5.940848
34.693037033,14.42759,-18.45439,-5.78139599999999,0.9400426,0.01762016,0.6602834,-52.56924,-9.049135,5.940848
34.703035355,5.136074,-25.75473,-6.513045,0.8833748,-0.07961153,0.6187712,-52.56924,-9.049135,5.940848
34.713033199,-1.201849,-32.04608,-6.513045,0.8408295,-0.2831101,0.4576176,-51.82959,-8.65934,6.395883
34.723031044,6.48980500000002,-35.78528,-6.93983999999998,0.9021897,-0.5178007,0.3273984,-51.82959,-8.65934,6.395883
34.733029365,29.8109,-36.43816,-7.42760699999997,0.931941,-0.6511943,0.2364514,-51.82959,-8.65934,6.395883
34.74302721,58.3623200000002,-37.56585,-9.19575899999999,0.8915449,-0.5770838,0.1915166,-51.82959,-8.65934,6.395883
34.753025532,76.8838200000002,-39.58383,-11.39071,0.9219712,-0.4325343,0.2033907,-51.82959,-8.65934,6.395883
34.763023853,84.88314,-41.30505,-11.93944,0.9512136,-0.2775982,0.1846354,-52.58247,-8.658427,7.164326
34.773021698,82.91408,-40.94894,-11.02488,0.9532652,-0.1794676,0.1769493,-52.58247,-8.658427,7.164326
34.783019543,77.3145499999999,-41.2457,-10.41517,0.9377519,-0.1066909,0.144893,-52.58247,-8.658427,7.164326
34.793017864,71.7765599999999,-41.95792,-9.62255399999997,0.9781564,-0.05463377,0.06440843,-52.58247,-8.658427,7.164326
34.803016186,67.7768999999997,-42.4921,-8.40313799999999,1.029727,-0.05096243,0.03560301,-52.58247,-8.658427,7.164326
34.813014507,68.0230300000001,-42.4921,-8.64702100000002,1.047253,0.0003672696,-0.02186988,-51.84341,-8.632645,9.556398
34.823012352,66.1155,-39.76189,-8.64702100000002,1.064271,0.002064826,-0.03242866,-51.84341,-8.632645,9.556398
34.833010197,64.5156399999997,-41.2457,-9.86643700000001,0.9686465,-0.02094991,-0.1633859,-51.84341,-8.632645,9.556398
34.843008041,63.7157100000002,-43.38238,-9.50061200000003,1.060021,-0.1903057,-0.175466,-51.84341,-8.632645,9.556398
34.853006363,72.7610899999999,-39.9993,-9.378671,1.09498,-0.2336374,-0.1008579,-51.84341,-8.632645,9.556398
34.863004684,82.5448800000002,-35.66658,-9.92740700000002,0.9335763,-0.07210959,-0.1025324,-52.61268,-7.930599,10.77262
34.873003006,72.2072900000002,-37.38779,-8.28119799999998,0.9313364,0.07240234,-0.1303231,-52.61268,-7.930599,10.77262
34.883000851,55.40872,-37.86261,-6.33013299999999,1.042044,0.06876363,-0.07691465,-52.61268,-7.930599,10.77262
34.892998695,50.79373,-36.2601,-5.3546,0.9930982,0.08049249,-0.07013229,-52.61268,-7.930599,10.77262
34.902997017,46.91714,-35.66658,-3.830332,1.020707,0.09003932,-0.04242546,-52.61268,-7.930599,10.77262
34.912995338,44.51734,-34.65759,-4.135185,0.9991052,0.1246135,-0.04096098,-51.5149,-7.140748,13.22792
34.92299366,40.27155,-36.61621,-3.220624,0.9832281,0.08632523,-0.1017026,-51.5149,-7.140748,13.22792
34.932991505,31.90303,-35.90398,-1.696355,1.05321,0.04600116,-0.03959933,-51.5149,-7.140748,13.22792
34.942989349,28.3341,-32.87701,-0.598881400000002,0.991861,-0.008734653,-0.04713551,-51.5149,-7.140748,13.22792
34.952987194,25.07284,-31.74932,0.803446099999999,0.9487414,0.002517157,-0.1049709,-51.5149,-7.140748,13.22792
34.962985516,17.50425,-30.32486,1.413154,1.018956,-0.02491435,-0.06823592,-52.27929,-6.752397,14.83284
34.972983837,18.55032,-28.7817,1.169271,0.9725493,-0.07197468,-0.118872,-52.27929,-6.752397,14.83284
34.982982159,20.08865,-29.96875,2.144803,0.9998403,-0.09821929,-0.1251343,-52.27929,-6.752397,14.83284
34.992980003,18.91952,-27.77271,1.90092,1.036598,-0.004094847,-0.06157197,-52.27929,-6.752397,14.83284
35.002977848,14.79679,-27.11983,2.205774,0.983608,0.01607393,-0.02654874,-50.78399,-6.734064,15.68247
35.01297617,8.397335,-27.17919,2.571598,0.9853637,0.0262783,-0.03038303,-50.78399,-6.734064,15.68247
35.022974491,3.290077,-25.81408,2.815481,1.025351,-0.02669135,-0.01081748,-50.78399,-6.734064,15.68247
35.032972813,6.98206999999997,-22.66841,2.815481,1.025723,-0.04666901,-0.01751306,-50.78399,-6.734064,15.68247
35.042970657,6.612871,-19.40403,1.778978,1.002831,0.004221831,-0.03567214,-50.78399,-6.734064,15.68247
35.052968502,0.705681,-18.51374,2.632569,0.9731699,-0.000883354,-0.1045341,-51.57029,-5.207914,16.8943
35.062966347,-5.447642,-22.13424,3.669072,0.9792558,-0.01560549,-0.1863774,-51.57029,-5.207914,16.8943
35.072964668,-9.26270200000001,-25.33926,3.791013,1.017802,0.03382917,-0.177843,-51.57029,-5.207914,16.8943
35.08296299,-15.90829,-23.73675,2.937423,1.060143,0.1437861,-0.04250805,-51.57029,-5.207914,16.8943
35.092961311,-24.70754,-20.88784,1.474125,1.061862,0.1582511,0.04745752,-51.57029,-5.207914,16.8943
35.102959156,-33.62986,-14.9526,1.291212,1.084102,0.09196044,0.136451,-50.82419,-5.195752,17.67387
35.112957001,-36.02966,-4.922049,1.1083,1.070446,-0.0378286,0.1082722,-50.82419,-5.195752,17.67387
35.122954845,-31.8454,1.131893,4.461692,1.011973,-0.1188688,-0.01842764,-50.82419,-5.195752,17.67387
35.132953644,-30.49167,3.268578,7.99799599999998,0.8818775,-0.1505643,-0.2268519,-50.82419,-5.195752,17.67387
35.142951489,-27.96881,-4.922049,10.4978,0.7781003,-0.2946725,-0.7746035,-50.82419,-5.195752,17.67387
35.15294981,-17.07742,-31.98673,17.75332,0.8112193,-0.4634424,-1.339337,-50.09241,-4.425601,18.12687
35.162947655,-25.38441,-18.5731,13.30245,1.355827,-0.02802645,0.1379225,-50.09241,-4.425601,18.12687
35.172945499,-22.80001,-12.10369,14.58284,0.9154299,-0.174274,-0.288162,-50.09241,-4.425601,18.12687
35.182943821,-25.32288,-14.00296,15.25352,0.9968635,0.05852216,-0.1955201,-50.09241,-4.425601,18.12687
35.192942143,-44.89045,-15.72418,12.75372,1.034117,-0.05684238,-0.1912482,-50.09241,-4.425601,18.12687
35.202940464,-37.01419,-12.75656,12.63177,1.016546,-0.2619191,-0.1543144,-49.36204,-3.652727,18.90238
35.212938309,-22.30775,-11.2134,12.26595,1.007448,-0.1925829,-0.1514449,-49.36204,-3.652727,18.90238
35.222936153,-20.33868,-10.26376,10.92459,0.9830964,-0.167296,-0.1499732,-49.36204,-3.652727,18.90238
35.232933998,-18.73882,-10.26376,10.071,0.9911359,-0.2315612,-0.1274776,-49.36204,-3.652727,18.90238
35.242932797,-15.23143,-11.45081,8.24187900000002,1.012989,-0.201408,-0.1189091,-49.36204,-3.652727,18.90238
35.252930641,-16.70822,-11.68822,6.10790299999999,0.9747052,-0.1608857,-0.1217243,-49.71319,-4.796607,18.90569
35.262928963,-19.16955,-12.28174,4.400721,0.9634042,-0.1820878,-0.1307921,-49.71319,-4.796607,18.90569
35.272926807,-18.18502,-13.05332,2.937423,0.98058,-0.2142188,-0.1212422,-49.71319,-4.796607,18.90569
35.282924652,-11.04717,-16.55511,1.596066,0.9697534,-0.2342686,-0.1116467,-49.71319,-4.796607,18.90569
35.292922974,-1.817181,-18.8105,-1.208589,0.9832785,-0.1747112,-0.05808506,-49.71319,-4.796607,18.90569
35.302921295,1.136414,-20.53172,-4.440039,1.002749,0.1135098,0.01215747,-48.95333,-5.541342,20.14081
35.312919617,-20.09255,-25.69538,-2.306063,0.9910975,-0.04631637,-0.06339608,-48.95333,-5.541342,20.14081
35.322917461,-21.38475,-27.29789,-0.598881400000002,0.9541647,-0.2353871,-0.1470338,-48.95333,-5.541342,20.14081
35.332915306,1.567146,-29.07846,-4.074214,0.996132,-0.4714562,-0.1207245,-48.95333,-5.541342,20.14081
35.342913151,29.93397,-28.95976,-5.232659,0.8724151,-0.2925873,-0.1143334,-48.95333,-5.541342,20.14081
35.352911949,28.76484,-28.95976,-9.19575899999999,1.049698,0.1817727,-0.01091361,-49.72052,-4.782442,20.58269
35.362909794,-5.632242,-33.41119,-4.074214,0.929259,-0.02499371,-0.1484803,-49.72052,-4.782442,20.58269
35.372908115,1.628679,-30.79968,-6.695957,1.008929,-0.1942483,-0.1772902,-49.72052,-4.782442,20.58269
35.38290596,5.505273,-31.45256,-6.08625000000001,0.9905003,-0.1469463,-0.1724845,-49.72052,-4.782442,20.58269
35.392903805,15.71979,-31.3932,-5.964308,0.995499,-0.1264677,-0.1227265,-49.72052,-4.782442,20.58269
35.402902126,26.54964,-32.10543,-6.57401600000003,0.9828767,-0.1035981,-0.1452035,-48.97639,-4.766465,21.81376
35.412900448,30.11857,-33.64859,-5.78139599999999,0.9811099,-0.03568013,-0.1538323,-48.97639,-4.766465,21.81376
35.422898769,26.3035,-34.24212,-5.537513,0.9863487,-0.02928132,-0.1562359,-48.97639,-4.766465,21.81376
35.432896614,17.99652,-32.93637,-4.135185,0.9919234,-0.09451201,-0.2337582,-48.97639,-4.766465,21.81376
35.442894459,15.41212,-34.42017,-3.403537,0.988453,-0.1167189,-0.2102962,-48.97639,-4.766465,21.81376
35.452892304,13.87379,-34.12341,-3.281595,1.032356,-0.09053683,-0.09934983,-48.98344,-4.752845,23.42627
35.462891102,21.68851,-33.47054,-2.8548,1.000496,-0.1332292,-0.128955,-48.98344,-4.752845,23.42627
35.472888947,27.5957,-31.51191,-2.610917,1.084499,-0.08958466,-0.0549334,-48.98344,-4.752845,23.42627
35.482887268,31.77996,-29.73134,-1.879267,1.051033,-0.1003867,-0.1539375,-48.98344,-4.752845,23.42627
35.492885113,27.9649,-33.11442,0.4376215,1.029311,0.04459032,-0.1419726,-48.98344,-4.752845,23.42627
35.502882958,9.935666,-34.12341,1.169271,1.073605,0.101876,-0.03151348,-47.50387,-3.973801,24.27184
35.512881756,-1.940248,-35.19176,2.632569,1.138333,-0.05094659,-0.09093039,-47.50387,-3.973801,24.27184
35.522879601,-3.601645,-37.15038,5.559165,1.155667,-0.1184307,-0.1215721,-47.50387,-3.973801,24.27184
35.532877445,-11.23177,-39.58383,6.04693200000002,1.16831,-0.06448611,-0.09528635,-47.50387,-3.973801,24.27184
35.542875767,-19.47722,-41.54246,7.57120099999999,1.171044,-0.1077345,-0.1541448,-47.50387,-3.973801,24.27184
35.552873612,-22.00008,-42.37339,9.70517700000002,1.156929,-0.162795,-0.2459927,-47.55613,-1.68186,25.42068
35.562871456,-26.18434,-43.61979,11.83915,1.185657,-0.005649022,-0.2345974,-47.55613,-1.68186,25.42068
35.572870255,-27.72267,-44.39137,10.19294,1.20085,-0.03658948,-0.2499303,-47.55613,-1.68186,25.42068
35.582868099,-21.13862,-46.64676,8.79061600000001,1.270519,-0.03633843,-0.266802,-47.55613,-1.68186,25.42068
35.592866421,-11.53943,-42.84821,4.583633,1.317543,-0.02550383,-0.3525519,-46.43307,-2.036344,27.49506
35.602864266,-8.27817099999997,-38.69355,4.827517,1.193835,-0.03204353,-0.4810715,-46.43307,-2.036344,27.49506
35.61286211,-15.53909,-33.17377,5.620136,1.161542,0.07850257,-0.4915724,-46.43307,-2.036344,27.49506
35.622860908,-28.1534,-25.27991,4.827517,1.185181,-0.04096334,-0.587298,-46.43307,-2.036344,27.49506
35.632858753,-34.86053,-18.63245,4.766546,1.177174,-0.05417084,-0.5265015,-46.43307,-2.036344,27.49506
35.642856598,-38.36792,-11.27275,4.034896,1.200144,-0.08315329,-0.504041,-46.06985,-1.646093,28.33431
35.652854919,-40.52159,-5.100106,4.949458,1.117403,-0.05935484,-0.3799517,-46.06985,-1.646093,28.33431
35.662852764,-45.75191,0.894483100000001,5.193341,1.105918,-0.04370265,-0.3440425,-46.06985,-1.646093,28.33431
35.672850609,-47.10564,5.464615,4.583633,1.041282,-0.07905257,-0.3501422,-46.06985,-1.646093,28.33431
35.682849407,-51.1053,8.254177,4.33975,1.00917,-0.001610839,-0.2615696,-46.06985,-1.646093,28.33431
35.692847252,-53.38203,11.63726,2.144803,0.9828953,-0.05713003,-0.3242029,-43.82309,-1.625949,28.738
35.702845573,-53.01283,15.0797,1.413154,0.9358999,-0.07170875,-0.328903,-43.82309,-1.625949,28.738
35.712843418,-50.67457,17.63185,0.803446099999999,0.8783019,-0.06732246,-0.3623041,-43.82309,-1.625949,28.738
35.722841263,-50.42844,20.30271,-0.1720861,0.8546469,-0.07962786,-0.3814027,-43.82309,-1.625949,28.738
35.732840061,-46.67491,19.94659,-1.147618,0.8513432,-0.08332092,-0.3000381,-43.82309,-1.625949,28.738
35.742837906,-38.73712,19.35307,-3.464507,0.814987,-0.092387,-0.256422,-43.81354,-2.009574,28.35303
35.752835751,-26.24587,18.40343,-4.257127,0.7531108,-0.1189048,-0.2591787,-43.81354,-2.009574,28.35303
35.762834072,-18.24655,15.1984,-4.318098,0.7073922,-0.09815998,-0.2830332,-43.81354,-2.009574,28.35303
35.772831917,-10.80103,12.5869,-5.964308,0.69226,-0.1227867,-0.2863505,-43.81354,-2.009574,28.35303
35.782830715,-2.432514,9.73798600000003,-7.42760699999997,0.6356149,-0.1446892,-0.380047,-43.81354,-2.009574,28.35303
35.79282856,8.08966899999999,5.702025,-9.31770000000002,0.5620748,-0.1744593,-0.4473903,-43.42727,-2.3942,27.51933
35.802826405,18.48878,2.853111,-10.47614,0.5320313,-0.1591493,-0.5148212,-43.42727,-2.3942,27.51933
35.812824249,25.07284,-0.708030899999999,-10.781,0.5055258,-0.07285271,-0.5856265,-43.42727,-2.3942,27.51933
35.822822571,22.79611,-4.625287,-10.11032,0.4720795,-0.004558053,-0.5908501,-43.42727,-2.3942,27.51933
35.832820415,14.05839,-8.12707699999999,-9.56158399999997,0.5004677,0.01432823,-0.6062188,-43.42727,-2.3942,27.51933
35.842819214,2.367078,-12.4598,-8.22022599999998,0.519883,0.04745164,-0.4803956,-44.19078,-1.642383,27.12271
35.852817059,-11.4779,-15.96159,-7.48857699999998,0.5304238,-0.1242274,-0.465534,-44.19078,-1.642383,27.12271
35.862814903,-5.447642,-18.33569,-4.805864,0.498799,-0.3365492,-0.552525,-44.19078,-1.642383,27.12271
35.872813225,7.22820399999999,-23.61805,-3.769361,0.4919094,-0.3847672,-0.5496292,-44.19078,-1.642383,27.12271
35.882811069,7.53587,-27.77271,-3.037712,0.6044176,-0.3029543,-0.5082102,-44.19078,-1.642383,27.12271
35.892809868,5.751406,-30.85903,-2.123151,0.6575853,-0.3034782,-0.4149804,-43.44299,-1.633488,27.51527
35.902807713,4.151542,-32.81766,-0.903735200000002,0.7517795,-0.2305538,-0.2964766,-43.44299,-1.633488,27.51527
35.912805557,4.951474,-34.95435,-1.086647,0.8441948,-0.2213862,-0.2908971,-43.44299,-1.633488,27.51527
35.922803402,8.33580199999998,-40.71152,-0.2940276,0.8715934,-0.2006888,-0.2655857,-43.44299,-1.633488,27.51527
35.932801723,12.33546,-44.33202,-2.184121,0.9848404,-0.1053987,-0.1868426,-43.44299,-1.633488,27.51527
35.942800045,18.42725,-47.29964,-4.927805,1.01397,-0.07373174,-0.1878587,-42.68314,-2.378224,28.75039
35.952798367,24.27291,-49.25827,-6.81789900000001,1.034269,-0.06597234,-0.2333608,-42.68314,-2.378224,28.75039
35.962796211,31.2877,-51.57301,-7.976343,1.038162,-0.06831823,-0.3386537,-42.68314,-2.378224,28.75039
35.972794056,38.11789,-50.68272,-8.22022599999998,0.9892575,0.01545953,-0.4768985,-42.68314,-2.378224,28.75039
35.982792377,25.50357,-49.67373,-6.45207400000002,0.8495248,0.1104326,-0.5762232,-42.68314,-2.378224,28.75039
35.992790222,4.151542,-49.02086,-5.171688,0.8132365,0.09500486,-0.6436352,-41.94071,-2.358978,30.36847
36.002789021,-11.4779,-45.99389,-7.18372300000002,0.944653,0.0274916,-0.5524389,-41.94071,-2.358978,30.36847
36.012786865,-11.60097,-44.92554,-9.80546599999998,1.048553,-0.07851169,-0.4128485,-41.94071,-2.358978,30.36847
36.02278471,7.35127000000003,-42.07663,-12.42721,1.128055,-0.02934844,-0.3632278,-41.94071,-2.358978,30.36847
36.032782555,11.35093,-38.57484,-12.06138,1.087053,0.05336735,-0.3162772,-41.94071,-2.358978,30.36847
36.042780876,6.24367199999998,-38.99031,-9.31770000000002,1.132128,0.04007788,-0.3259239,-41.59071,-1.57802,32.4312
36.052779198,7.53587,-39.46513,-8.829934,1.005714,0.07303365,-0.4869921,-41.59071,-1.57802,32.4312
36.062777519,8.95113399999999,-41.30505,-10.65906,0.7217815,0.2928883,-0.6999987,-41.59071,-1.57802,32.4312
36.072775364,-3.909311,-41.48311,-16.51225,0.4840976,0.3612694,-0.838389,-41.59071,-1.57802,32.4312
36.082773209,-15.90829,-37.6252,-21.57282,0.4849627,-0.01212838,-0.4372476,-41.59071,-1.57802,32.4312
36.09277153,-2.309447,-39.16837,-22.6703,0.9803641,-0.541232,-0.1709296,-40.44827,-2.700298,33.67113
36.102769852,53.93192,-30.0281,-19.25594,1.541287,-0.9102896,-0.2924135,-40.44827,-2.700298,33.67113
36.112767696,91.8979299999999,-29.13782,-9.50061200000003,1.247063,-0.4735492,-0.2542056,-40.44827,-2.700298,33.67113
36.122766018,69.5613599999998,-31.98673,-8.70799300000002,1.133086,0.042681,-0.2560541,-40.44827,-2.700298,33.67113
36.132763863,31.71843,-36.91298,-8.52507999999999,1.008706,0.3324744,-0.3401413,-39.01711,-2.679166,34.9073
36.142761707,1.505613,-44.09461,-11.87847,0.8472056,0.5227873,-0.4351454,-39.01711,-2.679166,34.9073
36.152760029,-18.86189,-55.49026,-19.62176,0.7542749,0.6968578,-0.4355068,-39.01711,-2.679166,34.9073
36.16275835,-26.92274,-61.9003299999999,-25.71884,0.8202666,0.5804794,-0.4978068,-39.01711,-2.679166,34.9073
36.172756672,-18.55422,-61.4255099999999,-28.27961,0.9093746,-0.09400498,-0.6365755,-39.01711,-2.679166,34.9073
36.182754517,14.61219,-53.88775,-23.09709,0.8286883,-0.4164083,-0.6459233,-38.28871,-1.902478,36.13431
36.192752361,19.65792,-46.52806,-22.97515,1.024885,-0.6654049,-0.6131795,-38.28871,-1.902478,36.13431
36.202750206,33.31829,-40.53347,-16.39031,1.350126,-0.7266152,-0.5175369,-38.28871,-1.902478,36.13431
36.212749004,21.44238,-36.55686,-14.25633,1.4053,-0.4688399,-0.3468478,-38.28871,-1.902478,36.13431
36.222746849,6.36673800000001,-36.55686,-9.13478800000001,1.229957,-0.289225,-0.2537446,-38.28871,-1.902478,36.13431
36.232745171,-5.139976,-44.74749,-10.29323,1.118774,-0.1298137,-0.2765635,-36.76365,-3.402299,37.37905
36.242743015,-10.67797,-57.03343,-14.7441,1.148082,0.2579486,-0.1829135,-36.76365,-3.402299,37.37905
36.25274086,-23.66148,-69.9722400000002,-20.59729,1.140453,0.5622088,-0.106885,-36.76365,-3.402299,37.37905
36.262739658,-39.35246,-83.0297699999999,-30.29164,1.183098,0.5474652,-0.1639061,-36.76365,-3.402299,37.37905
36.272737503,-33.07607,-91.3390999999998,-37.24231,1.241229,0.5329534,-0.4410992,-36.76365,-3.402299,37.37905
36.282735825,-37.50646,-94.7221799999999,-38.64464,1.204754,0.6071205,-0.4353118,-35.27959,-2.997073,39.00065
36.292733669,-54.30503,-90.6862300000002,-36.20581,1.168889,0.4389356,-0.5223069,-35.27959,-2.997073,39.00065
36.302731514,-43.65978,-86.8876699999999,-33.40115,1.179474,0.1055194,-0.6576765,-35.27959,-2.997073,39.00065
36.312729359,-35.59893,-80.41827,-28.88931,1.249045,0.2929876,-0.6602389,-35.27959,-2.997073,39.00065
36.322728157,-49.13624,-77.8661099999999,-26.51146,1.179257,0.3798556,-0.5223097,-35.27959,-2.997073,39.00065
36.332726002,-55.10496,-77.1538799999999,-28.15767,1.113567,0.2191426,-0.5250253,-33.37898,-4.860818,41.86271
36.342724323,-51.41297,-76.8571199999998,-33.21824,0.964322,0.07028871,-0.5381269,-33.37898,-4.860818,41.86271
36.352722168,-34.36826,-75.6107299999999,-38.64464,0.8695499,-0.02111101,-0.5503811,-33.37898,-4.860818,41.86271
36.362720013,-14.18536,-78.7563999999999,-42.42482,0.841891,-0.0796468,-0.5680251,-33.37898,-4.860818,41.86271
36.372718811,3.413143,-77.6880600000002,-44.80268,0.8756995,-0.03769137,-0.5700092,-33.37898,-4.860818,41.86271
36.382716656,16.27359,-79.1718699999998,-47.4854,0.8050718,-0.01489591,-0.6344997,-29.22456,-6.718039,43.51595
36.392714977,20.39631,-78.4596300000001,-48.15607,0.8407146,0.03509111,-0.5594383,-29.22456,-6.718039,43.51595
36.402712822,18.73492,-75.9668400000001,-48.9487,0.8329911,0.0566085,-0.5809663,-29.22456,-6.718039,43.51595
36.412710667,21.62698,-77.6880600000002,-50.22908,0.7894814,-0.06889531,-0.7134237,-29.22456,-6.718039,43.51595
36.422709465,25.56511,-77.7474099999997,-50.47297,0.7682914,-0.1602508,-0.7205418,-29.22456,-6.718039,43.51595
36.43270731,32.33376,-74.0082099999998,-50.77782,0.7603336,-0.2029428,-0.695631,-25.0982,-7.060374,44.38706
36.442705155,40.76381,-65.75823,-50.96073,0.8213657,-0.2313766,-0.5363643,-25.0982,-7.060374,44.38706
36.452703476,50.42453,-50.50467,-51.57044,0.8241697,-0.2234618,-0.4741563,-25.0982,-7.060374,44.38706
36.462701321,60.02372,-37.32844,-52.36306,0.8025002,-0.2104669,-0.4411001,-25.0982,-7.060374,44.38706
36.472700119,60.3313800000002,-23.85546,-53.88733,0.8104253,-0.05928147,-0.3459162,-25.0982,-7.060374,44.38706
36.482697964,49.2554,-12.34109,-55.16771,0.8043322,0.007273982,-0.2817936,-21.75277,-5.886912,45.24451
36.492695809,34.73355,-1.657669,-54.86286,0.7848917,0.004403164,-0.2879804,-21.75277,-5.886912,45.24451
36.502693653,21.93465,8.01676800000001,-53.76538,0.7682961,-0.04673021,-0.3171315,-21.75277,-5.886912,45.24451
36.512691975,14.79679,18.75954,-52.18015,0.7561743,-0.1026785,-0.3510748,-21.75277,-5.886912,45.24451
36.522690296,12.82773,29.14621,-50.77782,0.7410061,-0.1261157,-0.3835855,-21.75277,-5.886912,45.24451
36.532688618,11.2894,39.53288,-49.86326,0.7208377,-0.1172515,-0.4333246,-19.89478,-5.112138,45.25435
36.542686463,7.65893599999998,49.38537,-47.91219,0.7468646,-0.07584362,-0.4252448,-19.89478,-5.112138,45.25435
36.552684307,0.5826145,59.7126800000001,-46.50986,0.7953886,-0.03811473,-0.3899245,-19.89478,-5.112138,45.25435
36.562682629,-7.29363900000002,69.5651699999998,-44.68074,0.8262447,-0.01971293,-0.3574398,-19.89478,-5.112138,45.25435
36.572680473,-12.64703,76.6281099999999,-42.36385,0.8410866,-0.03154631,-0.3550698,-19.89478,-5.112138,45.25435
36.582679272,-13.57003,83.2755699999997,-40.41279,0.8396246,-0.05801342,-0.3765963,-21.41985,-3.612317,44.00961
36.592677117,-9.69343500000003,88.37987,-37.73008,0.841196,-0.1173954,-0.4435844,-21.41985,-3.612317,44.00961
36.602674961,-0.955716300000001,92.8312999999999,-34.80348,0.8575928,-0.1355294,-0.4957732,-21.41985,-3.612317,44.00961
36.612672806,9.50493299999999,95.8582699999997,-32.30368,0.8591847,-0.1437555,-0.5484172,-21.41985,-3.612317,44.00961
36.622671127,20.70398,99.3600600000002,-30.77941,0.9360298,-0.1630855,-0.5964037,-21.41985,-3.612317,44.00961
36.632669449,34.11823,104.9985,-29.92582,1.000252,-0.1580256,-0.6070457,-23.26961,-4.037789,40.32122
36.64266777,48.02473,110.6964,-29.31611,1.013356,-0.0769425,-0.5898607,-23.26961,-4.037789,40.32122
36.652665615,54.79339,115.7413,-28.21864,1.024676,-0.005381935,-0.6004276,-23.26961,-4.037789,40.32122
36.66266346,55.65485,120.1927,-27.42602,1.009622,0.01753616,-0.6123716,-23.26961,-4.037789,40.32122
36.672661781,53.25506,123.5165,-25.90175,0.9951326,0.01033706,-0.6243089,-25.88459,-3.708175,36.62321
36.682660103,50.85526,127.0776,-23.03612,1.022526,-0.02196932,-0.6559343,-25.88459,-3.708175,36.62321
36.692658424,51.10139,131.4697,-19.80467,1.034931,-0.060311,-0.677482,-25.88459,-3.708175,36.62321
36.702656269,51.59366,135.8024,-16.57322,1.011359,-0.05053684,-0.6736148,-25.88459,-3.708175,36.62321
36.712654114,48.7016,139.1262,-12.54915,1.001698,-0.02873315,-0.6597249,-25.88459,-3.708175,36.62321
36.722651958,42.42521,141.9751,-8.95187600000001,1.000362,-0.009194665,-0.6458489,-28.5355,-1.48332,32.14106
36.732650757,33.99516,144.4085,-5.232659,0.9889714,0.02655751,-0.6439239,-28.5355,-1.48332,32.14106
36.742648601,21.75005,146.4265,-0.720822899999998,0.9824947,0.06067355,-0.6190354,-28.5355,-1.48332,32.14106
36.752646923,8.08966899999999,148.6819,3.791013,0.9840769,0.05445774,-0.6113794,-28.5355,-1.48332,32.14106
36.762644768,-1.509515,151.2934,8.97352800000002,0.98286,0.01561102,-0.6056244,-28.5355,-1.48332,32.14106
36.772642612,-4.955376,153.9642,14.09507,0.989355,0.006939754,-0.6113764,-31.1704,-0.01972151,27.59846
36.782640934,-6.61677399999998,156.8132,18.424,1.000666,0.05334523,-0.6094937,-31.1704,-0.01972151,27.59846
36.792639255,-10.30877,159.306,22.14321,1.005277,0.09328353,-0.6095121,-31.1704,-0.01972151,27.59846
36.8026371,-15.04683,160.9085,25.67952,1.014686,0.1116028,-0.592783,-31.1704,-0.01972151,27.59846
36.812635422,-19.60028,162.8078,29.09388,1.037335,0.125968,-0.5588473,-31.1704,-0.01972151,27.59846
36.822633266,-22.86155,164.2322,31.3498,1.039808,0.1248925,-0.5224795,-33.79404,1.056984,22.28388
36.832631111,-24.03068,165.1225,32.3863,1.035615,0.1153627,-0.4927981,-33.79404,1.056984,22.28388
36.842629909,-23.35381,164.8257,32.8131,1.065073,0.1038751,-0.4842321,-33.79404,1.056984,22.28388
36.852627754,-21.20015,164.2322,32.32533,1.109781,0.1107126,-0.4709117,-33.79404,1.056984,22.28388
36.862626076,-19.90795,163.4606,31.95951,1.133322,0.1287067,-0.4671287,-33.79404,1.056984,22.28388
36.87262392,-21.50782,161.7394,31.83756,1.153587,0.1400215,-0.4427596,-35.66402,1.766041,17.8154
36.882621765,-23.16921,158.5344,32.50824,1.191205,0.1349904,-0.4366024,-35.66402,1.766041,17.8154
36.892620563,-25.63054,154.0829,34.33736,1.195445,0.1429151,-0.4294331,-35.66402,1.766041,17.8154
36.902618408,-31.41467,148.5632,36.59328,1.163935,0.1603381,-0.4222041,-35.66402,1.766041,17.8154
36.912616253,-39.66012,142.6279,38.91017,1.179977,0.1627173,-0.4093111,-35.66402,1.766041,17.8154
36.922614574,-47.90557,137.5236,40.19056,1.204714,0.1171117,-0.4016853,-36.81148,3.628327,14.1204
36.932612419,-54.92036,133.0722,40.73929,1.215366,0.09584083,-0.3595837,-36.81148,3.628327,14.1204
36.942611217,-62.5504799999999,126.9589,39.8857,1.215679,0.08015745,-0.3217727,-36.81148,3.628327,14.1204
36.952609062,-68.2115399999998,119.3618,39.70279,1.25477,0.07550202,-0.2778106,-36.81148,3.628327,14.1204
36.962606907,-74.9801900000002,111.2305,40.06861,1.244469,0.08001413,-0.2404649,-36.81148,3.628327,14.1204
36.972605228,-80.2105199999999,100.9626,39.58085,1.264089,0.02255373,-0.1897552,-37.95107,5.110259,10.42743
36.982603073,-78.0568500000003,90.5165600000001,37.93464,1.246461,-0.04990157,-0.1571627,-37.95107,5.110259,10.42743
36.992601871,-65.5040699999999,80.2485999999999,35.55678,1.191895,-0.07616526,-0.1479678,-37.95107,5.110259,10.42743
37.002599716,-50.24384,71.7018599999999,32.93504,1.171807,-0.04376719,-0.122098,-37.95107,5.110259,10.42743
37.012597561,-39.47552,65.5292099999998,29.76456,1.167458,0.00698748,-0.08908178,-37.95107,5.110259,10.42743
37.022595406,-32.03,61.4338999999997,27.20378,1.144575,0.05816801,-0.07565494,-38.34235,6.234893,8.806061
37.032593727,-27.47654,59.17851,25.55757,1.110877,0.08814728,-0.07225388,-38.34235,6.234893,8.806061
37.042592049,-25.38441,57.27923,24.15525,1.099141,0.09034072,-0.07271256,-38.34235,6.234893,8.806061
37.05259037,-23.16921,57.3979399999998,22.75292,1.077945,0.0516159,-0.0635727,-38.34235,6.234893,8.806061
37.062588215,-16.64669,57.16053,20.86283,1.043385,-0.00190295,-0.04914139,-38.34235,6.234893,8.806061
37.07258606,-7.10903899999999,56.68571,18.36302,0.984175,-0.04041568,-0.04089246,-38.74346,7.743696,7.634162
37.082584381,5.689873,54.01485,15.55837,0.9435418,-0.05625195,-0.03746752,-38.74346,7.743696,7.634162
37.092582703,16.02746,51.22529,12.26595,0.9137069,-0.07625275,-0.0345389,-38.74346,7.743696,7.634162
37.102580547,23.84218,47.84221,9.94906,0.8977759,-0.08365046,-0.01201615,-38.74346,7.743696,7.634162
37.112578869,30.9185,44.04366,8.18090799999998,0.8534186,-0.08316551,-0.02246762,-38.74346,7.743696,7.634162
37.122576714,36.02575,40.95733,7.022464,0.8122376,-0.06986488,-0.02000638,-39.505,8.4917,6.786041
37.132574558,38.11789,37.39619,5.742078,0.7515968,-0.05849428,-0.02708223,-39.505,8.4917,6.786041
37.142573357,38.67168,33.59764,4.827517,0.6986963,-0.07043632,-0.04948001,-39.505,8.4917,6.786041
37.152571201,40.02541,31.10484,4.156838,0.6816005,-0.09402909,-0.04178692,-39.505,8.4917,6.786041
37.162569523,41.74834,29.85844,3.181306,0.6921893,-0.1126575,-0.0293576,-39.505,8.4917,6.786041
37.172567368,44.64041,28.96815,1.657037,0.6943357,-0.1226225,-0.007822854,-40.26905,9.60971,4.710386
37.182565212,49.00927,26.71276,0.864416900000002,0.6545511,-0.1323397,-0.02785119,-40.26905,9.60971,4.710386
37.192563057,50.85526,25.52571,0.925387699999998,0.6426908,-0.1232271,-0.01538988,-40.26905,9.60971,4.710386
37.202561855,50.23993,24.75414,1.596066,0.6384932,-0.08161998,-0.02640053,-40.26905,9.60971,4.710386
37.2125597,45.87107,23.68579,3.303247,0.6273906,-0.06152629,-0.03691502,-40.26905,9.60971,4.710386
37.222558022,37.56408,22.14263,5.498195,0.6235853,-0.04080687,-0.04792098,-40.95269,9.598016,3.931284
37.232555866,28.76484,20.65882,7.81508400000003,0.6146566,-0.05854297,-0.05507948,-40.95269,9.598016,3.931284
37.242553711,21.01165,19.29372,9.70517700000002,0.6054474,-0.08679109,-0.0421346,-40.95269,9.598016,3.931284
37.252552509,15.78132,16.74156,10.74168,0.6127633,-0.1127689,-0.02921911,-40.95269,9.598016,3.931284
37.262550354,14.48913,14.30812,11.35139,0.6519482,-0.149386,-0.02640654,-40.95322,9.964206,2.252248
37.272548676,16.08899,12.34949,11.35139,0.6873236,-0.1646442,-0.01784991,-40.95322,9.964206,2.252248
37.28254652,18.79645,9.85669000000001,12.14401,0.7027618,-0.156665,-0.02888613,-40.95322,9.964206,2.252248
37.292544365,19.41178,7.12648200000003,13.11954,0.7056753,-0.1304806,-0.04134092,-40.95322,9.964206,2.252248
37.302543163,18.18112,4.336921,14.76575,0.7176535,-0.09387291,-0.04950702,-40.95322,9.964206,2.252248
37.312541008,14.98139,0.894483100000001,16.22905,0.7421943,-0.07736953,-0.05146836,-41.33582,10.34175,2.24744
37.322538853,10.67406,-2.607306,16.65584,0.774761,-0.07273331,-0.0400405,-41.33582,10.34175,2.24744
37.332537174,8.76653499999999,-7.71161000000001,15.80225,0.7952005,-0.07137953,-0.04246936,-41.33582,10.34175,2.24744
37.342535019,8.88960099999997,-12.87527,14.39993,0.8379163,-0.1141651,-0.03104698,-41.33582,10.34175,2.24744
37.352533817,12.52006,-17.32669,12.38789,0.8932188,-0.1522012,-0.005769065,-41.33582,10.34175,2.24744
37.362531662,21.56545,-22.07488,10.61974,0.8957481,-0.1577028,-0.02826513,-40.5942,10.72773,2.250973
37.372529507,31.77996,-26.40761,9.52226500000001,0.8590283,-0.148841,-0.04256069,-40.5942,10.72773,2.250973
37.382527828,38.79475,-29.55328,8.668674,0.8536063,-0.1191302,-0.02341584,-40.5942,10.72773,2.250973
37.392525673,43.34821,-31.86802,8.36382100000002,0.8626914,-0.08319629,0.007187938,-40.5942,10.72773,2.250973
37.402524471,44.39427,-33.70795,8.30284999999999,0.8720823,-0.03750237,0.04161728,-40.5942,10.72773,2.250973
37.412522316,42.36368,-36.43816,7.14440499999997,0.8583095,-0.03038885,0.05216813,-40.29961,11.4946,2.700736
37.422520161,38.42555,-39.58383,6.71760999999998,0.8690723,-0.0325796,0.05502139,-40.29961,11.4946,2.700736
37.432518005,35.16429,-42.67015,6.71760999999998,0.9407817,-0.0627929,0.0501184,-40.29961,11.4946,2.700736
37.442516327,32.33376,-44.62878,7.51023000000002,0.9790333,-0.07559089,0.05579792,-40.29961,11.4946,2.700736
37.452514649,30.48776,-45.75648,8.85158600000001,1.000829,-0.120309,0.06055721,-40.29961,11.4946,2.700736
37.46251297,33.31829,-45.57842,10.37586,0.9896741,-0.1485034,0.08355556,-40.98216,11.11563,3.47167
37.472510815,39.04088,-44.80684,10.68071,0.9587938,-0.1389395,0.0802569,-40.98216,11.11563,3.47167
37.482508659,43.59434,-44.27267,11.35139,0.9229082,-0.1220975,0.08653662,-40.98216,11.11563,3.47167
37.492506504,47.16327,-44.92554,12.14401,0.8937719,-0.1011514,0.1018964,-40.98216,11.11563,3.47167
37.502505303,51.59366,-44.33202,11.9611,0.9132544,-0.07363614,0.1458844,-40.98216,11.11563,3.47167
37.512503147,53.13199,-44.27267,11.16848,0.9347629,-0.02495384,0.1621059,-40.62682,11.88623,4.308898
37.522501469,52.14746,-45.40036,10.31489,0.9216825,-0.003502808,0.1448945,-40.62682,11.88623,4.308898
37.532499313,48.64007,-45.93454,10.25391,0.9613388,0.01223083,0.1323783,-40.62682,11.88623,4.308898
37.542497158,44.70194,-45.75648,11.16848,1.003457,0.000888107,0.1294364,-40.62682,11.88623,4.308898
37.552495957,45.3788,-45.34101,12.20498,0.9718933,-0.005159821,0.1208786,-40.62682,11.88623,4.308898
37.562493801,48.64007,-44.92554,11.9611,0.954958,-0.06403112,0.09651589,-39.94515,11.90174,5.539503
37.572492123,57.5008499999999,-44.09461,11.41236,0.9646705,-0.06245157,0.08884133,-39.94515,11.90174,5.539503
37.582489967,65.6232399999998,-43.50109,10.31489,0.9550488,0.009571569,0.1209041,-39.94515,11.90174,5.539503
37.592487812,69.6844299999999,-44.03526,8.85158600000001,0.9115508,0.09421157,0.1180867,-39.94515,11.90174,5.539503
37.602486611,66.1770400000001,-45.1036,7.87605399999997,0.8602092,0.180986,0.09996801,-39.94515,11.90174,5.539503
37.612484455,57.8700499999997,-46.70612,7.022464,0.8388641,0.2276523,0.09472886,-39.21675,12.67843,6.766514
37.6224823,51.4706,-49.08021,5.742078,0.8368533,0.1774588,0.03061609,-39.21675,12.67843,6.766514
37.632480621,55.16259,-50.32661,3.730042,0.8670472,0.04730977,-0.02539643,-39.21675,12.67843,6.766514
37.642478466,66.9769700000002,-50.92013,0.986358399999998,0.9163083,-0.006422209,-0.002975397,-39.21675,12.67843,6.766514
37.652477264,34.85662,-21.3033,11.77818,1.91841,0.02236765,1.665501,-39.21675,12.67843,6.766514
37.662475109,8.58193500000002,24.10126,23.78942,2.756097,0.6708534,1.739967,-38.85943,13.44522,7.15224
37.672472954,17.99652,14.18941,26.35019,1.661031,-0.09110595,1.080202,-38.85943,13.44522,7.15224
37.682471275,36.08729,-8.542543,10.55877,1.144272,0.1929274,0.5249238,-38.85943,13.44522,7.15224
37.69246912,57.5008499999999,-34.47953,-7.85440200000002,1.58351,0.4087688,0.2225996,-38.85943,13.44522,7.15224
37.702467918,67.4076999999999,-44.03526,-6.695957,1.725668,0.5232766,0.3740309,-38.85943,13.44522,7.15224
37.712465763,57.43932,-50.02985,-9.01284600000001,1.172243,0.3237063,-0.05902139,-38.10039,13.06722,6.772827
37.722463608,55.83945,-52.34459,-11.32973,0.7843329,-0.02349457,-0.5205603,-38.10039,13.06722,6.772827
37.732461452,47.10173,-52.81941,-9.98837900000002,0.8364236,-0.1788001,-0.6115406,-38.10039,13.06722,6.772827
37.742459774,40.76381,-48.07122,-4.683922,1.03226,-0.2061657,-0.785598,-38.10039,13.06722,6.772827
37.752457619,21.44238,-41.18634,2.69354,1.105932,-0.05330503,-0.7024935,-38.10039,13.06722,6.772827
37.762456417,-11.17023,-34.42017,8.05896700000001,1.158685,0.09921347,-0.5585734,-38.12148,13.83828,7.994277
37.772454262,-34.67593,-29.79069,9.82711900000002,1.170169,-0.06879441,-0.4633135,-38.12148,13.83828,7.994277
37.782452106,-32.64533,-22.96517,10.01003,1.228176,-0.2466377,-0.2690669,-38.12148,13.83828,7.994277
37.792449951,-4.770776,-15.42742,9.09546899999999,1.145394,-0.4028446,-0.1674243,-38.12148,13.83828,7.994277
37.802448273,35.47195,-12.34109,7.38828800000001,0.9814061,-0.3354861,-0.09919793,-38.49682,13.47146,9.928534
37.812446594,60.1467800000003,-13.88426,4.400721,0.8938521,0.04673588,-0.03980029,-38.49682,13.47146,9.928534
37.822444916,50.85526,-18.45439,3.669072,0.9242709,0.374416,0.01749143,-38.49682,13.47146,9.928534
37.83244276,15.90439,-20.29431,6.96149300000002,1.009103,0.530768,0.1393402,-38.49682,13.47146,9.928534
37.842440605,-22.92308,-20.76913,9.94906,1.01056,0.3752561,0.1350705,-38.49682,13.47146,9.928534
37.852438927,-42.92138,-21.24395,11.16848,0.9988659,0.06333033,0.1126781,-37.7729,14.62196,10.37951
37.862437248,-41.01385,-20.17561,9.58323599999998,0.9828327,-0.1470097,0.1022316,-37.7729,14.62196,10.37951
37.87243557,-32.7684,-17.5641,7.14440499999997,0.9867934,-0.149562,0.1333328,-37.7729,14.62196,10.37951
37.882433414,-33.44526,-14.65584,6.96149300000002,0.991991,-0.08854114,0.152451,-37.7729,14.62196,10.37951
37.892431259,-40.27545,-14.24037,6.22984400000002,0.9512857,0.002887045,0.1419698,-37.7729,14.62196,10.37951
37.902429104,-51.22837,-17.32669,5.315282,0.9218618,-0.04050634,0.08364598,-37.39198,14.24769,10.77132
37.912427902,-51.90524,-22.78711,3.669072,0.9952908,-0.1875475,0.1060489,-37.39198,14.24769,10.77132
37.922425747,-38.67559,-23.6774,0.7424754,1.0336,-0.1495687,0.1906803,-37.39198,14.24769,10.77132
37.932424068,-29.38407,-27.11983,-3.037712,0.9956318,-0.1525828,0.1558112,-37.39198,14.24769,10.77132
37.942421913,-18.73882,-35.31046,-5.049747,0.9703367,-0.3694936,-0.1274059,-37.39198,14.24769,10.77132
37.952419758,-2.494047,-39.9993,-6.08625000000001,1.064994,-0.3501427,-0.1290116,-37.03216,14.64448,12.38458
37.962418556,6.24367199999998,-38.81225,-7.54954800000001,1.069731,-0.2129083,-0.1175694,-37.03216,14.64448,12.38458
37.972416401,6.67440499999999,-37.74391,-7.54954800000001,0.9846089,-0.1438751,-0.1428033,-37.03216,14.64448,12.38458
37.982414722,1.567146,-39.10901,-8.098285,0.9543882,-0.197932,-0.2494591,-37.03216,14.64448,12.38458
37.992412567,6.55133799999999,-38.51549,-5.964308,0.99697,-0.3125834,-0.2849185,-37.03216,14.64448,12.38458
38.002410412,17.31965,-34.77629,-5.110718,1.075446,-0.2596792,-0.1960537,-37.79236,14.65956,14.83003
38.01240921,27.16497,-30.20616,-6.695957,1.019381,-0.2079036,-0.2581843,-37.79236,14.65956,14.83003
38.022407055,28.45717,-28.48494,-7.00081100000001,0.9865366,-0.1460283,-0.2758502,-37.79236,14.65956,14.83003
38.0324049,24.14984,-26.76372,-6.57401600000003,1.005269,-0.1051584,-0.2577075,-37.79236,14.65956,14.83003
38.042403221,20.15018,-24.86444,-5.720425,0.999359,-0.02265973,-0.2041179,-37.79236,14.65956,14.83003
38.052401543,14.42759,-22.78711,-5.29363,1.007058,-0.01621576,-0.1538825,-37.40806,14.27874,14.44784
38.062399864,12.95079,-20.23496,-5.171688,1.051024,-0.02218539,-0.1577863,-37.40806,14.27874,14.44784
38.072397709,13.31999,-17.86087,-4.440039,1.043003,-0.01095322,-0.1874469,-37.40806,14.27874,14.44784
38.082395554,12.2124,-17.08928,-3.769361,0.9932057,-0.006184725,-0.1959757,-37.40806,14.27874,14.44784
38.092393875,14.18146,-17.08928,-4.074214,0.9834601,-0.03212778,-0.1954734,-37.40806,14.27874,14.44784
38.10239172,17.07352,-16.13965,-3.70839,1.002283,-0.02180021,-0.1696658,-37.42297,14.67272,16.05832
38.112390041,17.44272,-15.54612,-2.8548,0.9772178,0.01568259,-0.1614959,-37.42297,14.67272,16.05832
38.122388363,14.98139,-15.66483,-2.306063,0.9667551,0.05386965,-0.161009,-37.42297,14.67272,16.05832
38.132386208,9.75106599999998,-15.72418,-1.696355,0.9817483,0.08648805,-0.1337647,-37.42297,14.67272,16.05832
38.142384052,1.813279,-14.47778,-0.7817937,1.003823,0.07941228,-0.1050868,-37.42297,14.67272,16.05832
38.152382851,-3.601645,-13.8249,1.169271,1.011268,-0.03179581,-0.1132069,-36.66225,14.29145,15.29191
38.162380695,0.5826145,-13.46879,2.022861,1.015256,-0.1406951,-0.1270645,-36.66225,14.29145,15.29191
38.172379017,9.87413200000002,-12.34109,1.291212,1.00399,-0.1374723,-0.1222599,-36.66225,14.29145,15.29191
38.182376862,13.44306,-12.04433,1.169271,0.9872684,-0.1289153,-0.1069186,-36.66225,14.29145,15.29191
38.192374706,17.13505,-12.51915,0.803446099999999,0.9947014,-0.1876726,-0.1184022,-36.66225,14.29145,15.29191
38.202373505,23.65758,-13.94361,0.2547093,0.9648556,-0.1815995,-0.1336662,-36.67547,14.68216,16.51538
38.212371349,25.99584,-14.65584,-0.598881400000002,0.9628132,-0.04633317,-0.1102472,-36.67547,14.68216,16.51538
38.222369194,16.82739,-16.199,-0.659852100000001,0.9862673,0.002299835,-0.1036006,-36.67547,14.68216,16.51538
38.232367516,10.48946,-17.86087,0.01082622,0.9738311,-0.01008125,-0.10214,-36.67547,14.68216,16.51538
38.24236536,6.428272,-18.45439,-0.1111153,1.013427,0.009166835,-0.102214,-36.67547,14.68216,16.51538
38.252364159,5.136074,-17.97957,-0.3549984,1.031955,0.060605,-0.09699516,-35.91615,14.30361,16.07147
38.262362003,0.8287475,-17.92022,-1.391501,1.044987,0.09199687,-0.1463193,-35.91615,14.30361,16.07147
38.272359848,-3.232446,-17.5641,-1.26956,1.003409,0.07398762,-0.1658638,-35.91615,14.30361,16.07147
38.28235817,-8.77043599999998,-16.67382,-0.3549984,1.019653,-0.01275394,-0.1744841,-35.91615,14.30361,16.07147
38.292356014,-7.04750599999997,-16.02094,0.2547093,0.9991629,-0.1159424,-0.2017007,-35.91615,14.30361,16.07147
38.302354813,-4.093911,-15.78353,0.1937385,0.9744601,-0.09798666,-0.2040551,-36.31645,15.44568,16.51411
38.312352657,-7.232106,-15.30871,0.0717969800000001,0.9923341,-0.01070606,-0.1572083,-36.31645,15.44568,16.51411
38.322350502,-17.32355,-15.72418,-0.3549984,1.018442,-0.02575792,-0.1591643,-36.31645,15.44568,16.51411
38.332348347,-18.61575,-15.90224,-0.964705900000002,1.002499,-0.1376606,-0.192608,-36.31645,15.44568,16.51411
38.342346668,-11.72403,-15.72418,-1.574414,0.9895025,-0.1461608,-0.1906688,-35.93921,15.07849,17.74442
38.35234499,-5.816842,-15.42742,-2.549946,0.9899288,-0.117009,-0.1921128,-35.93921,15.07849,17.74442
38.362343311,-2.063314,-15.36807,-3.464507,0.9882427,-0.1047929,-0.1811057,-35.93921,15.07849,17.74442
38.372341156,-2.001781,-15.0713,-4.074214,0.9819357,-0.132082,-0.1758234,-35.93921,15.07849,17.74442
38.382339001,0.890280700000001,-15.72418,-3.647419,0.9676737,-0.2291583,-0.1858236,-35.93921,15.07849,17.74442
38.392337322,7.04360400000002,-15.60548,-3.70839,0.9965022,-0.2591591,-0.1810804,-35.9409,15.08176,18.13143
38.402335644,14.42759,-16.0803,-4.622952,0.9743356,-0.1952037,-0.2069013,-35.9409,15.08176,18.13143
38.412333489,15.78132,-16.43641,-4.927805,0.962595,-0.08825222,-0.1767581,-35.9409,15.08176,18.13143
38.42233181,14.24299,-16.02094,-5.232659,1.010875,-0.03812177,-0.1663265,-35.9409,15.08176,18.13143
38.432329655,15.90439,-15.84289,-4.683922,0.9949539,-0.04750347,-0.2012324,-35.9409,15.08176,18.13143
38.442327499,18.67338,-15.96159,-5.049747,0.9853652,-0.03036131,-0.2189274,-35.93304,14.70141,18.13345
38.452326298,19.78098,-15.96159,-5.29363,0.9833546,0.02511035,-0.2064952,-35.93304,14.70141,18.13345
38.462324143,13.50459,-15.60548,-4.744893,1.003807,0.05251317,-0.1768662,-35.93304,14.70141,18.13345
38.472322464,8.27426799999999,-15.96159,-4.257127,0.9965371,-0.05368854,-0.1902263,-35.93304,14.70141,18.13345
38.482320309,11.72013,-16.0803,-4.318098,0.9891666,-0.1545513,-0.2040662,-35.93304,14.70141,18.13345
38.492318153,17.56579,-16.25835,-4.50101,0.9819401,-0.1847742,-0.1987815,-35.93473,14.70467,18.52045
38.502316952,22.85765,-16.31771,-4.683922,0.9915085,-0.2266515,-0.1758157,-35.93473,14.70467,18.52045
38.512314797,27.65724,-15.72418,-4.257127,1.001724,-0.2773858,-0.1662489,-35.93473,14.70467,18.52045
38.522312641,36.08729,-15.84289,-4.379068,0.9983158,-0.3287041,-0.1379938,-35.93473,14.70467,18.52045
38.532310963,47.16327,-15.42742,-4.744893,1.016434,-0.4100185,-0.08871113,-35.93473,14.70467,18.52045
38.542308807,64.5771700000002,-14.00296,-3.281595,1.027273,-0.4424195,-0.09494317,-35.93642,14.70794,18.90746
38.552307606,80.0220100000002,-13.29073,-1.086647,0.9795031,-0.4156602,-0.09438821,-35.93642,14.70794,18.90746
38.562305451,85.3138699999997,-13.23138,-0.720822899999998,1.022709,-0.3013926,-0.02079224,-35.93642,14.70794,18.90746
38.572303295,79.0374800000001,-11.56951,-0.05014454,1.150657,-0.4672205,0.1671078,-35.93642,14.70794,18.90746
38.582301617,88.0828700000001,-8.48319099999998,2.510627,1.210958,-0.8763875,0.1427007,-35.93642,14.70794,18.90746
38.592299462,123.6491,-9.67023799999998,4.156838,0.9667279,-0.8250403,-0.09043192,-35.57571,15.4682,18.51918
38.60229826,135.9557,-15.0713,0.803446099999999,0.7063907,-0.147237,-0.2275039,-35.57571,15.4682,18.51918
38.612296105,102.3586,-26.2889,-5.049747,0.8013903,0.4479551,-0.335981,-35.57571,15.4682,18.51918
38.622293949,59.3468500000002,-34.30147,-9.31770000000002,1.173486,0.5351712,-0.3711096,-35.57571,15.4682,18.51918
38.632291794,35.77962,-38.51549,-11.87847,1.312262,0.6955895,-0.3991503,-35.57571,15.4682,18.51918
38.642290115,30.67237,-40.23671,-17.18293,1.381956,0.5932655,-0.3145374,-35.22706,16.98208,17.28834
38.652288437,42.54827,-39.16837,-18.2804,1.294003,0.3714743,-0.3588346,-35.22706,16.98208,17.28834
38.662286758,51.16293,-36.91298,-17.79264,1.282364,0.2905166,-0.3654935,-35.22706,16.98208,17.28834
38.672284603,45.62494,-35.19176,-16.08545,1.22859,0.3011659,-0.3070162,-35.22706,16.98208,17.28834
38.682282448,27.0419,-34.95435,-14.56119,1.187481,0.2087706,-0.2255628,-35.22706,16.98208,17.28834
38.692281246,8.705001,-33.94535,-13.52468,1.186875,0.0332416,-0.2355667,-35.62737,18.12415,17.73098
38.702279091,3.659276,-31.74932,-11.57362,1.127174,-0.08391222,-0.2703685,-35.62737,18.12415,17.73098
38.712276936,-3.355512,-30.62162,-9.68352500000001,1.088926,-0.07021589,-0.2310621,-35.62737,18.12415,17.73098
38.722275257,-10.1857,-28.30688,-9.80546599999998,1.069891,-0.1207536,-0.2429803,-35.62737,18.12415,17.73098
38.732273102,-12.70856,-24.62704,-10.17129,1.035574,-0.1890399,-0.3027249,-35.62737,18.12415,17.73098
38.7422719,-5.201509,-20.88784,-11.20779,0.9891159,-0.181781,-0.3648607,-35.25601,18.1335,18.50776
38.752269745,-1.817181,-15.48677,-11.69556,0.9191536,-0.1167613,-0.4365419,-35.25601,18.1335,18.50776
38.76226759,-2.370981,-10.32311,-10.53712,0.8759955,-0.07644051,-0.4508343,-35.25601,18.1335,18.50776
38.772266388,-4.955376,-5.574925,-9.01284600000001,0.8699225,-0.0131127,-0.4738116,-35.25601,18.1335,18.50776
38.782263756,-8.093571,-1.420259,-8.28119799999998,0.8650047,0.06765821,-0.4518094,-35.25601,18.1335,18.50776
38.792262554,-12.9547,2.496997,-7.42760699999997,0.8518509,0.06811237,-0.4269006,-35.62458,17.7536,18.89401
38.802260399,-14.24689,5.405263,-6.93983999999998,0.8073893,0.02252731,-0.4268114,-35.62458,17.7536,18.89401
38.812258244,-10.30877,5.58332,-7.61051899999998,0.7873142,0.02968833,-0.3444631,-35.62458,17.7536,18.89401
38.822256088,-6.49370699999998,5.464615,-9.19575899999999,0.8000202,0.002495106,-0.3167209,-35.62458,17.7536,18.89401
38.83225441,-4.093911,5.167854,-9.13478800000001,0.8161724,-0.05375677,-0.3387491,-35.62458,17.7536,18.89401
38.842252731,-2.617113,4.693035,-7.976343,0.8035637,-0.08252291,-0.3219695,-35.61503,17.36998,18.50904
38.852251053,-3.293979,3.684045,-7.79343099999999,0.8158379,-0.0877442,-0.3349111,-35.61503,17.36998,18.50904
38.862248898,-4.770776,4.099511,-6.57401600000003,0.8168185,-0.1147104,-0.3631418,-35.61503,17.36998,18.50904
38.872246742,-3.355512,3.149873,-5.964308,0.7869353,-0.1067249,-0.3817563,-35.61503,17.36998,18.50904
38.882245064,-5.263042,1.784769,-5.78139599999999,0.7594078,-0.06782857,-0.3731039,-35.99933,17.75079,18.89123
38.892243385,-2.986313,-0.9454404,-6.87886999999998,0.7230135,-0.1014206,-0.3543674,-35.99933,17.75079,18.89123
38.902241707,3.597743,-4.328525,-8.098285,0.7041864,-0.1126728,-0.4280324,-35.99933,17.75079,18.89123
38.912239552,7.10513699999998,-8.30513400000001,-9.19575899999999,0.6712094,-0.07134226,-0.513172,-35.99933,17.75079,18.89123
38.922237396,9.38186599999998,-12.28174,-10.29323,0.5646907,-0.05828796,-0.608705,-35.99933,17.75079,18.89123
38.932235241,9.32033300000002,-16.37706,-10.53712,0.4878916,0.006828217,-0.7081317,-36.35665,16.98399,18.50551
38.942234039,-1.386449,-18.45439,-10.65906,0.5266469,-0.03262958,-0.6962246,-36.35665,16.98399,18.50551
38.952231884,-4.401577,-18.51374,-9.01284600000001,0.5913529,-0.1558785,-0.6570625,-36.35665,16.98399,18.50551
38.962230206,-3.478579,-18.6918,-7.366636,0.6355957,-0.1483748,-0.5700407,-36.35665,16.98399,18.50551
38.97222805,1.382547,-20.29431,-7.366636,0.7075229,-0.1102659,-0.4907323,-36.35665,16.98399,18.50551
38.982225895,5.689873,-20.29431,-7.67149000000001,0.7450079,-0.02558079,-0.2922104,-36.36031,16.99108,19.34401
38.992224693,9.68953300000002,-23.7961,-6.93983999999998,0.8144668,-0.03829107,-0.2382491,-36.36031,16.99108,19.34401
39.002222538,15.47366,-28.54429,-5.476542,0.8483871,-0.07979694,-0.2272903,-36.36031,16.99108,19.34401
39.012220383,17.38119,-31.15579,-4.196156,0.8302503,-0.05035682,-0.3162814,-36.36031,16.99108,19.34401
39.022218704,11.8432,-35.1324,-4.074214,0.704854,0.03296493,-0.4452998,-36.36031,16.99108,19.34401
39.032216549,-10.98563,-35.60722,-4.440039,0.6300704,0.04507625,-0.4470868,-35.98109,16.62007,20.12282
39.042215347,-23.41535,-35.19176,-6.14722099999998,0.6553456,-0.08125953,-0.4475769,-35.98109,16.62007,20.12282
39.052213192,-7.724371,-35.78528,-8.76896300000003,0.809554,-0.01405004,-0.3928268,-35.98109,16.62007,20.12282
39.062211037,5.074541,-35.84463,-12.2443,0.8227372,0.2443989,-0.3761662,-35.98109,16.62007,20.12282
39.072209358,-2.432514,-38.27808,-15.84157,0.8811795,0.4573129,-0.2294,-35.98109,16.62007,20.12282
39.08220768,-19.29262,-37.56585,-14.13439,1.073132,0.3051585,-0.1722664,-35.61172,16.63324,21.35111
39.092206001,-19.29262,-34.24212,-8.890904,1.208085,-0.05891389,-0.2623802,-35.61172,16.63324,21.35111
39.102203846,-11.60097,-32.93637,-3.281595,1.238756,-0.2904081,-0.2427524,-35.61172,16.63324,21.35111
39.112201691,-0.2173175,-26.34826,-0.1720861,1.27374,-0.5263324,-0.5566986,-35.61172,16.63324,21.35111
39.122199535,14.79679,-19.28532,2.388686,0.9602127,-0.4416015,-0.7093182,-35.61172,16.63324,21.35111
39.132198334,13.93533,-14.18102,0.681504599999997,0.6782405,-0.1918391,-0.7385626,-34.844,15.50815,22.58826
39.142196178,-4.278511,-12.75656,-2.123151,0.4445839,0.03224603,-0.5984688,-34.844,15.50815,22.58826
39.1521945,-31.6608,-17.86087,-4.561981,0.4527949,0.1187254,-0.4061178,-34.844,15.50815,22.58826
39.162192345,-47.72097,-21.3033,-6.513045,0.4823283,-0.05194773,-0.3754964,-34.844,15.50815,22.58826
39.172190189,-43.59825,-18.63245,-6.81789900000001,0.883967,-0.4210593,-0.3713158,-34.844,15.50815,22.58826
39.182188988,16.70432,-6.761972,-3.769361,1.253368,-0.740765,-0.63318,-34.09032,15.1405,23.43435
39.192186832,45.13267,7.423244,1.778978,1.558967,-0.06458813,-0.4190062,-34.09032,15.1405,23.43435
39.202185154,27.9649,13.53654,4.644604,1.618775,0.282056,-0.3177416,-34.09032,15.1405,23.43435
39.212182999,-9.63190200000001,18.46278,6.29081499999999,1.453254,0.378203,-0.2863703,-34.09032,15.1405,23.43435
39.222180843,-26.24587,13.12107,3.242276,1.384684,0.528056,-0.2245531,-34.09032,15.1405,23.43435
39.232179642,-31.59927,4.57433,-4.805864,1.217276,0.3113957,-0.120833,-33.34253,15.14939,23.82692
39.242177486,-14.80069,-11.03534,-13.46371,1.067011,0.1167012,0.009651739,-33.34253,15.14939,23.82692
39.252175331,9.01266799999998,-28.90041,-24.31651,1.151491,-0.09638671,0.1717966,-33.34253,15.14939,23.82692
39.262173653,31.2877,-38.81225,-33.70601,1.386216,-0.5311379,0.1078488,-33.34253,15.14939,23.82692
39.272171974,60.7621099999999,-41.89857,-37.18134,1.507757,-0.7289219,-0.1019285,-33.34253,15.14939,23.82692
39.282170296,75.4070199999997,-42.84821,-38.94949,1.289682,-0.3313606,-0.3141385,-33.71925,15.15039,24.27564
39.29216814,56.14712,-44.92554,-44.43686,1.12363,0.1277723,-0.3891037,-33.71925,15.15039,24.27564
39.302165985,26.24197,-45.16295,-45.53433,1.152674,0.2934742,-0.3992471,-33.71925,15.15039,24.27564
39.31216383,8.27426799999999,-46.17194,-44.5588,1.079545,0.1120941,-0.4670307,-33.71925,15.15039,24.27564
39.322162628,13.01233,-42.25469,-43.33939,1.025858,0.01056877,-0.5592762,-33.71925,15.15039,24.27564
39.332160473,17.07352,-40.29606,-45.35142,1.05891,0.06722349,-0.5464268,-34.07629,14.38306,23.82541
39.342158794,16.88892,-38.04067,-45.77822,1.158304,0.1476353,-0.4705272,-34.07629,14.38306,23.82541
39.352156639,10.79713,-34.95435,-44.43686,1.136514,0.1661258,-0.473844,-34.07629,14.38306,23.82541
39.362154484,-0.3403839,-34.42017,-41.81512,1.110037,0.2020186,-0.4240351,-34.07629,14.38306,23.82541
39.372153282,-10.1857,-35.48852,-41.20541,1.075924,0.1775388,-0.3703689,-34.07629,14.38306,23.82541
39.382151127,-13.20083,-38.21873,-41.69318,1.005397,0.1724299,-0.2984582,-33.3243,14.01868,25.05851
39.392149448,-13.20083,-42.19534,-42.85162,0.9417707,0.1366675,-0.2456947,-33.3243,14.01868,25.05851
39.402147293,-10.43183,-45.69712,-44.5588,0.9246992,0.03304306,-0.2748314,-33.3243,14.01868,25.05851
39.412145138,-0.955716300000001,-50.50467,-47.0586,0.95127,-0.03327793,-0.3045323,-33.3243,14.01868,25.05851
39.422143936,12.64313,-53.11617,-48.46093,1.00411,-0.04579742,-0.3529574,-33.3243,14.01868,25.05851
39.432141781,18.42725,-55.66832,-47.60734,0.9797352,0.08442614,-0.3543842,-33.67663,12.51187,27.12785
39.442139626,14.18146,-58.5172299999999,-45.77822,1.027677,0.1525166,-0.3453923,-33.67663,12.51187,27.12785
39.452137947,5.566806,-61.54421,-44.43686,0.9820361,0.2223615,-0.3142233,-33.67663,12.51187,27.12785
39.462135792,-2.863246,-64.5711799999999,-44.37589,1.016926,0.1807301,-0.3190592,-33.67663,12.51187,27.12785
39.47213459,-7.232106,-68.9632599999997,-43.70521,1.030954,0.2136014,-0.2621416,-32.90722,11.38352,27.978
39.482132435,-11.53943,-70.6251200000001,-44.86366,1.078923,0.1761114,-0.2674799,-32.90722,11.38352,27.978
39.49213028,-12.9547,-73.7114499999998,-46.0221,1.101426,0.093403,-0.2737193,-32.90722,11.38352,27.978
39.502128601,-6.98597300000001,-76.5603600000002,-49.19258,1.126938,0.05774996,-0.2952905,-32.90722,11.38352,27.978
39.512126923,4.336142,-78.3409299999999,-52.36306,1.13193,-0.001235463,-0.3263914,-32.90722,11.38352,27.978
39.522125244,17.31965,-79.8840900000002,-55.59451,1.099306,0.02263106,-0.3560124,-32.15245,10.64859,30.37413
39.532123089,26.8573,-83.0297699999999,-58.33819,1.085751,0.04290782,-0.3942801,-32.15245,10.64859,30.37413
39.542120934,31.77996,-84.0981100000001,-60.7770199999998,1.064221,0.04791993,-0.3841938,-32.15245,10.64859,30.37413
39.552118778,36.82569,-84.9884000000001,-63.4597299999999,1.072312,-0.07218903,-0.4104986,-32.15245,10.64859,30.37413
39.562117577,47.0402,-82.1988400000002,-64.5572100000001,1.082176,-0.1589971,-0.5186517,-32.15245,10.64859,30.37413
39.572115421,60.8851799999999,-80.41827,-67.8496200000003,0.9958358,-0.1809073,-0.5491244,-30.99793,8.772679,32.45662
39.582113743,74.97629,-79.05316,-70.65428,0.9579951,-0.1130285,-0.5902334,-30.99793,8.772679,32.45662
39.592111588,78.7913499999998,-76.8571199999998,-72.4834099999998,0.9119256,-0.02035274,-0.5590696,-30.99793,8.772679,32.45662
39.602109432,73.5610299999997,-72.1682799999998,-73.3369999999999,0.8911184,-0.002359463,-0.565738,-30.99793,8.772679,32.45662
39.612108231,66.9154399999997,-66.9452699999998,-71.3249599999997,0.8386705,-0.03869929,-0.6000947,-30.99793,8.772679,32.45662
39.622106075,64.6387099999998,-61.95968,-69.4958400000002,0.7852551,-0.07561874,-0.6425853,-29.87487,8.418195,34.531
39.63210392,64.7617700000001,-57.03343,-67.7276799999998,0.7454285,-0.08356847,-0.6817571,-29.87487,8.418195,34.531
39.642102241,64.4541099999999,-49.37697,-66.6911799999999,0.761443,-0.106144,-0.6875222,-29.87487,8.418195,34.531
39.652100086,70.7920299999999,-45.28166,-65.4108000000002,0.6909646,-0.1430725,-0.7472118,-29.87487,8.418195,34.531
39.662098885,78.8528800000002,-41.2457,-64.1913800000001,0.5483589,-0.1809937,-0.8656403,-29.87487,8.418195,34.531
39.672096729,81.2526800000002,-34.06406,-63.0939100000003,0.4655201,-0.2084564,-0.9262679,-29.12708,8.427089,34.92356
39.682094574,85.4984700000002,-26.82307,-62.7280799999997,0.4535232,-0.270522,-0.938674,-29.12708,8.427089,34.92356
39.692092895,93.80546,-16.31771,-60.8379899999997,0.5139157,-0.2385626,-0.7631502,-29.12708,8.427089,34.92356
39.702091217,95.8975900000001,-4.625287,-59.3746899999999,0.5314211,-0.1281103,-0.5732144,-29.12708,8.427089,34.92356
39.712089539,90.7903299999998,8.610291,-57.6675100000003,0.5331869,-0.03680331,-0.4234466,-29.12708,8.427089,34.92356
39.722087383,78.4836799999998,22.5581,-56.02131,0.5284902,-0.01813987,-0.3387353,-28.7602,8.810256,34.92431
39.732085228,69.1921700000003,37.33684,-54.80189,0.5627885,-0.05302275,-0.2952357,-28.7602,8.810256,34.92431
39.742083073,65.3155699999998,52.17493,-52.66791,0.5840474,-0.09544455,-0.3038762,-28.7602,8.810256,34.92431
39.752081871,65.7463099999998,65.2917999999998,-50.16811,0.5813415,-0.1087729,-0.3737401,-28.7602,8.810256,34.92431
39.762079716,64.4541099999999,77.6964399999998,-47.54637,0.5866002,-0.1312557,-0.45223,-28.7602,8.810256,34.92431
39.772078037,56.14712,91.4068500000001,-43.88812,0.61172,-0.1203495,-0.4829054,-31.02858,9.927367,34.06304
39.782075882,44.33274,105.8888,-39.80308,0.6589977,-0.0680187,-0.4423224,-31.02858,9.927367,34.06304
39.792073727,32.33376,119.7773,-35.10833,0.7008849,-0.01371468,-0.3868946,-31.02858,9.927367,34.06304
39.802072525,20.45785,131.8258,-31.2062,0.7163869,0.07010432,-0.3414784,-31.02858,9.927367,34.06304
39.81207037,6.79747099999997,142.5092,-26.75534,0.7748471,0.1220024,-0.3722226,-31.02858,9.927367,34.06304
39.822068691,-8.093571,152.8365,-21.26797,0.835569,0.1311034,-0.411574,-33.64355,10.25698,30.36503
39.832066536,-24.15374,162.8078,-15.65866,0.8739381,0.1368296,-0.4527999,-33.64355,10.25698,30.36503
39.842064381,-35.66046,169.5739,-9.07381699999998,0.8935646,0.1021409,-0.5155187,-33.64355,10.25698,30.36503
39.852063179,-37.44492,174.6189,-1.26956,0.9069725,0.008797054,-0.6021402,-33.64355,10.25698,30.36503
39.862061024,-34.42979,178.8329,6.96149300000002,0.9182419,0.004137407,-0.6576736,-33.64355,10.25698,30.36503
39.872058868,-29.69173,182.8689,15.61934,1.006242,0.06662311,-0.6573645,-37.72097,9.044114,25.50301
39.88205719,-24.27681,187.1422,22.63098,1.06515,0.09472772,-0.6871461,-37.72097,9.044114,25.50301
39.892055511,-19.72335,190.8221,28.66708,1.073135,0.1103216,-0.699607,-37.72097,9.044114,25.50301
39.902053833,-18.55422,193.0775,33.8496,1.076675,0.1300704,-0.6732966,-37.72097,9.044114,25.50301
39.912051678,-20.46175,194.5019,37.99561,1.113915,0.1720025,-0.6322148,-37.72097,9.044114,25.50301
39.922049522,-27.72267,195.3922,41.16609,1.154024,0.2169332,-0.5882673,-41.72046,7.436652,18.90196
39.932047367,-36.82959,195.2141,43.30006,1.164,0.205166,-0.5681814,-41.72046,7.436652,18.90196
39.942046165,-44.45971,194.4426,46.04375,1.170542,0.1684822,-0.5552619,-41.72046,7.436652,18.90196
39.95204401,-48.27477,194.4426,47.99482,1.173817,0.150239,-0.5380341,-41.72046,7.436652,18.90196
39.962042332,-49.32084,193.3742,49.33617,1.174291,0.1513913,-0.5193708,-41.72046,7.436652,18.90196
39.972040176,-50.9207,191.4749,50.18976,1.1665,0.1256711,-0.4987718,-45.0357,6.204894,11.14298
39.982038021,-49.56697,188.3886,50.67753,1.165538,0.07320985,-0.4944494,-45.0357,6.204894,11.14298
39.992036819,-42.79832,185.0649,50.55559,1.195531,0.03298772,-0.4940128,-45.0357,6.204894,11.14298
40.002034664,-31.8454,181.5631,50.61656,1.239184,0.04420408,-0.4778201,-45.0357,6.204894,11.14298
40.012032986,-23.66148,178.4174,48.97034,1.236666,0.1013604,-0.4395444,-47.25307,6.493191,2.22323
40.02203083,-20.52328,174.6782,47.01928,1.244431,0.1557429,-0.4079859,-47.25307,6.493191,2.22323
40.032029629,-20.27715,170.1081,44.88531,1.239206,0.1754414,-0.3682601,-47.25307,6.493191,2.22323
40.042027473,-21.07708,163.7574,41.65385,1.21089,0.1526383,-0.3562404,-47.25307,6.493191,2.22323
40.052025318,-18.36962,156.2196,38.42241,1.192883,0.09995434,-0.3394453,-47.25307,6.493191,2.22323
40.062023163,-13.20083,147.4355,35.3129,1.149969,0.07657427,-0.3058642,-47.65098,9.091306,-5.082282
40.072021484,-6.55523999999999,137.1675,32.56921,1.110635,0.04392238,-0.2842513,-47.65098,9.091306,-5.082282
40.082019806,2.120945,125.2377,31.47174,1.081435,0.01623365,-0.273186,-47.65098,9.091306,-5.082282
40.092018127,14.42759,111.7647,33.11795,1.043482,0.03931687,-0.2707329,-47.65098,9.091306,-5.082282
40.102015972,17.87345,97.5201300000001,34.82513,1.02495,0.04057962,-0.2520365,-47.65098,9.091306,-5.082282
40.112013817,18.36572,82.2072199999998,32.69115,0.9992134,-0.01487439,-0.202684,-46.54346,11.32304,-12.05214
40.122012138,26.05737,68.0813600000002,26.83796,1.01605,-0.1067873,-0.1935967,-46.54346,11.32304,-12.05214
40.13201046,41.99448,56.3296,20.74088,1.031182,-0.1334554,-0.1668159,-46.54346,11.32304,-12.05214
40.142008781,56.33172,46.59581,15.00963,1.041625,-0.06583387,-0.1280869,-46.54346,11.32304,-12.05214
40.152006626,63.1619099999999,37.93036,9.82711900000002,1.068347,0.01641121,-0.1195403,-46.54346,11.32304,-12.05214
40.162004471,65.8078400000003,31.04549,6.53469799999998,1.066145,0.05568511,-0.1243323,-45.42335,12.43495,-16.50041
40.172003269,65.50018,26.23794,4.888487,1.063591,0.0619475,-0.1248081,-45.42335,12.43495,-16.50041
40.182001114,67.5922999999998,22.79551,3.669072,1.085203,0.02691392,-0.123401,-45.42335,12.43495,-16.50041
40.191998959,70.7920299999999,21.4304,3.303247,1.126647,0.02589424,-0.1119872,-45.42335,12.43495,-16.50041
40.20199728,72.3303600000002,21.4304,2.998394,1.149323,0.03880222,-0.07805111,-45.42335,12.43495,-16.50041
40.211995125,71.9611599999998,22.43939,2.998394,1.164781,0.04665117,-0.05032267,-45.41093,12.41098,-19.33842
40.221993923,70.5459000000001,23.32968,3.48616,1.153121,0.01940107,-0.02923798,-45.41093,12.41098,-19.33842
40.231991768,70.60743,23.86385,3.608101,1.141106,-0.01526798,-0.02155089,-45.41093,12.41098,-19.33842
40.241989613,74.0532899999999,25.64442,3.608101,1.151373,-0.04261906,-0.005768738,-45.41093,12.41098,-19.33842
40.251987457,77.9914200000002,27.89981,3.973926,1.133011,-0.05070427,8.268049e-06,-45.41093,12.41098,-19.33842
40.261985779,81.80648,29.50232,4.827517,1.119168,-0.03960371,0.02156546,-45.00359,11.25529,-21.39356
40.2719841,80.8219499999999,30.63002,6.10790299999999,1.090294,-0.006389792,0.04936466,-45.00359,11.25529,-21.39356
40.281982422,75.5916200000002,29.20556,7.205376,1.052727,-0.003625155,0.06091527,-45.00359,11.25529,-21.39356
40.291980267,70.4228300000001,27.30629,7.38828800000001,1.038427,-0.04672316,0.05520837,-45.00359,11.25529,-21.39356
40.301978111,69.0691000000003,25.88183,7.754113,1.029006,-0.08952741,0.07102883,-45.00359,11.25529,-21.39356
40.31197691,69.3767599999999,24.87284,7.44925899999998,1.017396,-0.1198194,0.07823551,-44.23184,10.85277,-24.67549
40.321974754,73.99176,23.86385,6.77858100000002,0.980976,-0.1270185,0.06059355,-44.23184,10.85277,-24.67549
40.331973076,76.8222899999997,23.68579,6.71760999999998,0.9508195,-0.1300878,0.05586114,-44.23184,10.85277,-24.67549
40.341970921,76.9453500000001,22.97356,7.022464,0.9137633,-0.1032134,0.04586872,-44.23184,10.85277,-24.67549
40.351968765,75.6531500000001,22.97356,8.05896700000001,0.8708403,-0.1012379,0.03589294,-44.23184,10.85277,-24.67549
40.361967564,73.9302199999999,22.73615,9.64420700000001,0.8243172,-0.08908488,0.03070658,-43.42447,8.555562,-27.10877
40.371965408,71.2227600000002,22.14263,11.16848,0.7597806,-0.1041725,0.008329893,-43.42447,8.555562,-27.10877
40.381963253,68.9460300000002,22.02393,12.44886,0.7493488,-0.1201611,-0.01701234,-43.42447,8.555562,-27.10877
40.391961575,67.4692400000001,22.73615,13.48536,0.7478741,-0.1454812,-0.01939613,-43.42447,8.555562,-27.10877
40.401959419,69.0075699999998,23.32968,14.94866,0.7113773,-0.1745667,-0.03894663,-43.42447,8.555562,-27.10877
40.411958218,69.9305600000002,24.04191,16.47293,0.6847969,-0.1862466,-0.03650441,-42.65389,7.790124,-28.32466
40.421956062,71.2842900000001,23.74514,17.26555,0.6819555,-0.1907025,-0.03936976,-42.65389,7.790124,-28.32466
40.431953907,73.3764299999998,22.61745,17.9972,0.6588085,-0.2038908,-0.04985469,-42.65389,7.790124,-28.32466
40.441952229,75.9608200000001,20.48076,18.66788,0.6277383,-0.2104851,-0.06607041,-42.65389,7.790124,-28.32466
40.45195055,77.0068900000002,17.92861,19.52147,0.6284422,-0.2221996,-0.07324726,-42.65389,7.790124,-28.32466
40.461948395,77.5606800000002,15.91063,20.74088,0.6279931,-0.2241084,-0.06846023,-41.87796,7.014334,-30.76605
40.471946716,78.9759500000002,13.35848,21.59447,0.6311564,-0.2373417,-0.08760537,-41.87796,7.014334,-30.76605
40.481944561,82.5448800000002,11.4592,22.93583,0.6453419,-0.2406078,-0.1034223,-41.87796,7.014334,-30.76605
40.491942406,83.5294100000002,10.45021,24.4601,0.6591243,-0.2217732,-0.09292247,-41.87796,7.014334,-30.76605
40.501941204,81.6834099999999,8.66964300000001,25.74049,0.712063,-0.212497,-0.09636718,-41.87796,7.014334,-30.76605
40.511939049,80.51428,6.948425,27.32573,0.7491112,-0.2132053,-0.09451728,-41.83329,5.102204,-31.98142
40.52193737,78.1144900000003,4.693035,29.27679,0.7498873,-0.202416,-0.08542847,-41.83329,5.102204,-31.98142
40.531935215,75.16089,2.081531,31.41077,0.7701621,-0.192336,-0.0897736,-41.83329,5.102204,-31.98142
40.54193306,70.1766999999997,-0.648678499999998,33.97154,0.7909295,-0.1820753,-0.07545516,-41.83329,5.102204,-31.98142
40.551931858,63.5311099999997,-3.794354,36.71523,0.8180915,-0.1751381,-0.06641135,-41.04727,3.576599,-33.12875
40.561929703,58.42385,-7.236791,39.8857,0.8662992,-0.1731436,-0.05883869,-41.04727,3.576599,-33.12875
40.571927548,53.80886,-9.13606700000001,42.44648,0.8903116,-0.2061465,-0.05312914,-41.04727,3.576599,-33.12875
40.581925869,52.39359,-10.26376,44.64142,0.9398755,-0.1981579,-0.03072452,-41.04727,3.576599,-33.12875
40.591924191,52.63972,-10.56052,46.22666,0.9854242,-0.1839183,-0.006878789,-41.04727,3.576599,-33.12875
40.601922512,56.45479,-11.51016,47.99482,0.9503198,-0.1569088,-0.006345971,-42.14961,2.430363,-32.74401
40.611920357,59.4083800000001,-12.4598,49.21423,0.9253772,-0.1256311,0.01378965,-42.14961,2.430363,-32.74401
40.621918201,59.9621799999998,-14.12167,49.51908,0.9594123,-0.09509694,0.03765126,-42.14961,2.430363,-32.74401
40.631916523,62.2389099999998,-14.83389,49.39714,1.001534,-0.07993119,0.06389561,-42.14961,2.430363,-32.74401
40.641914844,65.1309699999999,-17.02993,48.72646,0.9980445,-0.07554771,0.07251493,-42.14961,2.430363,-32.74401
40.651913166,69.8074999999999,-19.81949,47.38511,1.030118,-0.09751736,0.04518584,-42.53221,2.807906,-32.74882
40.661911011,74.6070900000002,-21.1846,46.28763,1.050427,-0.1151135,0.04324067,-42.53221,2.807906,-32.74882
40.671908855,80.3296800000001,-21.06589,45.86084,1.10373,-0.09808478,0.08956524,-42.53221,2.807906,-32.74882
40.6819067,87.9598000000001,-18.98856,44.94628,1.127231,-0.07672404,0.1426407,-42.53221,2.807906,-32.74882
40.691905498,97.5589800000001,-17.97957,44.2756,1.058999,-0.07614589,0.1408452,-42.53221,2.807906,-32.74882
40.701903343,109.4964,-19.76014,43.36104,0.9180036,-0.0681014,0.1032814,-44.37447,1.272421,-32.75461
40.711901665,115.3421,-20.76913,41.89774,0.8917555,-0.01867232,0.1449506,-44.37447,1.272421,-32.75461
40.721899509,117.988,-21.00654,39.94667,0.9544351,0.07000138,0.1941118,-44.37447,1.272421,-32.75461
40.731898308,117.1266,-21.60007,37.56881,0.9566998,0.1050032,0.1907488,-44.37447,1.272421,-32.75461
40.741896152,108.3888,-22.31229,36.10551,0.9656982,0.1443931,0.1744514,-44.37447,1.272421,-32.75461
40.751893997,95.7129900000001,-21.48136,35.86163,1.079342,0.08685441,0.1728324,-45.48833,0.5136242,-31.53339
40.761891842,85.4984700000002,-20.29431,37.14202,1.189107,0.0546791,0.189878,-45.48833,0.5136242,-31.53339
40.771890163,78.2990900000002,-18.8105,37.8127,1.251682,-0.008373635,0.1739922,-45.48833,0.5136242,-31.53339
40.781888485,76.9453500000001,-18.21698,37.8127,1.23742,-0.05339713,0.1702,-45.48833,0.5136242,-31.53339
40.791886806,78.1144900000003,-18.27633,38.05658,1.245011,-0.06827187,0.1744978,-45.48833,0.5136242,-31.53339
40.801884651,82.2987400000001,-18.63245,36.89814,1.254811,-0.04526093,0.1720819,-47.34551,-0.6278863,-29.9287
40.811882496,87.4060100000001,-20.59108,34.21542,1.191711,-0.006699853,0.1678748,-47.34551,-0.6278863,-29.9287
40.821881294,86.9137299999999,-22.01553,32.26436,1.205271,0.07572726,0.1716586,-47.34551,-0.6278863,-29.9287
40.831879139,81.9295400000003,-21.71877,31.16688,1.243451,0.09327555,0.2012592,-47.34551,-0.6278863,-29.9287
40.84187746,78.8528800000002,-22.13424,31.10591,1.212332,0.0890179,0.1749929,-47.34551,-0.6278863,-29.9287
40.851875305,74.7916900000001,-20.65043,31.47174,1.213036,0.07729024,0.1663803,-48.84815,-0.6320534,-29.10132
40.86187315,70.1151699999999,-17.5641,31.95951,1.182253,0.08142304,0.1535113,-48.84815,-0.6320534,-29.10132
40.871871948,63.4080400000003,-14.29972,33.23989,1.142341,0.07929951,0.1669816,-48.84815,-0.6320534,-29.10132
40.881869793,59.3468500000002,-11.56951,33.17892,1.103202,0.03579408,0.170411,-48.84815,-0.6320534,-29.10132
40.891867638,61.3159100000002,-10.14506,31.83756,1.03728,0.01685739,0.1552164,-48.84815,-0.6320534,-29.10132
40.901865959,65.8078400000003,-10.38247,29.70359,0.9685847,0.04151293,0.1304439,-49.9662,-1.017578,-28.72063
40.911864281,69.3152300000001,-11.56951,26.89893,0.9520579,0.06483525,0.1127593,-49.9662,-1.017578,-28.72063
40.921862602,73.1302899999998,-13.17203,23.48457,0.8973119,0.1253015,0.09465332,-49.9662,-1.017578,-28.72063
40.931860447,73.5610299999997,-15.60548,19.82632,0.8454023,0.1644205,0.07415498,-49.9662,-1.017578,-28.72063
40.941858292,74.4224899999997,-17.20799,16.29002,0.8461186,0.1515457,0.04639962,-49.9662,-1.017578,-28.72063
40.951856613,82.4218100000001,-18.27633,12.20498,0.8272353,0.0911114,-0.03825986,-50.31905,-2.158189,-28.33032
40.961854935,98.3589199999999,-19.46338,7.69314200000002,0.8486281,0.0148947,-0.07608504,-50.31905,-2.158189,-28.33032
40.971853256,119.1572,-20.23496,2.75451,0.8218992,0.06296517,-0.07557224,-50.31905,-2.158189,-28.33032
40.981851101,134.3559,-23.26193,-1.879267,0.7381745,0.1354232,-0.1012881,-50.31905,-2.158189,-28.33032
40.991848946,138.4786,-27.77271,-4.927805,0.7373551,0.1784277,-0.1261837,-50.31905,-2.158189,-28.33032
41.00184679,135.7711,-32.58025,-8.70799300000002,0.7406103,0.2116404,-0.167834,-50.31067,-2.904735,-26.64926
41.011845589,129.5563,-38.7529,-11.32973,0.6619831,0.1927535,-0.2562286,-50.31067,-2.904735,-26.64926
41.021843433,122.3569,-42.96692,-11.02488,0.7408682,0.1180981,-0.2477325,-50.31067,-2.904735,-26.64926
41.031841755,115.4652,-44.9849,-10.41517,0.7737401,0.1588974,-0.2147786,-50.31067,-2.904735,-26.64926
41.0418396,102.8508,-47.95251,-8.46410900000001,0.7458116,0.1663479,-0.2429678,-50.31067,-2.904735,-26.64926
41.051838398,87.4675399999999,-50.80143,-5.476542,0.7198215,0.1214636,-0.3123045,-51.79479,-4.040163,-24.65479
41.061836243,70.2997699999998,-50.68272,-1.147618,1.037027,0.02824209,0.07242025,-51.79479,-4.040163,-24.65479
41.071834087,24.82671,-22.37165,12.9976,1.84625,0.2262853,1.430593,-51.79479,-4.040163,-24.65479
41.081831932,-3.786245,15.1984,20.80186,2.364282,0.5603142,1.393711,-51.79479,-4.040163,-24.65479
41.091830254,17.75039,7.06713000000001,17.14361,1.331163,0.08581959,0.9481654,-51.79479,-4.040163,-24.65479
41.101828575,47.4094,-16.55511,-0.720822899999998,0.8096744,0.2825996,0.3206535,-53.22247,-7.840806,-22.96863
41.111826897,86.3599399999999,-42.67015,-14.86604,1.356558,0.32088,0.08327369,-53.22247,-7.840806,-22.96863
41.121824741,98.8511800000001,-50.2079,-20.71923,1.696598,0.593734,0.4362783,-53.22247,-7.840806,-22.96863
41.131822586,77.25302,-50.80143,-18.89011,1.300683,0.4152477,0.05511082,-53.22247,-7.840806,-22.96863
41.141821384,47.594,-52.93811,-13.58565,0.961049,0.04268707,-0.3083976,-54.34589,-8.215979,-21.36243
41.151819229,19.10412,-51.63236,-8.64702100000002,1.011086,-0.2131193,-0.491235,-54.34589,-8.215979,-21.36243
41.161817551,4.705341,-46.35,-3.647419,1.047541,-0.4169024,-0.5357537,-54.34589,-8.215979,-21.36243
41.171815395,2.920877,-38.69355,0.620533899999998,1.067604,-0.4175233,-0.381687,-54.34589,-8.215979,-21.36243
41.18181324,12.95079,-29.49393,1.96189,1.076436,-0.3399638,-0.2625569,-54.34589,-8.215979,-21.36243
41.191812038,34.91816,-25.27991,1.291212,1.005905,-0.2169475,-0.2615084,-55.43299,-10.42627,-19.35943
41.201809883,54.60879,-24.80509,0.3766508,1.053997,0.02764994,-0.1348326,-55.43299,-10.42627,-19.35943
41.211807728,62.5465799999997,-23.43999,0.01082622,1.07839,0.2631945,0.00959418,-55.43299,-10.42627,-19.35943
41.221806049,55.90099,-21.95618,1.839949,1.011402,0.4596467,0.1154257,-55.43299,-10.42627,-19.35943
41.231804371,31.59536,-22.431,4.095867,0.936278,0.5160466,0.1217636,-55.43299,-10.42627,-19.35943
41.241802692,4.766874,-26.82307,6.65663900000001,0.8839563,0.4192585,0.01324298,-55.80891,-10.792,-17.29618
41.251800537,-19.60028,-29.25652,9.52226500000001,1.04476,0.2385795,0.04746665,-55.80891,-10.792,-17.29618
41.261798382,-26.73814,-27.4166,9.76614900000002,1.052942,-0.0674591,0.0413097,-55.80891,-10.792,-17.29618
41.271796703,-19.41569,-25.33926,9.27838200000003,0.9726079,-0.2535032,0.01039021,-55.80891,-10.792,-17.29618
41.281795025,-13.38543,-25.10185,8.60770299999997,0.9852455,-0.2510203,0.04195356,-55.80891,-10.792,-17.29618
41.29179287,-12.5855,-24.50833,6.71760999999998,0.9941197,-0.2039445,0.06920481,-56.18284,-11.16155,-15.68442
41.301791191,-12.46243,-27.06048,5.498195,0.9686203,-0.1966479,0.01899689,-56.18284,-11.16155,-15.68442
41.311789036,-11.53943,-28.48494,3.48616,1.019608,-0.2123502,0.05145522,-56.18284,-11.16155,-15.68442
41.321786881,-3.232446,-28.95976,1.596066,1.009181,-0.2546235,0.02133399,-56.18284,-11.16155,-15.68442
41.331785679,7.843536,-29.73134,0.31568,1.008174,-0.2012863,0.01079334,-56.18284,-11.16155,-15.68442
41.341783524,10.48946,-30.38422,-1.330531,1.006257,-0.0977563,0.07059204,-56.56125,-11.15728,-14.8487
41.351781845,9.56646600000001,-30.50292,-2.184121,1.037689,-0.08505695,0.06287675,-56.56125,-11.15728,-14.8487
41.36177969,9.812599,-28.54429,-2.671887,1.02885,-0.1076989,0.05045501,-56.56125,-11.15728,-14.8487
41.371778488,12.82773,-26.76372,-2.732858,0.9758921,-0.170409,-0.04993749,-56.56125,-11.15728,-14.8487
41.381776333,16.76585,-31.33385,-4.440039,0.9244778,-0.1605221,-0.185766,-56.56125,-11.15728,-14.8487
41.391774178,21.44238,-35.36981,-5.78139599999999,1.033519,-0.1280025,-0.1601214,-56.95876,-10.38576,-13.24303
41.401772022,23.53451,-33.7673,-6.45207400000002,1.080272,-0.04582377,-0.0429729,-56.95876,-10.38576,-13.24303
41.411770344,23.41144,-30.20616,-5.84236700000003,1.016717,-0.008593533,-0.03234302,-56.95876,-10.38576,-13.24303
41.421768665,17.81192,-27.71336,-4.866835,0.9855101,-0.007897018,-0.0480818,-56.95876,-10.38576,-13.24303
41.431766987,15.65826,-27.35724,-4.013244,0.9970579,-0.131099,-0.1011922,-56.95876,-10.38576,-13.24303
41.441764832,19.96558,-24.38963,-2.123151,1.08181,-0.1793001,-0.0290625,-58.45523,-10.76702,-12.02662
41.451762676,26.54964,-18.45439,-1.574414,1.067425,-0.2158535,0.04323697,-58.45523,-10.76702,-12.02662
41.461761475,33.37983,-13.46879,-1.26956,1.005683,-0.3266768,0.06730195,-58.45523,-10.76702,-12.02662
41.471759319,48.57853,-17.80151,-3.891303,0.8359274,-0.2972887,-0.1774406,-58.45523,-10.76702,-12.02662
41.481757641,60.8236500000001,-27.95077,-7.06178199999999,0.8468938,-0.1569868,-0.2689039,-58.45523,-10.76702,-12.02662
41.491755486,57.3777799999999,-30.62162,-9.62255399999997,1.092101,0.02488024,-0.04205457,-58.46059,-10.75666,-10.80111
41.50175333,54.85492,-27.11983,-8.829934,1.071771,0.01924822,0.02354724,-58.46059,-10.75666,-10.80111
41.511752129,51.286,-24.38963,-5.720425,0.9902961,-0.1053266,0.02132847,-58.46059,-10.75666,-10.80111
41.521749973,53.37812,-19.76014,-3.525478,1.014743,-0.3443523,-0.02507448,-58.46059,-10.75666,-10.80111
41.531747818,67.8999699999998,-12.87527,-0.4769399,0.99418,-0.574181,-0.08432288,-58.46059,-10.75666,-10.80111
41.54174614,85.4984700000002,-10.61988,1.230241,0.9113696,-0.6559029,-0.1798727,-58.81292,-12.26347,-8.73177
41.551744461,104.6353,-13.7062,-0.5379106,0.8678287,-0.5982513,-0.317163,-58.81292,-12.26347,-8.73177
41.561742783,127.5872,-24.62704,-8.03731400000003,0.778718,-0.1631302,-0.4209707,-58.81292,-12.26347,-8.73177
41.571740627,127.4641,-37.86261,-14.3173,0.883642,0.2981726,-0.3135927,-58.81292,-12.26347,-8.73177
41.581738472,106.4198,-41.00829,-16.39031,1.13669,0.4786017,-0.04847062,-58.81292,-12.26347,-8.73177
41.591736317,95.22073,-42.67015,-13.70759,1.051522,0.1840645,-0.1889477,-58.05306,-13.0082,-7.496645
41.601735115,100.8202,-43.91655,-10.781,0.9668986,0.198339,-0.3046192,-58.05306,-13.0082,-7.496645
41.61173296,95.1591899999998,-43.8572,-9.98837900000002,1.008576,0.2886766,-0.2937079,-58.05306,-13.0082,-7.496645
41.621731281,81.3757500000003,-41.89857,-7.85440200000002,1.039597,0.2183455,-0.3463872,-58.05306,-13.0082,-7.496645
41.631729126,68.3307,-40.118,-3.891303,1.028679,0.1759747,-0.3860791,-58.05306,-13.0082,-7.496645
41.641727924,49.56306,-36.14139,-1.879267,1.006892,0.1681323,-0.3994392,-58.81666,-12.98659,-4.277191
41.651725769,34.91816,-34.00471,0.31568,0.9754595,0.130528,-0.3519957,-58.81666,-12.98659,-4.277191
41.661723614,24.21138,-31.09644,1.718008,1.026425,0.03794563,-0.3305248,-58.81666,-12.98659,-4.277191
41.671721935,18.61185,-28.01012,3.242276,1.000027,-0.03549785,-0.3338099,-58.81666,-12.98659,-4.277191
41.68171978,17.44272,-26.82307,3.791013,0.9995003,-0.05776412,-0.2701527,-58.81165,-13.72659,-1.822124
41.691718578,18.30419,-24.50833,3.912955,1.0367,-0.03886852,-0.1974788,-58.81165,-13.72659,-1.822124
41.701716423,17.93499,-23.02452,4.522663,1.018453,-0.001329988,-0.1979352,-58.81165,-13.72659,-1.822124
41.711714268,11.59706,-23.6774,5.498195,0.9938003,0.06717883,-0.1457451,-58.81165,-13.72659,-1.822124
41.721712112,3.782343,-23.14323,5.559165,1.024233,0.03010474,-0.1209027,-58.81165,-13.72659,-1.822124
41.731710911,5.751406,-22.431,5.498195,0.9911094,-0.07467277,-0.1351752,-59.19345,-13.71579,-0.2123966
41.741708755,14.61219,-22.60905,4.949458,0.9947682,-0.1404658,-0.1638792,-59.19345,-13.71579,-0.2123966
41.751707077,22.61151,-21.3033,4.522663,0.9998179,-0.07250527,-0.18257,-59.19345,-13.71579,-0.2123966
41.761704922,19.22718,-22.431,5.742078,0.9753251,0.06481741,-0.1514552,-59.19345,-13.71579,-0.2123966
41.771702766,3.720809,-22.60905,7.022464,1.056914,0.05703703,-0.009936916,-59.19345,-13.71579,-0.2123966
41.781701565,8.15120200000001,-18.5731,7.26634699999998,1.069462,-0.1725585,-0.1151864,-58.46505,-12.9391,1.014614
41.791699409,16.64279,-21.3033,9.46129399999998,0.9524201,0.01273664,-0.1643234,-58.46505,-12.9391,1.014614
41.801697731,4.397675,-24.50833,9.03449899999999,0.9606711,0.1199437,-0.0964076,-58.46505,-12.9391,1.014614
41.811695576,-8.33970399999999,-25.33926,9.58323599999998,1.045521,-0.03780286,-0.04722157,-58.46505,-12.9391,1.014614
41.821693897,-6.98597300000001,-23.91481,10.43683,1.10146,-0.136342,-0.05016517,-58.46505,-12.9391,1.014614
41.831692219,-4.770776,-23.38064,10.37586,1.101095,-0.1712863,-0.1506565,-59.214,-13.31091,2.688089
41.844189644,-6.80137299999998,-25.99214,9.94906,1.029633,-0.02594476,-0.2036913,-59.214,-13.31091,2.688089
41.851687908,-17.81582,-26.82307,10.74168,1.023193,0.03188664,-0.1893377,-59.214,-13.31091,2.688089
41.864186287,-26.06128,-28.7817,11.04653,1.074586,-0.1115069,-0.2516052,-59.214,-13.31091,2.688089
41.874184132,-18.92342,-28.7817,9.64420700000001,1.009607,-0.129068,-0.2778091,-59.214,-13.31091,2.688089
41.884181976,-6.49370699999998,-31.45256,7.99799599999998,1.060115,-0.1453272,-0.2520499,-58.86035,-12.53704,3.91232
41.894179821,0.951813900000003,-34.06406,6.83955100000002,1.131315,-0.06829154,-0.1655716,-58.86035,-12.53704,3.91232
41.901678562,-1.509515,-35.36981,6.41275599999997,1.185293,-0.009511135,-0.1250018,-58.86035,-12.53704,3.91232
41.914176464,-5.139976,-35.36981,7.32731800000001,1.208983,-0.1304987,-0.1747839,-58.86035,-12.53704,3.91232
41.924174786,-7.17057299999998,-36.85362,9.40032399999997,1.228844,-0.0737951,-0.2341765,-58.86035,-12.53704,3.91232
41.93417263,-12.64703,-36.61621,8.42479100000002,1.241614,-0.001023446,-0.2217746,-58.87527,-12.14306,5.522799
41.941671371,-14.24689,-36.49751,7.14440499999997,1.182422,-0.04054721,-0.2178326,-58.87527,-12.14306,5.522799
41.954169273,-9.38576900000002,-36.85362,3.973926,1.220957,-0.04272782,-0.2207707,-58.87527,-12.14306,5.522799
41.961668015,-9.93956800000001,-37.6252,2.449656,1.249614,-0.03704344,-0.1925861,-58.87527,-12.14306,5.522799
41.971665859,-8.52430299999999,-37.15038,0.4376215,1.25838,-0.1410504,-0.2131534,-58.87527,-12.14306,5.522799
41.981663704,-10.86257,-35.84463,0.31568,1.235059,-0.1193859,-0.2380042,-58.1407,-11.74346,7.138841
41.991662025,-16.64669,-32.10543,0.7424754,1.174896,-0.109062,-0.3072956,-58.1407,-11.74346,7.138841
42.001660347,-26.43047,-26.94178,1.047329,1.099865,-0.1374564,-0.3803796,-58.1407,-11.74346,7.138841
42.014157772,-33.07607,-18.6918,1.047329,1.043491,-0.1483874,-0.4970511,-58.1407,-11.74346,7.138841
42.024155617,-35.59893,-11.15405,1.657037,0.9585165,-0.08784474,-0.5476476,-58.1407,-11.74346,7.138841
42.034154415,-43.35212,-2.844716,2.327715,0.8890127,-0.04549634,-0.5489731,-57.77301,-11.72703,8.754128
42.04415226,-45.07505,2.378292,1.047329,0.8634222,-0.03179558,-0.536489,-57.77301,-11.72703,8.754128
42.051651001,-45.50578,7.89806300000001,-0.2330568,0.853779,-0.01095903,-0.5221202,-57.77301,-11.72703,8.754128
42.064148426,-40.21392,12.7056,-1.818297,0.8541146,-0.0002641683,-0.4163583,-57.77301,-11.72703,8.754128
42.074147224,-38.92172,15.73257,-2.610917,0.8751073,0.05136401,-0.3427075,-57.77301,-11.72703,8.754128
42.084145069,-36.27579,16.26675,-3.891303,0.884133,0.0387816,-0.3034767,-58.13202,-12.49055,8.755404
42.094142914,-33.62986,16.02934,-4.379068,0.8776355,0.02172861,-0.2943681,-58.13202,-12.49055,8.755404
42.104140759,-28.8918,16.4448,-5.29363,0.8670841,-0.04003308,-0.3297484,-58.13202,-12.49055,8.755404
42.11413908,-24.76908,15.55452,-4.257127,0.8187523,-0.009471957,-0.3373292,-58.13202,-12.49055,8.755404
42.124137402,-23.16921,15.25776,-4.683922,0.7867154,-0.04226478,-0.3468364,-57.75023,-12.50136,7.145677
42.134135723,-18.73882,14.30812,-5.78139599999999,0.7160982,-0.07196834,-0.4132278,-57.75023,-12.50136,7.145677
42.144133568,-11.23177,10.50957,-7.06178199999999,0.6316013,-0.0614629,-0.4102117,-57.75023,-12.50136,7.145677
42.154131413,-6.55523999999999,6.88907200000001,-8.22022599999998,0.5588886,-0.02986862,-0.4115288,-57.75023,-12.50136,7.145677
42.164130211,-3.417045,1.131893,-9.25672899999999,0.5114967,-0.02291583,-0.399005,-57.75023,-12.50136,7.145677
42.174128056,-5.263042,-3.675649,-9.80546599999998,0.5042438,-0.05319284,-0.4525851,-58.09183,-14.02886,6.764007
42.1841259,-6.73984000000002,-9.67023799999998,-10.47614,0.5294151,-0.1486541,-0.4774903,-58.09183,-14.02886,6.764007
42.194124222,-2.863246,-11.80692,-9.68352500000001,0.5951765,-0.09601174,-0.4958045,-58.09183,-14.02886,6.764007
42.204122067,-5.139976,-15.42742,-9.50061200000003,0.6074803,-0.02491768,-0.5063729,-58.09183,-14.02886,6.764007
42.214120865,-10.98563,-16.97058,-6.93983999999998,0.6338275,-0.02458385,-0.4207537,-58.09183,-14.02886,6.764007
42.22411871,-16.64669,-17.74216,-4.866835,0.6507176,-0.1217596,-0.5088162,-57.34235,-14.02324,6.769567
42.234116554,-14.67763,-21.54071,-2.976741,0.6396248,-0.2326604,-0.5494473,-57.34235,-14.02324,6.769567
42.244114876,-6.24757399999999,-26.40761,-3.464507,0.6706237,-0.2726468,-0.4724402,-57.34235,-14.02324,6.769567
42.254113197,0.8287475,-28.01012,-4.805864,0.7333818,-0.2140955,-0.4227928,-57.34235,-14.02324,6.769567
42.264111519,-1.386449,-32.34284,-4.379068,0.7639126,-0.2045216,-0.3984411,-57.34235,-14.02324,6.769567
42.274109364,-2.986313,-34.65759,-2.976741,0.8063626,-0.2589004,-0.3788795,-57.32243,-15.15722,7.614156
42.284107208,-5.201509,-36.3788,-1.696355,0.8496858,-0.2302362,-0.366998,-57.32243,-15.15722,7.614156
42.294105053,-10.80103,-38.33743,-2.06218,0.9152835,-0.1921602,-0.2776284,-57.32243,-15.15722,7.614156
42.304103851,-11.78556,-38.99031,-3.891303,1.020704,-0.2255107,-0.2203745,-57.32243,-15.15722,7.614156
42.314101696,-0.7711166,-39.76189,-5.659454,1.053718,-0.2461926,-0.2682843,-57.32243,-15.15722,7.614156
42.324100018,20.51938,-40.71152,-7.366636,0.9982783,-0.07112801,-0.2940759,-57.33259,-15.13761,9.936167
42.334097862,23.28838,-41.72052,-8.03731400000003,0.9949524,0.1311807,-0.3228368,-57.33259,-15.13761,9.936167
42.344096661,13.56613,-42.25469,-8.40313799999999,1.025878,0.1953395,-0.3879935,-57.33259,-15.13761,9.936167
42.354094505,2.367078,-41.30505,-8.40313799999999,1.003327,0.2004172,-0.4745777,-57.33259,-15.13761,9.936167
42.36409235,-15.04683,-39.70254,-7.67149000000001,0.9882656,0.119006,-0.5233453,-57.33259,-15.13761,9.936167
42.374090672,-26.79967,-37.26909,-7.85440200000002,0.9803976,-0.110413,-0.5122653,-57.34778,-14.74309,11.61115
42.384088516,-16.95436,-33.88601,-10.29323,1.029375,-0.2516893,-0.4443565,-57.34778,-14.74309,11.61115
42.394087315,-6.001441,-30.32486,-10.90294,1.038838,-0.2355443,-0.3998696,-57.34778,-14.74309,11.61115
42.404085159,4.397675,-29.13782,-10.59809,1.03234,-0.1997866,-0.3548813,-57.34778,-14.74309,11.61115
42.414083004,7.78200200000001,-29.13782,-11.51265,0.9842066,-0.1007424,-0.3136653,-57.34778,-14.74309,11.61115
42.424080849,11.59706,-31.63061,-15.04895,0.9920655,-0.05343416,-0.3648989,-56.60703,-14.72058,13.61622
42.434079647,15.10446,-33.41119,-17.73167,0.9239546,0.04348908,-0.4059626,-56.60703,-14.72058,13.61622
42.444077492,8.58193500000002,-36.02269,-18.82914,0.8469454,0.1997846,-0.4183116,-56.60703,-14.72058,13.61622
42.454075813,-11.72403,-39.70254,-17.48778,0.8406762,0.1970083,-0.3895853,-56.60703,-14.72058,13.61622
42.464073658,-13.20083,-41.42376,-17.97555,0.8998493,-0.0733368,-0.3757402,-56.60703,-14.72058,13.61622
42.474072456,1.136414,-37.44715,-20.53632,1.004608,-0.2575293,-0.4979123,-56.59078,-15.84748,15.29931
42.484070301,19.59638,-37.6252,-21.02409,1.080266,-0.1050092,-0.3502035,-56.59078,-15.84748,15.29931
42.494068146,23.22684,-38.81225,-22.79224,0.9909014,-0.01678345,-0.3400203,-56.59078,-15.84748,15.29931
42.504065991,22.85765,-44.51008,-28.03572,0.9498222,-0.0336521,-0.2892153,-56.59078,-15.84748,15.29931
42.514064312,33.25676,-53.29423,-35.65707,0.8473906,0.07643285,-0.2517361,-56.59078,-15.84748,15.29931
42.524062634,42.36368,-63.0873700000003,-36.99842,0.6351009,0.430189,-0.2720359,-55.84219,-16.20532,17.30641
42.534060955,24.70364,-75.25461,-39.19337,0.5468131,0.4844225,-0.3676112,-55.84219,-16.20532,17.30641
42.5440588,13.19693,-81.9614300000002,-42.059,0.7018535,0.3505379,-0.3582755,-55.84219,-16.20532,17.30641
42.554056645,7.47433699999998,-71.3373500000002,-45.5953,0.9551696,-0.3313943,-0.8155817,-55.84219,-16.20532,17.30641
42.564055443,40.45615,-61.1287499999998,-36.38872,1.014257,-0.5710697,-0.7955227,-55.84219,-16.20532,17.30641
42.574053288,40.02541,-56.3212,-29.92582,0.9289944,-0.2835425,-0.6810684,-54.71662,-16.92981,20.60832
42.584051609,10.85866,-53.65034,-28.09669,0.9803755,-0.1864914,-0.4887954,-54.71662,-16.92981,20.60832
42.594049454,-10.24723,-55.0748,-28.09669,1.030627,-0.2412502,-0.4745116,-54.71662,-16.92981,20.60832
42.604048252,-12.7701,-59.1107599999998,-30.71844,1.124573,-0.1832126,-0.4421472,-54.71662,-16.92981,20.60832
42.614046097,-0.2173175,-66.47046,-37.24231,1.060042,0.09010646,-0.3320326,-54.71662,-16.92981,20.60832
42.624043941,10.61253,-80.5369700000001,-43.94909,0.8809916,0.3619715,-0.2925472,-52.81968,-18.78647,24.30888
42.634041786,7.59740300000001,-93.1790200000002,-46.32695,1.007516,0.5570825,-0.1143091,-52.81968,-18.78647,24.30888
42.644040108,13.25846,-83.32653,-55.83839,1.349604,-0.1814921,-0.5808485,-52.81968,-18.78647,24.30888
42.654038429,57.9931199999998,-77.0351800000003,-48.46093,1.580284,-0.3785954,-0.7927304,-52.81968,-18.78647,24.30888
42.664036751,62.2389099999998,-63.2060800000001,-43.03453,1.592287,0.2050104,-0.6608146,-51.31909,-19.50869,27.54908
42.674034595,29.19557,-59.3481699999998,-36.38872,1.482828,0.3262033,-0.6156689,-51.31909,-19.50869,27.54908
42.68403244,-11.23177,-58.0424200000002,-31.75494,1.352411,0.3168235,-0.6154391,-51.31909,-19.50869,27.54908
42.694031238,-36.52193,-58.1611199999998,-31.99882,1.367072,0.2137368,-0.4953155,-51.31909,-19.50869,27.54908
42.704029083,-43.47518,-58.7546500000002,-33.76698,1.228206,0.1350942,-0.5051033,-51.31909,-19.50869,27.54908
42.714026928,-36.89112,-62.7906100000002,-41.87609,1.129139,-0.01181309,-0.4670852,-48.30578,-20.97656,31.25595
42.724025249,-14.86223,-65.1647000000001,-47.30249,1.053507,-0.1363427,-0.4769714,-48.30578,-20.97656,31.25595
42.734023094,9.44340000000003,-65.1647000000001,-50.77782,1.031496,-0.1334734,-0.5405844,-48.30578,-20.97656,31.25595
42.744021892,30.85696,-63.2060800000001,-52.60694,0.9435161,-0.06939648,-0.6232412,-48.30578,-20.97656,31.25595
42.754019737,38.42555,-62.3157900000002,-52.85082,0.8725405,-0.000994239,-0.6417995,-48.30578,-20.97656,31.25595
42.764017582,39.65622,-60.35716,-51.38753,0.7894962,0.08774141,-0.6426348,-46.44279,-20.9418,33.72086
42.774015903,36.33342,-59.5855799999998,-48.39996,0.6890327,0.03768153,-0.744862,-46.44279,-20.9418,33.72086
42.784014225,32.27223,-60.7726200000002,-43.27842,0.6183079,-0.0133232,-0.8552766,-46.44279,-20.9418,33.72086
42.794012546,30.11857,-60.2384599999998,-38.40075,0.5623547,-0.02013027,-0.947064,-46.44279,-20.9418,33.72086
42.804010391,24.82671,-59.5262299999998,-33.58406,0.5311042,0.009472803,-0.936967,-46.44279,-20.9418,33.72086
42.814008236,13.68919,-53.94711,-31.45009,0.554592,0.1391748,-0.7274251,-43.41993,-22.79329,37.04277
42.824007034,3.105477,-44.56943,-35.35221,0.5480058,0.1309181,-0.5536883,-43.41993,-22.79329,37.04277
42.834004879,-8.093571,-35.0137,-36.51066,0.5929172,-0.02518157,-0.3977107,-43.41993,-22.79329,37.04277
42.844002724,0.767214200000001,-26.05149,-34.68154,0.570871,-0.09647249,-0.3876038,-43.41993,-22.79329,37.04277
42.854001045,21.38085,-14.47778,-33.52309,0.5301297,-0.160035,-0.4482955,-43.41993,-22.79329,37.04277
42.86399889,37.56408,-4.684639,-31.75494,0.48656,-0.1514894,-0.5353227,-40.85051,-23.52116,38.67833
42.873997688,44.14814,4.693035,-29.07223,0.5147496,-0.09697632,-0.5865934,-40.85051,-23.52116,38.67833
42.883995533,43.96354,13.59589,-25.71884,0.5492487,-0.06561461,-0.579483,-40.85051,-23.52116,38.67833
42.893993378,38.67168,24.10126,-20.7802,0.5846598,-0.003593289,-0.5163887,-40.85051,-23.52116,38.67833
42.903991699,30.7339,34.36922,-15.71963,0.5984834,0.0662713,-0.4523016,-40.85051,-23.52116,38.67833
42.913990021,22.30384,43.45013,-11.32973,0.6109706,0.1020312,-0.4480253,-39.33949,-24.26354,39.53201
42.923988342,15.78132,50.27565,-7.54954800000001,0.5842415,0.09572697,-0.5479995,-39.33949,-24.26354,39.53201
42.933986187,10.7356,55.67672,-4.379068,0.5624163,0.08822845,-0.6297961,-39.33949,-24.26354,39.53201
42.943984032,3.53621,61.1371299999999,-0.964705900000002,0.5514252,0.07537148,-0.6833741,-39.33949,-24.26354,39.53201
42.95398283,-4.401577,65.88532,2.449656,0.5847513,0.09181689,-0.6575934,-39.33949,-24.26354,39.53201
42.963980675,-6.678307,69.2684100000003,3.912955,0.6005889,0.07912781,-0.6446961,-40.09486,-23.89262,39.07292
42.973978519,-1.878715,71.7018599999999,3.791013,0.5852346,0.03965086,-0.6772023,-40.09486,-23.89262,39.07292
42.983976841,5.62834,73.6011299999998,3.181306,0.5984851,0.03373921,-0.7145529,-40.09486,-23.89262,39.07292
42.993974686,13.25846,73.7791900000003,1.291212,0.6185765,0.05273258,-0.7533575,-40.09486,-23.89262,39.07292
43.003973484,16.21206,73.4824300000002,-1.391501,0.6456871,0.06191427,-0.7644144,-40.09486,-23.89262,39.07292
43.013971329,16.64279,72.41409,-3.586449,0.6698331,0.07358114,-0.7630237,-42.2738,-23.92265,37.44419
43.023969173,16.76585,69.8619299999999,-5.049747,0.7050957,0.06405111,-0.7654756,-42.2738,-23.92265,37.44419
43.033967018,16.51972,68.5561800000002,-5.415571,0.7727156,0.04393109,-0.7737241,-42.2738,-23.92265,37.44419
43.043965817,16.33512,67.6065400000002,-5.3546,0.7887169,0.02248074,-0.7627392,-42.2738,-23.92265,37.44419
43.053963661,16.70432,66.3601500000003,-4.257127,0.8016923,0.03264454,-0.7421857,-42.2738,-23.92265,37.44419
43.063961983,15.65826,65.4105100000002,-2.793829,0.8174403,0.02486135,-0.7240252,-44.88797,-23.95977,35.36072
43.073959827,17.07352,64.6982699999999,-0.598881400000002,0.8506457,0.02114392,-0.7240822,-44.88797,-23.95977,35.36072
43.083958626,18.79645,63.8079900000002,1.535095,0.8424433,0.04291064,-0.7173734,-44.88797,-23.95977,35.36072
43.093956471,19.96558,62.4428899999999,3.364218,0.8478205,0.06848323,-0.6958535,-44.88797,-23.95977,35.36072
43.103954315,20.82705,61.84936,4.888487,0.8468075,0.09674871,-0.6848518,-44.88797,-23.95977,35.36072
43.113952637,21.13471,61.1964899999997,6.41275599999997,0.8643218,0.1243776,-0.6772321,-46.77036,-23.22674,33.73026
43.123950481,17.07352,61.37454,6.96149300000002,0.8527858,0.1422919,-0.6595094,-46.77036,-23.22674,33.73026
43.13394928,12.88926,59.7720300000002,7.754113,0.8284597,0.1404105,-0.653245,-46.77036,-23.22674,33.73026
43.143947125,8.82806800000001,58.0508199999997,8.79061600000001,0.8165265,0.1269972,-0.6594422,-46.77036,-23.22674,33.73026
43.153944969,6.305205,56.86377,9.339353,0.8146915,0.1212525,-0.6460373,-46.77036,-23.22674,33.73026
43.163942814,3.105477,56.27024,10.13197,0.8310711,0.1056673,-0.6321832,-49.36093,-24.40493,31.65286
43.173941612,1.874812,55.55801,11.1075,0.8347389,0.09221232,-0.6235718,-49.36093,-24.40493,31.65286
43.183939457,1.136414,55.55801,11.59527,0.8398102,0.08237531,-0.594385,-49.36093,-24.40493,31.65286
43.193937779,0.4595481,55.43931,12.08304,0.8609168,0.07471554,-0.5743196,-49.36093,-24.40493,31.65286
43.203935623,1.382547,54.96449,12.02207,0.8504326,0.06248707,-0.5604195,-51.62592,-23.29436,30.01759
43.213934422,2.244012,54.37097,11.71721,0.86282,0.07796706,-0.5417805,-51.62592,-23.29436,30.01759
43.223932266,2.551678,54.01485,10.74168,0.862125,0.08919139,-0.5350822,-51.62592,-23.29436,30.01759
43.233930111,3.720809,53.24327,9.52226500000001,0.8508237,0.06797613,-0.5455856,-51.62592,-23.29436,30.01759
43.243927956,6.305205,52.8278,7.87605399999997,0.8584306,0.07770927,-0.5604373,-51.62592,-23.29436,30.01759
43.253926277,8.52040099999998,52.53104,6.16887299999999,0.8618418,0.07782052,-0.5556575,-53.8558,-23.71229,27.55192
43.263924599,11.22786,52.53104,4.27878,0.8844915,0.065809,-0.5365509,-53.8558,-23.71229,27.55192
43.27392292,15.10446,52.53104,2.815481,0.9006968,0.0594181,-0.5265274,-53.8558,-23.71229,27.55192
43.283920765,18.48878,52.8278,1.839949,0.9136803,0.06906103,-0.5098023,-53.8558,-23.71229,27.55192
43.29391861,19.59638,53.54004,1.352183,0.9231755,0.08312255,-0.4806293,-53.8558,-23.71229,27.55192
43.303917408,18.48878,53.89615,1.413154,0.9212373,0.08340447,-0.44569,-55.74238,-22.60599,25.08092
43.313915253,17.31965,54.13356,2.388686,0.9512417,0.09482396,-0.4309094,-55.74238,-22.60599,25.08092
43.323913574,15.84286,55.2019,3.608101,0.9652995,0.09913838,-0.4146634,-55.74238,-22.60599,25.08092
43.333911419,12.15086,57.27923,4.583633,0.9810573,0.09089576,-0.3936314,-55.74238,-22.60599,25.08092
43.343910217,9.62799900000003,59.83139,5.0714,1.008351,0.0647433,-0.3898436,-55.74238,-22.60599,25.08092
43.353908062,9.01266799999998,62.9177099999999,5.010429,1.024801,0.0451754,-0.3865173,-57.62306,-21.87623,23.06345
43.363905907,10.05873,66.5381999999999,4.461692,1.038279,0.0542983,-0.3745787,-57.62306,-21.87623,23.06345
43.373903751,9.01266799999998,70.3367499999999,3.912955,1.028158,0.07463948,-0.360209,-57.62306,-21.87623,23.06345
43.383902073,9.32033300000002,73.8979000000001,3.54713,1.040599,0.1120571,-0.3870406,-57.62306,-21.87623,23.06345
43.393900395,8.27426799999999,78.8834899999999,2.327715,1.078594,0.1392197,-0.3684493,-57.62306,-21.87623,23.06345
43.403898716,6.67440499999999,85.05614,1.96189,1.132266,0.110507,-0.3297709,-58.72504,-22.29281,19.76762
43.413896561,6.85900399999999,91.4068500000001,3.669072,1.148176,0.09313886,-0.3503729,-58.72504,-22.29281,19.76762
43.423894405,6.55133799999999,96.98596,5.498195,1.174615,0.1127445,-0.3360668,-58.72504,-22.29281,19.76762
43.433893204,4.520741,102.0309,7.08343500000003,1.193313,0.1291983,-0.3308392,-58.72504,-22.29281,19.76762
43.443891049,0.4595481,106.7791,8.79061600000001,1.228202,0.1395976,-0.3318599,-58.72504,-22.29281,19.76762
43.45388937,-2.247914,111.1118,10.61974,1.287153,0.1659831,-0.3372338,-61.3268,-22.3539,14.84614
43.463887215,-7.84743800000001,115.9787,12.81469,1.334878,0.1937536,-0.3263169,-61.3268,-22.3539,14.84614
43.473885536,-17.38509,119.5399,14.88769,1.345888,0.2048943,-0.3009744,-61.3268,-22.3539,14.84614
43.483883858,-27.16887,121.083,16.35099,1.364786,0.1850073,-0.2847307,-61.3268,-22.3539,14.84614
43.493881703,-34.73746,122.1514,17.20458,1.36695,0.1484168,-0.2521818,-61.3268,-22.3539,14.84614
43.503879547,-35.22973,121.0237,16.89973,1.339985,0.1050159,-0.2636095,-63.18633,-21.665,7.991144
43.513877869,-29.8148,120.0147,16.89973,1.306671,0.1146063,-0.2587681,-63.18633,-21.665,7.991144
43.52387619,-28.46107,119.2431,16.71681,1.264245,0.1425352,-0.2481727,-63.18633,-21.665,7.991144
43.533874512,-30.49167,118.5902,15.61934,1.259065,0.1605496,-0.1802105,-63.18633,-21.665,7.991144
43.543872357,-32.2146,118.1154,13.97313,1.213169,0.1406482,-0.1317892,-63.18633,-21.665,7.991144
43.553870201,-26.67661,116.2161,12.32692,1.169797,0.1150741,-0.1245283,-64.29832,-20.60156,-0.2148209
43.563869,-19.53875,114.0201,10.68071,1.117999,0.0971524,-0.112469,-64.29832,-20.60156,-0.2148209
43.573866844,-10.86257,110.637,8.97352800000002,1.069083,0.08110424,-0.1142939,-64.29832,-20.60156,-0.2148209
43.583864689,-4.278511,108.619,7.32731800000001,1.029166,0.07956303,-0.09029512,-64.29832,-20.60156,-0.2148209
43.593863011,-1.078783,106.2449,5.98596099999998,0.991356,0.09558366,-0.06343307,-64.29832,-20.60156,-0.2148209
43.603861332,-0.4634504,103.0993,5.254312,0.9627659,0.1129899,-0.06434487,-64.64903,-20.28558,-7.508165
43.613859654,-2.617113,99.9535799999998,4.705575,0.9072142,0.1127677,-0.07477663,-64.64903,-20.28558,-7.508165
43.623857498,-7.232106,96.7485599999997,4.766546,0.8651477,0.09546286,-0.06943452,-64.64903,-20.28558,-7.508165
43.633855343,-13.5085,93.60288,4.949458,0.8317855,0.0817447,-0.06267276,-64.64903,-20.28558,-7.508165
43.643853664,-20.46175,90.5165600000001,5.559165,0.8053428,0.06280474,-0.05735745,-64.64903,-20.28558,-7.508165
43.653851986,-26.49201,87.6082899999998,6.35178600000003,0.7733159,0.03032355,-0.03288588,-64.25367,-19.95744,-14.02194
43.663850307,-28.95334,83.8097399999999,7.14440499999997,0.7208086,-0.002475496,-0.05192894,-64.25367,-19.95744,-14.02194
43.673848152,-29.75327,79.83313,7.81508400000003,0.6749777,-0.02727546,-0.0609356,-64.25367,-19.95744,-14.02194
43.683845997,-29.01487,75.8565200000001,8.05896700000001,0.6675282,-0.04596737,-0.06953216,-64.25367,-19.95744,-14.02194
43.693844795,-27.84574,73.3043700000002,7.81508400000003,0.6891121,-0.05315371,-0.05186063,-64.25367,-19.95744,-14.02194
43.70384264,-25.81514,70.3961,7.69314200000002,0.7029662,-0.03824911,-0.04614571,-62.74531,-19.23397,-19.7554
43.713840485,-25.19981,67.6065400000002,7.32731800000001,0.6996154,-0.04187042,-0.0628891,-62.74531,-19.23397,-19.7554
43.723838806,-23.66148,64.5795699999997,7.205376,0.709388,-0.06945497,-0.0715134,-62.74531,-19.23397,-19.7554
43.733837128,-20.40022,61.1964899999997,7.205376,0.7289507,-0.09919684,-0.07153984,-62.74531,-19.23397,-19.7554
43.743835449,-15.78522,57.99146,7.08343500000003,0.7516463,-0.1136372,-0.05243265,-62.74531,-19.23397,-19.7554
43.753833294,-8.33970399999999,55.2019,6.71760999999998,0.7503729,-0.1239811,-0.06487074,-61.24849,-18.12306,-24.65239
43.763831139,0.3364816,52.53104,5.98596099999998,0.7280704,-0.1039947,-0.0629227,-61.24849,-18.12306,-24.65239
43.773829937,5.25914,49.44472,4.949458,0.7134503,-0.07808218,-0.06721108,-61.24849,-18.12306,-24.65239
43.783827782,6.67440499999999,45.112,4.217809,0.7398716,-0.0574962,-0.051948,-61.24849,-18.12306,-24.65239
43.793825626,6.05907200000001,42.32244,3.730042,0.80288,-0.03912935,-0.03961959,-60.49276,-17.76432,-27.87387
43.803823948,3.105477,39.82964,4.034896,0.8636155,-0.02960259,-0.03254929,-60.49276,-17.76432,-27.87387
43.813821793,-0.2788507,36.62461,5.559165,0.8732111,-0.04807179,-0.05361861,-60.49276,-17.76432,-27.87387
43.823820591,-5.324575,33.53829,7.57120099999999,0.8484796,-0.0799887,-0.03633853,-60.49276,-17.76432,-27.87387
43.833818436,-7.66283799999999,29.79909,9.52226500000001,0.8069347,-0.07286777,-0.01808205,-60.49276,-17.76432,-27.87387
43.84381628,-8.89350299999999,26.00053,11.16848,0.7620919,-0.0715687,0.008317468,-59.36737,-17.39296,-29.93157
43.853814602,-10.43183,21.48975,11.90012,0.7314668,-0.04919852,0.02320095,-59.36737,-17.39296,-29.93157
43.863812923,-13.8777,17.15703,11.83915,0.7030688,-0.04198014,0.02372718,-59.36737,-17.39296,-29.93157
43.873811245,-19.60028,12.82431,11.59527,0.6967044,-0.04002175,0.0390522,-59.36737,-17.39296,-29.93157
43.88380909,-25.81514,9.38187199999997,12.02207,0.7302085,-0.03342762,0.04999935,-59.36737,-17.39296,-29.93157
43.893806934,-31.41467,7.18583399999999,12.32692,0.7654389,-0.06729922,0.04276801,-59.36817,-17.02622,-31.54611
43.903805733,-34.36826,6.82971999999999,13.66828,0.7564974,-0.1103045,0.03561603,-59.36817,-17.02622,-31.54611
43.913803577,-34.18366,6.05813900000001,15.25352,0.6931801,-0.1385367,0.007976268,-59.36817,-17.02622,-31.54611
43.923801422,-33.01453,5.642673,16.65584,0.6608454,-0.154423,0.04105847,-59.36817,-17.02622,-31.54611
43.933799744,-29.0764,4.633682,17.14361,0.6429178,-0.1595094,0.05496974,-59.36817,-17.02622,-31.54611
43.943798065,-20.52328,2.675054,16.47293,0.6134838,-0.175256,0.04401786,-59.40015,-15.13861,-33.23325
43.953796387,-10.61643,0.4196641,15.68031,0.6123588,-0.1676523,0.02774628,-59.40015,-15.13861,-33.23325
43.963794231,-3.232446,-2.310545,15.00963,0.6813944,-0.1332575,0.02618134,-59.40015,-15.13861,-33.23325
43.973792076,-0.1557842,-4.862697,15.00963,0.7886076,-0.1078053,0.02694504,-59.40015,-15.13861,-33.23325
43.983790398,1.813279,-7.65225799999999,15.37546,0.8444652,-0.1250018,-0.008083958,-59.40015,-15.13861,-33.23325
43.993788719,0.3980148,-10.73858,17.08264,0.8898998,-0.1314941,-0.01916874,-60.17323,-14.00317,-33.2449
44.003786564,-5.078443,-13.76555,19.76535,0.9650527,-0.1108427,0.004145157,-60.17323,-14.00317,-33.2449
44.013784885,-11.8471,-15.24936,22.20418,0.9486272,-0.1169361,0.06399737,-60.17323,-14.00317,-33.2449
44.02378273,-15.29296,-17.74216,23.97233,0.9117336,-0.1501442,0.0726846,-60.17323,-14.00317,-33.2449
44.033781528,-14.73916,-21.06589,24.76495,0.9264636,-0.1569985,0.03533176,-60.17323,-14.00317,-33.2449
44.043779373,-16.52362,-25.51732,25.25272,0.9786337,-0.1069886,0.02422068,-60.55781,-13.62181,-32.7982
44.053777218,-26.86121,-28.95976,25.37466,1.13745,-0.02632731,0.05215904,-60.55781,-13.62181,-32.7982
44.063775539,-41.99838,-31.98673,25.67952,1.2365,-0.007362406,0.05198149,-60.55781,-13.62181,-32.7982
44.073773861,-56.02796,-36.61621,26.71602,1.273282,-0.04689086,0.007419972,-60.55781,-13.62181,-32.7982
44.083772182,-63.59655,-41.60181,26.83796,1.247063,-0.1045184,-0.02027689,-60.55781,-13.62181,-32.7982
44.093770027,-62.2428200000002,-47.95251,26.22825,1.171664,-0.1640939,-0.0483661,-62.48575,-11.34012,-31.21176
44.103767872,-51.90524,-54.00646,23.4236,1.156639,-0.2459061,-0.03491871,-62.48575,-11.34012,-31.21176
44.11376667,-28.46107,-59.2888199999997,16.22905,1.127437,-0.2736958,-0.03486065,-62.48575,-11.34012,-31.21176
44.123764515,1.997879,-66.5298100000001,6.90052199999999,1.008941,-0.2187363,-0.09209736,-62.48575,-11.34012,-31.21176
44.13376236,30.24163,-75.4326600000002,-1.818297,0.957037,-0.1802172,-0.1250385,-62.48575,-11.34012,-31.21176
44.143760681,49.00927,-77.4506500000002,-6.93983999999998,1.337928,-0.2855549,0.496952,-63.67274,-8.732024,-29.16996
44.153758526,28.08797,-35.48852,2.815481,2.20118,-0.02641089,2.095739,-63.67274,-8.732024,-29.16996
44.163757324,4.151542,33.30088,17.20458,2.695554,0.3486588,3.141426,-63.67274,-8.732024,-29.16996
44.173755169,35.90269,26.83147,20.55797,1.473228,-0.1251452,1.376776,-63.67274,-8.732024,-29.16996
44.183753014,73.3149,3.743397,11.5343,0.4674682,-0.5086287,0.5693562,-63.67274,-8.732024,-29.16996
44.193751335,95.09766,-23.38064,-14.98798,0.3579539,-0.08838795,-0.0005452007,-65.95719,-7.58386,-26.35471
44.203749657,120.0186,-46.35,-26.51146,1.205904,-0.03692945,0.1262217,-65.95719,-7.58386,-26.35471
44.213747978,122.4184,-48.90215,-22.60933,1.374497,0.05117247,0.5207303,-65.95719,-7.58386,-26.35471
44.223745823,107.5274,-47.41834,-19.92661,1.099697,0.0194162,0.3527588,-65.95719,-7.58386,-26.35471
44.233743668,94.1131200000003,-50.38596,-17.2439,0.8158705,-0.05722099,-0.07983797,-65.95719,-7.58386,-26.35471
44.243742466,71.6535000000002,-56.3212,-14.43924,0.7575178,-0.1211825,-0.3051291,-67.07105,-8.342658,-25.13349
44.253740311,46.05567,-55.96508,-9.68352500000001,1.037667,-0.1168062,-0.2199535,-67.07105,-8.342658,-25.13349
44.263738155,32.27223,-47.83381,-4.927805,1.019139,-0.08823324,-0.1376135,-67.07105,-8.342658,-25.13349
44.273736477,27.7803,-42.6108,-0.4159691,0.9303109,-0.07923074,-0.07716035,-67.07105,-8.342658,-25.13349
44.283734798,29.4417,-37.80326,1.291212,0.9820573,-0.05751373,-0.0461487,-67.07105,-8.342658,-25.13349
44.29373312,31.41076,-36.2601,3.059364,1.021283,0.005854645,-0.1094054,-68.13206,-12.06402,-21.89688
44.303730965,29.74937,-36.67556,4.156838,1.163322,0.1756547,-0.07523929,-68.13206,-12.06402,-21.89688
44.313728809,21.19625,-37.32844,3.364218,1.216591,0.3244607,-0.01937708,-68.13206,-12.06402,-21.89688
44.323727608,4.889941,-37.86261,3.608101,1.148908,0.2959633,-0.01350884,-68.13206,-12.06402,-21.89688
44.333725453,-13.01623,-39.04966,4.400721,1.104943,0.1729752,0.02344983,-68.87485,-12.81292,-19.83437
44.343723297,-20.83095,-37.32844,5.193341,1.055347,-0.04195151,-0.0438876,-68.87485,-12.81292,-19.83437
44.353721619,-17.44662,-35.96334,5.681107,1.02485,-0.1840956,-0.1112771,-68.87485,-12.81292,-19.83437
44.363719463,-10.80103,-32.6396,4.461692,1.022215,-0.2246904,-0.08111171,-68.87485,-12.81292,-19.83437
44.373718262,-3.601645,-28.90041,3.973926,1.00485,-0.2343453,-0.08969332,-68.87485,-12.81292,-19.83437
44.383716107,0.705681,-27.00113,4.827517,0.9888828,-0.2141372,-0.07722772,-69.63336,-12.80111,-17.77592
44.393713951,0.3364816,-25.99214,4.27878,1.029291,-0.1332321,-0.03233284,-69.63336,-12.80111,-17.77592
44.403712273,-1.755648,-26.40761,4.583633,1.049098,-0.1754062,-0.01082059,-69.63336,-12.80111,-17.77592
44.413710594,0.951813900000003,-26.05149,4.095867,1.030635,-0.2030267,0.03755489,-69.63336,-12.80111,-17.77592
44.423708916,5.566806,-24.9238,3.181306,1.001588,-0.1854355,0.1108231,-69.63336,-12.80111,-17.77592
44.433706761,9.44340000000003,-23.7961,2.205774,0.9870267,-0.1615436,0.1510428,-70.03089,-12.02959,-16.17025
44.443704605,11.1048,-23.20258,1.169271,0.9487408,-0.09544624,0.1285994,-70.03089,-12.02959,-16.17025
44.453703404,7.22820399999999,-26.1702,0.803446099999999,0.9129699,-0.03530252,0.03436679,-70.03089,-12.02959,-16.17025
44.463701248,-4.340044,-29.01911,1.047329,1.017449,0.006210671,0.04374549,-70.03089,-12.02959,-16.17025
44.473699093,-11.6625,-30.0281,1.839949,1.012666,-0.05091445,0.0246255,-70.03089,-12.02959,-16.17025
44.483697415,-14.55456,-30.79968,1.96189,0.9847493,-0.01743254,0.02657984,-70.03795,-12.01597,-14.55774
44.493695736,-20.21562,-30.74033,1.718008,1.002229,0.01218773,0.0394633,-70.03795,-12.01597,-14.55774
44.503694058,-27.04581,-30.91838,2.571598,1.005298,-0.0483242,0.005016052,-70.03795,-12.01597,-14.55774
44.513691902,-29.50714,-30.32486,2.571598,1.010032,-0.1194325,-0.0227313,-70.03795,-12.01597,-14.55774
44.523689747,-27.53807,-28.95976,2.388686,0.9984692,-0.1528805,-0.04184557,-70.03795,-12.01597,-14.55774
44.533688545,-26.67661,-28.7817,2.022861,0.9854045,-0.13248,-0.06767116,-70.43546,-11.24445,-12.95207
44.54368639,-27.47654,-30.56227,1.96189,0.981165,-0.1155129,-0.1160043,-70.43546,-11.24445,-12.95207
44.553684235,-31.72233,-32.04608,1.839949,1.028965,-0.01310226,-0.07352075,-70.43546,-11.24445,-12.95207
44.563682556,-37.19879,-30.62162,1.657037,1.064777,-0.05093667,-0.03720166,-70.43546,-11.24445,-12.95207
44.573680401,-34.36826,-28.60365,1.474125,0.9940342,-0.1763503,-0.04805329,-70.43546,-11.24445,-12.95207
44.583679199,-24.58448,-28.06947,0.620533899999998,0.975686,-0.2119462,-0.07481239,-70.81136,-11.61019,-10.88881
44.593677044,-16.33902,-27.95077,0.01082622,1.010462,-0.1950608,-0.05717006,-70.81136,-11.61019,-10.88881
44.603674889,-13.38543,-27.23854,0.1327677,1.018052,-0.1835632,-0.03852178,-70.81136,-11.61019,-10.88881
44.61367321,-13.6931,-25.27991,0.0717969800000001,1.014175,-0.1581383,-0.01315704,-70.81136,-11.61019,-10.88881
44.623671532,-14.30843,-23.32128,0.01082622,0.9795006,-0.1803188,-0.02553385,-70.81136,-11.61019,-10.88881
44.633669853,-13.1393,-23.38064,-0.1720861,0.970971,-0.1682125,-0.06476533,-71.58024,-10.84802,-10.05993
44.643667698,-13.93923,-24.56768,-0.4769399,0.9922699,-0.10912,-0.07869639,-71.58024,-10.84802,-10.05993
44.653665543,-16.40056,-25.16121,-0.903735200000002,1.010559,-0.07152982,-0.09931672,-71.58024,-10.84802,-10.05993
44.663664341,-18.49269,-24.9238,-1.086647,1.01724,-0.115443,-0.08017402,-71.58024,-10.84802,-10.05993
44.673662186,-15.35449,-24.44898,-1.452472,1.004944,-0.1870448,-0.07199835,-71.58024,-10.84802,-10.05993
44.68366003,-7.17057299999998,-24.74574,-1.452472,0.9752948,-0.2174397,-0.09012473,-71.57157,-11.59511,-8.443365
44.693658352,-0.2173175,-26.05149,-1.452472,0.9842169,-0.1727225,-0.05521575,-71.57157,-11.59511,-8.443365
44.703656673,1.321013,-26.94178,-2.793829,0.9957927,-0.08835577,-0.04760044,-71.57157,-11.59511,-8.443365
44.713654995,-4.093911,-27.47595,-2.8548,0.9953802,-0.06655797,-0.05430539,-71.57157,-11.59511,-8.443365
44.72365284,-8.40123700000001,-27.4166,-2.488975,1.008863,-0.1365303,-0.08302544,-71.57157,-11.59511,-8.443365
44.733650684,-7.232106,-26.1702,-2.488975,1.002465,-0.1597329,-0.1088514,-71.97107,-10.81978,-6.386191
44.743649483,-4.46311,-25.39862,-2.610917,0.9865001,-0.14023,-0.1203144,-71.97107,-10.81978,-6.386191
44.753647327,-5.01691,-24.98315,-2.367033,0.9905026,-0.1196887,-0.1145838,-71.97107,-10.81978,-6.386191
44.763645172,-5.386109,-24.56768,-2.06218,1.001196,-0.1443131,-0.120339,-71.97107,-10.81978,-6.386191
44.773643494,-2.863246,-23.38064,-1.940238,0.997951,-0.1795053,-0.1356387,-71.97107,-10.81978,-6.386191
44.783641815,1.44408,-22.37165,-2.184121,0.9952462,-0.2169017,-0.1274886,-72.35117,-10.81224,-5.163465
44.793640137,9.75106599999998,-22.07488,-2.367033,0.9807905,-0.2261448,-0.1504326,-72.35117,-10.81224,-5.163465
44.803637981,15.84286,-21.77812,-2.367033,0.9558502,-0.09144932,-0.1398952,-72.35117,-10.81224,-5.163465
44.813635826,8.21273500000003,-22.66841,-2.367033,0.9903624,0.01802737,-0.09308308,-72.35117,-10.81224,-5.163465
44.823634148,-1.324916,-23.49934,-1.574414,0.993048,0.005074054,-0.08064145,-72.35117,-10.81224,-5.163465
44.833632469,-5.693775,-24.86444,-0.903735200000002,0.9818612,-0.04822425,-0.09257263,-71.96776,-11.55652,-3.544122
44.843630791,-5.324575,-25.87344,-1.147618,0.9968552,-0.1204737,-0.1078946,-71.96776,-11.55652,-3.544122
44.853628635,-0.03271778,-26.34826,-1.025677,1.003431,-0.1592103,-0.1069389,-71.96776,-11.55652,-3.544122
44.86362648,4.705341,-24.56768,-1.26956,1.016931,-0.1773699,-0.1026506,-71.96776,-11.55652,-3.544122
44.873625278,7.10513699999998,-22.37165,-0.903735200000002,0.9995392,-0.2119487,-0.1265402,-72.35741,-11.16535,-1.936422
44.883623123,10.1818,-20.23496,-0.1111153,0.9923095,-0.3199706,-0.1264998,-72.35741,-11.16535,-1.936422
44.893620968,19.78098,-16.0803,0.7424754,1.014715,-0.4485559,-0.1011412,-72.35741,-11.16535,-1.936422
44.903619289,34.24129,-10.44182,1.047329,0.998938,-0.5163125,-0.09008899,-72.35741,-11.16535,-1.936422
44.913617611,51.10139,-8.12707699999999,1.657037,0.9379556,-0.5391577,-0.1182128,-72.35741,-11.16535,-1.936422
44.923615932,66.8539000000002,-9.13606700000001,0.803446099999999,0.8739781,-0.4283929,-0.1425371,-72.72796,-11.54144,-1.098671
44.933613777,76.0223499999999,-10.73858,-3.403537,0.9063253,-0.1005309,-0.1225778,-72.72796,-11.54144,-1.098671
44.943611622,56.27019,-15.42742,-7.244694,0.9910722,0.1611266,-0.1223143,-72.72796,-11.54144,-1.098671
44.95361042,40.64075,-24.33027,-6.63498599999997,0.9823054,0.1843205,-0.2237631,-72.72796,-11.54144,-1.098671
44.963608265,32.21069,-33.64859,-8.46410900000001,0.9662278,0.286483,-0.2826263,-72.72796,-11.54144,-1.098671
44.973606586,16.58125,-38.04067,-9.62255399999997,1.089758,0.2772156,-0.1287377,-72.73332,-11.53109,0.1268349
44.983604431,19.90405,-36.79427,-7.976343,1.110645,-0.05757151,-0.1708026,-72.73332,-11.53109,0.1268349
44.993602753,35.04122,-35.66658,-4.622952,1.008044,-0.1238018,-0.2830721,-72.73332,-11.53109,0.1268349
45.003601074,38.11789,-34.30147,-5.476542,1.031361,-0.1463558,-0.3022499,-72.73332,-11.53109,0.1268349
45.013598919,37.74868,-32.46155,-5.049747,0.9974818,-0.08100732,-0.309865,-72.73332,-11.53109,0.1268349
45.023596764,22.48845,-30.38422,-4.318098,0.9741318,-0.005876699,-0.3332938,-73.11878,-11.5132,2.575066
45.033595085,5.136074,-28.01012,-3.037712,0.9761693,0.04052444,-0.3648953,-73.11878,-11.5132,2.575066
45.043593407,-9.81650199999998,-26.76372,-1.330531,1.020195,0.1358994,-0.3396321,-73.11878,-11.5132,2.575066
45.053591728,-22.80001,-25.75473,0.1327677,1.080234,0.1309658,-0.3181996,-73.11878,-11.5132,2.575066
45.063589573,-24.52294,-25.16121,1.474125,1.071503,0.1039928,-0.2731913,-73.11878,-11.5132,2.575066
45.073587418,-25.63054,-23.97416,3.059364,1.067186,0.07495722,-0.2506832,-73.49442,-11.87948,4.573823
45.083586216,-28.46107,-24.33027,3.303247,1.068079,0.002456478,-0.2099871,-73.49442,-11.87948,4.573823
45.093584061,-25.38441,-23.02452,2.69354,1.074305,-0.09717109,-0.2774515,-73.49442,-11.87948,4.573823
45.103581905,-27.47654,-22.31229,3.791013,1.041915,-0.0332422,-0.2841116,-73.49442,-11.87948,4.573823
45.113580227,-36.64499,-21.54071,3.608101,1.055082,-0.03327939,-0.2635558,-73.49442,-11.87948,4.573823
45.123578548,-40.76772,-21.06589,3.54713,1.044873,-0.1128475,-0.2807462,-72.7486,-11.86677,5.417888
45.13357687,-42.61372,-18.8105,2.449656,1.060207,-0.2014577,-0.2261925,-72.7486,-11.86677,5.417888
45.143574715,-36.89112,-19.04791,1.352183,1.084794,-0.2914886,-0.2405694,-72.7486,-11.86677,5.417888
45.153572559,-32.27613,-17.14864,1.291212,1.047776,-0.2657204,-0.2122755,-72.7486,-11.86677,5.417888
45.163571358,-30.67627,-18.03892,0.1327677,1.050831,-0.2202832,-0.1921924,-72.7486,-11.86677,5.417888
45.173569202,-30.61473,-15.96159,-0.5379106,1.08284,-0.1867998,-0.2133141,-73.12701,-11.8625,6.253612
45.183567524,-33.38373,-14.47778,-0.3549984,1.09959,-0.1967921,-0.2262623,-73.12701,-11.8625,6.253612
45.193565369,-28.83027,-14.65584,-1.574414,1.086187,-0.2353629,-0.2171361,-73.12701,-11.8625,6.253612
45.203564167,-25.07674,-14.9526,-2.06218,1.059694,-0.1727876,-0.1721199,-73.12701,-11.8625,6.253612
45.213562012,-23.41535,-15.48677,-2.549946,1.065019,-0.1698491,-0.1281009,-73.12701,-11.8625,6.253612
45.223559856,-20.33868,-16.25835,-2.732858,1.067699,-0.1837447,-0.1654309,-72.38091,-11.85034,7.033176
45.233557701,-13.5085,-18.15763,-4.318098,1.067967,-0.1448894,-0.1151909,-72.38091,-11.85034,7.033176
45.2435565,-9.93956800000001,-18.27633,-5.3546,1.053117,-0.08281312,-0.2027604,-72.38091,-11.85034,7.033176
45.253554344,-10.9241,-20.41302,-6.26916200000001,1.055539,-0.003915514,-0.1889063,-72.38091,-11.85034,7.033176
45.263552666,-13.26236,-22.25294,-9.25672899999999,1.080849,-0.02736164,-0.1506583,-72.38091,-11.85034,7.033176
45.27355051,-9.75496900000002,-23.32128,-11.20779,1.103787,-0.08145672,-0.1640844,-73.13236,-11.85215,7.479117
45.283549309,-1.632582,-22.78711,-13.15886,1.104267,-0.1080916,-0.2081074,-73.13236,-11.85215,7.479117
45.293547154,2.551678,-22.13424,-13.46371,1.071883,-0.01985334,-0.26646,-73.13236,-11.85215,7.479117
45.303544998,-2.309447,-18.75115,-13.46371,1.043482,-0.01426923,-0.3381983,-73.13236,-11.85215,7.479117
45.313542843,-8.64737,-16.37706,-12.54915,0.9829805,0.04117128,-0.3620359,-73.13236,-11.85215,7.479117
45.323541164,-16.76976,-13.46879,-12.2443,0.9342975,0.06363457,-0.4040715,-72.37392,-12.59416,9.036742
45.333539486,-23.47688,-10.02635,-12.36624,0.9159762,0.0001518838,-0.4514023,-72.37392,-12.59416,9.036742
45.343537808,-20.89248,-5.278163,-12.30527,0.8539178,-0.0446003,-0.5345548,-72.37392,-12.59416,9.036742
45.353535652,-18.36962,-0.886087999999999,-12.12236,0.803598,-0.03787204,-0.5402117,-72.37392,-12.59416,9.036742
45.363534451,-17.69275,2.31894,-11.08585,0.7915226,-0.04185683,-0.4717533,-72.37392,-12.59416,9.036742
45.373532295,-19.53875,5.345911,-9.25672899999999,0.8180403,-0.1036685,-0.4334975,-71.61827,-12.96562,9.431334
45.38353014,-16.03136,6.23619700000001,-7.67149000000001,0.8092507,-0.1534949,-0.3899189,-71.61827,-12.96562,9.431334
45.393528462,-9.75496900000002,6.71101499999999,-7.91537200000002,0.8194546,-0.177415,-0.3707875,-71.61827,-12.96562,9.431334
45.403526306,-2.801713,6.65166300000002,-8.64702100000002,0.8078294,-0.180998,-0.365502,-71.61827,-12.96562,9.431334
45.413525105,8.64346799999999,5.642673,-8.70799300000002,0.7586381,-0.2081756,-0.3615806,-71.59468,-14.10669,9.437417
45.423522949,21.87311,2.912464,-7.244694,0.7008204,-0.1136839,-0.3720329,-71.59468,-14.10669,9.437417
45.433520794,25.19591,-0.9454404,-5.232659,0.6534286,-0.003383501,-0.3767644,-71.59468,-14.10669,9.437417
45.443518639,20.58092,-6.405858,-5.110718,0.6447766,0.04210214,-0.3791539,-71.59468,-14.10669,9.437417
45.453517437,13.38153,-11.62887,-6.33013299999999,0.6527942,0.05562565,-0.405493,-71.59468,-14.10669,9.437417
45.463515282,9.32033300000002,-16.67382,-7.73246000000002,0.6127464,0.03130556,-0.5336754,-71.57388,-14.8772,8.280468
45.473513603,9.32033300000002,-19.99755,-8.64702100000002,0.5348778,0.02497254,-0.5794813,-71.57388,-14.8772,8.280468
45.483511448,0.5826145,-23.49934,-8.70799300000002,0.6128908,0.02425615,-0.5078307,-71.57388,-14.8772,8.280468
45.493510246,2.305545,-24.74574,-8.15925599999997,0.7170095,-0.07083561,-0.5036806,-71.57388,-14.8772,8.280468
45.503508091,9.13573400000002,-25.87344,-5.90333699999997,0.7519395,-0.05992128,-0.395586,-71.57388,-14.8772,8.280468
45.513505936,9.62799900000003,-28.01012,-4.196156,0.8300751,-0.04195547,-0.3536122,-71.21378,-14.48096,9.829227
45.52350378,9.19726699999998,-29.25652,-3.769361,0.8810464,-0.05741342,-0.3474756,-71.21378,-14.48096,9.829227
45.533502579,13.75073,-31.80867,-2.793829,0.8167973,-0.11306,-0.3420849,-71.21378,-14.48096,9.829227
45.543500424,14.61219,-34.42017,-1.147618,0.8009699,-0.100826,-0.351632,-71.21378,-14.48096,9.829227
45.553498745,9.19726699999998,-37.20974,-0.4769399,0.8154665,-0.06774458,-0.3258226,-71.21378,-14.48096,9.829227
45.56349659,3.843876,-40.35541,-0.3549984,0.8158143,-0.08771052,-0.3842044,-71.95657,-15.22986,11.89173
45.573495388,-1.571049,-43.26368,-0.964705900000002,0.7875766,-0.06448454,-0.4401545,-71.95657,-15.22986,11.89173
45.583493233,-3.109379,-44.15396,-3.403537,0.7546415,0.02867341,-0.4377283,-71.95657,-15.22986,11.89173
45.593491078,-13.07776,-44.80684,-5.90333699999997,0.7823033,0.08807243,-0.3789269,-71.95657,-15.22986,11.89173
45.603489399,-14.12383,-47.18093,-6.02527899999998,0.8862841,0.1043551,-0.3642765,-71.95657,-15.22986,11.89173
45.613487721,-16.21596,-47.65575,-6.02527899999998,0.9637824,0.1540505,-0.4113249,-71.23521,-14.43956,14.73125
45.623486042,-23.35381,-46.17194,-5.171688,0.9727374,0.117466,-0.4457885,-71.23521,-14.43956,14.73125
45.633483887,-18.00042,-43.97591,-3.769361,0.9429169,-0.08621699,-0.495456,-71.23521,-14.43956,14.73125
45.643481731,-11.17023,-39.10901,-1.513443,0.8739385,-0.2298836,-0.5929283,-71.23521,-14.43956,14.73125
45.65348053,-14.18536,-35.60722,2.815481,0.8867055,-0.180545,-0.4862408,-71.23521,-14.43956,14.73125
45.663478374,-17.93889,-34.71694,6.71760999999998,0.9486549,-0.208424,-0.4274767,-70.47117,-15.55756,16.80691
45.673476219,-21.56935,-33.82665,8.54673300000003,1.073963,-0.2114155,-0.3879726,-70.47117,-15.55756,16.80691
45.683474541,-6.43217400000002,-31.68997,5.620136,1.112885,-0.3146618,-0.4966507,-70.47117,-15.55756,16.80691
45.693472862,17.87345,-28.7817,3.303247,1.09281,-0.179279,-0.474636,-70.47117,-15.55756,16.80691
45.703471184,29.19557,-25.0425,0.803446099999999,1.078652,-0.02208293,-0.4713018,-70.47117,-15.55756,16.80691
45.713469028,28.94943,-21.77812,1.596066,1.100581,0.05556239,-0.4771029,-70.85046,-15.91676,19.64417
45.723466873,15.04292,-19.04791,3.364218,1.146391,0.1612792,-0.3877163,-70.85046,-15.91676,19.64417
45.733465671,-0.6480501,-18.63245,4.644604,1.1343,0.05268414,-0.38671,-70.85046,-15.91676,19.64417
45.743463516,-6.55523999999999,-17.97957,3.608101,1.17124,-0.1232056,-0.3580146,-70.85046,-15.91676,19.64417
45.753461361,-1.755648,-17.86087,2.449656,1.167824,-0.1475516,-0.3029661,-70.85046,-15.91676,19.64417
45.763459682,-8.40123700000001,-21.83747,1.047329,1.169523,-0.0785905,-0.1522354,-70.11251,-15.5237,20.4862
45.773457527,-5.570708,-28.30688,-0.1720861,1.130572,-0.1323891,-0.1588537,-70.11251,-15.5237,20.4862
45.783456325,-8.03203799999998,-34.18277,-1.147618,1.083694,0.002069435,-0.1798639,-70.11251,-15.5237,20.4862
45.79345417,-11.6625,-41.18634,-3.281595,1.070575,0.04951397,-0.2770042,-70.11251,-15.5237,20.4862
45.803452015,-19.41569,-46.64676,-6.02527899999998,1.04603,0.1626341,-0.2884764,-70.11251,-15.5237,20.4862
45.813450336,-29.9994,-50.92013,-6.75692799999998,1.032492,0.1826665,-0.3004223,-70.50584,-15.12545,22.93241
45.823448658,-35.04513,-54.30322,-6.87886999999998,1.03609,0.1188326,-0.3803344,-70.50584,-15.12545,22.93241
45.833446979,-36.82959,-56.79602,-7.244694,1.024369,0.171266,-0.4133492,-70.50584,-15.12545,22.93241
45.843444824,-42.61372,-60.2978099999999,-10.04935,1.107235,0.1692867,-0.4369434,-70.50584,-15.12545,22.93241
45.853442669,-51.72063,-65.9362899999999,-11.08585,1.192631,0.3203387,-0.3643876,-70.50584,-15.12545,22.93241
45.863441467,-70.1805999999999,-66.47046,-12.54915,1.147173,0.5366486,-0.3121992,-68.63301,-15.47486,24.94785
45.873439312,-94.30163,-66.7672200000001,-12.73206,1.110471,0.4668409,-0.3207317,-68.63301,-15.47486,24.94785
45.883437157,-105.7468,-68.1323199999998,-10.65906,1.061424,0.223601,-0.3502552,-68.63301,-15.47486,24.94785
45.893435478,-86.8561099999999,-68.4290799999999,-13.70759,1.002817,0.09941559,-0.412336,-68.63301,-15.47486,24.94785
45.9034338,-72.7034699999999,-67.5981499999997,-15.59769,1.039846,0.2045554,-0.3669629,-68.63301,-15.47486,24.94785
45.913432121,-70.7344099999999,-68.1323199999998,-15.29283,1.102352,0.2247518,-0.3129979,-68.25523,-16.20824,27.8572
45.923429966,-76.88773,-70.6251200000001,-13.40274,1.176362,0.1506396,-0.2877434,-68.25523,-16.20824,27.8572
45.933427811,-81.3796499999998,-74.8984900000001,-14.37827,1.170574,-0.06207782,-0.3676007,-68.25523,-16.20824,27.8572
45.943426609,-68.6422700000001,-80.0621500000001,-17.12196,1.129173,-0.2982153,-0.4339898,-68.25523,-16.20824,27.8572
45.953424454,-39.10632,-84.03876,-23.52389,1.118532,-0.3807163,-0.4521359,-68.25523,-16.20824,27.8572
45.963422775,-6.61677399999998,-85.2851600000002,-29.62096,1.125426,-0.3339175,-0.5038462,-65.55966,-20.34522,31.12399
45.97342062,18.91952,-87.2437899999998,-33.64503,1.089358,-0.2568497,-0.5535751,-65.55966,-20.34522,31.12399
45.983418941,36.33342,-89.5585300000001,-35.96192,0.9861699,-0.1615528,-0.643392,-65.55966,-20.34522,31.12399
45.993417263,43.40974,-90.3894700000001,-38.21784,0.9241239,-0.07538377,-0.6514419,-65.55966,-20.34522,31.12399
46.003415108,45.68647,-89.20242,-38.40075,0.8939711,-0.0006366307,-0.6490157,-64.02342,-22.96214,35.21283
46.013412952,43.71741,-87.4811900000001,-39.1324,0.8163905,0.02942025,-0.7015315,-64.02342,-22.96214,35.21283
46.023411751,41.31761,-87.0657299999999,-38.33978,0.7296545,-0.02454451,-0.7822458,-64.02342,-22.96214,35.21283
46.033409595,37.07182,-84.7509799999998,-35.65707,0.7135596,-0.07447144,-0.7338687,-64.02342,-22.96214,35.21283
46.043407917,32.14916,-77.1538799999999,-32.73047,0.7300031,-0.06627405,-0.6702488,-64.02342,-22.96214,35.21283
46.053405762,22.73458,-65.9362899999999,-29.55999,0.753948,-0.1449593,-0.5587621,-61.03906,-23.27859,40.13912
46.06340456,20.45785,-52.99747,-26.14563,0.683998,-0.1308438,-0.5643867,-61.03906,-23.27859,40.13912
46.073402405,16.64279,-40.59282,-23.15806,0.6501943,-0.1198174,-0.5078586,-61.03906,-23.27859,40.13912
46.08340025,9.13573400000002,-24.80509,-20.7802,0.6849174,-0.02071146,-0.4265867,-61.03906,-23.27859,40.13912
46.093398094,0.0903486900000002,-10.67923,-19.62176,0.6567239,0.002354991,-0.3940004,-61.03906,-23.27859,40.13912
46.103396893,-9.57036899999999,4.218216,-16.8171,0.6599887,0.01100071,-0.3590722,-58.79346,-23.62137,42.60884
46.113394737,-17.50816,19.29372,-13.15886,0.6279438,-0.02127124,-0.3647509,-58.79346,-23.62137,42.60884
46.123393059,-20.76942,33.47894,-9.13478800000001,0.5976677,-0.07011799,-0.38,-58.79346,-23.62137,42.60884
46.133390904,-19.23109,48.61379,-4.257127,0.5915011,-0.1053548,-0.3938589,-58.79346,-23.62137,42.60884
46.143389702,-16.09289,62.73965,0.5595631,0.6054048,-0.09275175,-0.3742648,-58.79346,-23.62137,42.60884
46.153387547,-13.20083,77.6964399999998,4.095867,0.6375004,-0.01068904,-0.3441916,-57.65012,-24.38018,41.84724
46.163385391,-16.76976,91.7036100000002,7.754113,0.6880643,0.07351562,-0.332337,-57.65012,-24.38018,41.84724
46.173383713,-22.49235,105.7108,10.31489,0.7191112,0.1329806,-0.3266635,-57.65012,-24.38018,41.84724
46.183382034,-30.79933,116.3348,12.26595,0.7355147,0.1663434,-0.3803012,-57.65012,-24.38018,41.84724
46.193379879,-41.19845,126.5434,15.19255,0.8157876,0.1717457,-0.4412217,-57.65012,-24.38018,41.84724
46.203378201,-53.1359,135.9805,18.11914,0.8334708,0.1628218,-0.4986794,-59.83952,-26.33697,37.32568
46.213376045,-62.18128,142.9841,21.83836,0.90672,0.1273803,-0.5471342,-59.83952,-26.33697,37.32568
46.223374844,-63.2273500000002,149.038,25.86243,0.9518499,0.03268525,-0.5845174,-59.83952,-26.33697,37.32568
46.233372688,-51.35143,154.2017,28.72805,0.9669623,-0.0466589,-0.6319023,-59.83952,-26.33697,37.32568
46.243370533,-32.64533,157.7628,30.00844,0.9804193,-0.06307296,-0.6491503,-59.83952,-26.33697,37.32568
46.253368855,-14.24689,159.6027,30.19135,0.9901477,-0.03612326,-0.6458241,-64.67364,-26.446,28.71099
46.263367176,-1.940248,160.2556,29.82553,1.005174,0.0200876,-0.6425148,-64.67364,-26.446,28.71099
46.273365498,3.474676,160.1962,30.19135,1.017038,0.06393049,-0.6033036,-64.67364,-26.446,28.71099
46.283363342,5.382206,160.1962,30.74009,1.043546,0.08028506,-0.5727251,-64.67364,-26.446,28.71099
46.293361187,5.93600600000003,160.0182,31.41077,1.053064,0.06708606,-0.5488094,-64.67364,-26.446,28.71099
46.303359985,5.62834,160.5524,31.10591,1.061145,0.05233068,-0.5325482,-70.26594,-25.81355,18.47417
46.31335783,6.428272,161.0865,29.94747,1.075593,0.01002432,-0.513898,-70.26594,-25.81355,18.47417
46.323355675,8.58193500000002,161.3239,28.17932,1.078176,-0.0232967,-0.4966652,-70.26594,-25.81355,18.47417
46.333353996,12.52006,161.0272,26.04534,1.070875,-0.02324794,-0.4755951,-70.26594,-25.81355,18.47417
46.343352318,16.33512,159.2466,24.03331,1.071079,-0.008192882,-0.477035,-70.26594,-25.81355,18.47417
46.353350639,17.38119,157.466,22.26515,1.074318,0.001191732,-0.4674716,-74.31896,-24.03104,7.920356
46.363348484,17.07352,155.7448,21.10671,1.091858,0.001674254,-0.4526665,-74.31896,-24.03104,7.920356
46.373346329,17.31965,154.0236,20.43603,1.09295,-0.003898615,-0.4268238,-74.31896,-24.03104,7.920356
46.383345127,19.10412,151.056,20.43603,1.06609,-0.0004189375,-0.4133777,-74.31896,-24.03104,7.920356
46.393342972,21.68851,147.6135,20.61894,1.043939,0.01199285,-0.3898921,-74.31896,-24.03104,7.920356
46.403341293,23.84218,143.3402,20.55797,1.015151,0.0145108,-0.3711781,-75.80901,-22.23368,-3.130459
46.413339138,26.8573,137.8204,20.86283,0.9887906,0.01762406,-0.3457684,-75.80901,-22.23368,-3.130459
46.42333746,29.19557,132.0632,21.59447,0.9475603,0.03401044,-0.3246434,-75.80901,-22.23368,-3.130459
46.433335781,31.16463,125.1783,21.77739,0.924515,0.04193456,-0.3116837,-75.80901,-22.23368,-3.130459
46.443333626,33.62596,117.9373,21.5335,0.9373549,0.03301238,-0.3054823,-75.80901,-22.23368,-3.130459
46.453331471,35.90269,110.459,20.98477,0.9874611,0.01092621,-0.3314071,-76.1574,-21.19186,-14.55588
46.463329792,39.53315,103.7521,20.61894,1.131066,-0.007797846,-0.3512742,-76.1574,-21.19186,-14.55588
46.473328114,43.71741,98.11366,20.07021,1.139477,0.01125424,-0.3584724,-76.1574,-21.19186,-14.55588
46.483326435,42.17908,91.3474899999997,19.76535,1.056102,0.06611658,-0.3430268,-76.1574,-21.19186,-14.55588
46.49332428,35.16429,83.8097399999999,19.21662,1.029006,0.08226994,-0.3247978,-76.1574,-21.19186,-14.55588
46.503323078,29.2571,76.1532800000002,18.91176,1.006103,0.08232972,-0.3218865,-75.76283,-20.49698,-22.68419
46.513320923,25.19591,68.0220100000001,19.21662,0.9897597,0.07031351,-0.3252049,-75.76283,-20.49698,-22.68419
46.523318768,21.56545,60.5436099999998,19.52147,1.000004,0.07020103,-0.3065583,-75.76283,-20.49698,-22.68419
46.533316612,16.88892,53.42133,18.60691,0.988903,0.0647197,-0.2974446,-75.76283,-20.49698,-22.68419
46.543315411,13.25846,46.3584,17.63138,0.9907456,0.07070145,-0.2850063,-73.8876,-19.39034,-28.4169
46.553313255,10.551,40.24511,16.59487,0.9663385,0.073227,-0.2749143,-73.8876,-19.39034,-28.4169
46.563311577,8.82806800000001,34.90339,15.43643,0.9501591,0.07888339,-0.2590946,-73.8876,-19.39034,-28.4169
46.573309422,7.59740300000001,30.33326,13.79022,0.9229303,0.07602977,-0.2466034,-73.8876,-19.39034,-28.4169
46.583307266,7.28973700000001,26.11924,11.90012,0.8911291,0.08339149,-0.2230996,-73.8876,-19.39034,-28.4169
46.593306065,8.45886800000002,22.5581,10.37586,0.8859388,0.07465164,-0.2111239,-72.47094,-17.51537,-32.86691
46.603303909,11.53553,19.23436,8.72964499999998,0.8973752,0.06288258,-0.1943907,-72.47094,-17.51537,-32.86691
46.613302231,15.84286,16.02934,6.473727,0.9058099,0.05552419,-0.1671246,-72.47094,-17.51537,-32.86691
46.623300075,22.30384,12.64625,3.242276,0.9007096,0.04189162,-0.1589764,-72.47094,-17.51537,-32.86691
46.633298874,32.02609,9.73798600000003,0.31568,0.9099706,0.04225882,-0.1388925,-72.47094,-17.51537,-32.86691
46.643296719,41.00994,7.83871000000002,-2.488975,0.9132066,0.07795878,-0.1212,-70.97079,-17.1412,-34.92182
46.653294563,46.60947,5.58332,-4.683922,0.9126398,0.1088119,-0.09392811,-70.97079,-17.1412,-34.92182
46.663292408,49.6246,3.743397,-6.20819099999998,0.916199,0.1268577,-0.09441755,-70.97079,-17.1412,-34.92182
46.673291206,49.19387,3.387283,-6.63498599999997,0.9187446,0.1475105,-0.07336996,-70.97079,-17.1412,-34.92182
46.683289051,45.748,3.446635,-6.63498599999997,0.9381531,0.1524649,-0.05186915,-70.97079,-17.1412,-34.92182
46.693287373,39.77928,3.624692,-6.20819099999998,0.9415433,0.1542309,-0.02555383,-70.57864,-17.90236,-35.30199
46.703285217,30.5493,3.268578,-5.415571,0.9538055,0.1501787,-0.01695979,-70.57864,-17.90236,-35.30199
46.713284016,21.44238,1.666064,-4.50101,0.9851711,0.114922,-0.00791245,-70.57864,-17.90236,-35.30199
46.72328186,13.13539,0.4196641,-3.525478,1.022021,0.07290474,-0.006051564,-70.57864,-17.90236,-35.30199
46.733279705,7.10513699999998,-0.3519166,-2.610917,1.048204,0.05403263,-0.0008280125,-70.57864,-17.90236,-35.30199
46.74327755,1.567146,-0.2332119,-1.330531,1.062223,0.06021547,0.00728175,-69.79602,-19.42143,-35.67532
46.753276348,-7.10903899999999,-0.05515479,0.620533899999998,1.063753,0.08265604,0.01349479,-69.79602,-19.42143,-35.67532
46.763274193,-17.26202,-0.589326100000003,2.69354,1.083476,0.07044632,0.01729216,-69.79602,-19.42143,-35.67532
46.773272514,-23.29228,-0.05515479,4.33975,1.099113,0.0420189,0.01009358,-69.79602,-19.42143,-35.67532
46.783270359,-26.24587,0.894483100000001,5.742078,1.094977,0.02888257,0.01728282,-69.79602,-19.42143,-35.67532
46.793269157,-27.72267,1.369302,6.22984400000002,1.099715,0.03638374,0.03019418,-69.39571,-20.5635,-36.11795
46.803267002,-27.10734,1.725416,6.10790299999999,1.122771,0.02800896,0.0210632,-69.39571,-20.5635,-36.11795
46.813264847,-24.89214,2.200235,6.04693200000002,1.152602,0.02224161,0.01670549,-69.39571,-20.5635,-36.11795
46.823263168,-21.81548,2.378292,5.742078,1.190821,0.01074728,0.005634578,-69.39571,-20.5635,-36.11795
46.83326149,-16.40056,2.793759,5.620136,1.220301,-0.002342441,-0.001592084,-69.39571,-20.5635,-36.11795
46.843259811,-10.43183,4.455625,5.437224,1.216805,0.001847924,-0.01403005,-69.42179,-19.05243,-37.35157
46.853257656,-4.401577,6.29554899999997,5.315282,1.21073,0.0138238,-0.01976545,-69.42179,-19.05243,-37.35157
46.863255501,-0.7711166,8.72899499999998,5.498195,1.230135,0.04429607,-0.02411431,-69.42179,-19.05243,-37.35157
46.873254299,-0.3403839,10.68762,6.22984400000002,1.215928,0.07409114,-0.02984013,-69.42179,-19.05243,-37.35157
46.883252144,-1.694115,11.28115,6.16887299999999,1.221984,0.06305167,-0.02793354,-69.42179,-19.05243,-37.35157
46.893249989,-3.540112,11.75597,5.437224,1.22913,0.02000109,-0.02171342,-68.30991,-18.28982,-38.12128
46.90324831,-0.0942510000000003,11.99338,4.400721,1.22914,-0.03098655,0.03525024,-68.30991,-18.28982,-38.12128
46.913246632,6.79747099999997,11.69661,2.449656,1.177986,-0.03145423,0.04156103,-68.30991,-18.28982,-38.12128
46.923244953,13.99686,9.61928199999999,0.864416900000002,1.138155,-0.01158599,0.06842561,-68.30991,-18.28982,-38.12128
46.933242798,17.07352,7.89806300000001,0.1937385,1.112553,0.002539085,0.07420951,-68.30991,-18.28982,-38.12128
46.943240643,16.21206,6.29554899999997,0.2547093,1.083348,0.001082304,0.0843109,-67.94106,-17.91046,-38.57204
46.953239441,14.05839,5.82073000000003,0.864416900000002,1.065516,0.0169152,0.1006095,-67.94106,-17.91046,-38.57204
46.963237286,9.68953300000002,4.455625,1.90092,1.022101,0.01952046,0.1073846,-67.94106,-17.91046,-38.57204
46.97323513,3.105477,2.734407,2.75451,0.9954935,0.009289093,0.1088693,-67.94106,-17.91046,-38.57204
46.983233929,-4.401577,1.844121,3.54713,0.9749306,-0.01076443,0.1390606,-67.94106,-17.91046,-38.57204
46.993231773,-9.20116899999999,1.30995,4.217809,0.9673039,-0.04521957,0.1606187,-66.44826,-17.52213,-38.94994
47.003230095,-10.24723,0.953835399999999,5.315282,0.9175568,-0.06916012,0.14779,-66.44826,-17.52213,-38.94994
47.01322794,-10.49337,1.30995,5.98596099999998,0.8556742,-0.06946349,0.1421551,-66.44826,-17.52213,-38.94994
47.023225784,-10.3703,1.488007,6.83955100000002,0.8116402,-0.06021203,0.1331365,-66.44826,-17.52213,-38.94994
47.033224583,-11.53943,2.55635,7.81508400000003,0.7900956,-0.05488096,0.1250369,-66.44826,-17.52213,-38.94994
47.043222427,-13.81616,4.099511,8.30284999999999,0.7854279,-0.0399397,0.1216912,-65.68305,-18.27721,-38.94032
47.053220749,-15.53909,5.58332,8.79061600000001,0.771795,-0.0407871,0.1116651,-65.68305,-18.27721,-38.94032
47.06321907,-17.69275,6.473606,9.217411,0.7424023,-0.05832751,0.1169852,-65.68305,-18.27721,-38.94032
47.073217392,-18.12349,6.71101499999999,9.09546899999999,0.7596079,-0.0918368,0.1351497,-65.68305,-18.27721,-38.94032
47.083215237,-13.8777,6.35490099999999,8.54673300000003,0.7519385,-0.1509583,0.1165138,-65.32037,-17.52077,-39.78011
47.093213081,-7.10903899999999,5.702025,8.60770299999997,0.7154257,-0.1525902,0.1232779,-65.32037,-17.52077,-39.78011
47.10321188,-1.940248,5.523968,8.24187900000002,0.6935824,-0.1047381,0.1424467,-65.32037,-17.52077,-39.78011
47.113209724,0.02881546,4.57433,8.30284999999999,0.6758811,-0.0707307,0.1266758,-65.32037,-17.52077,-39.78011
47.123207569,-2.186381,4.277568,9.46129399999998,0.6642585,-0.04859387,0.1281261,-65.32037,-17.52077,-39.78011
47.133205891,-7.35517199999998,4.752387,10.43683,0.6744196,-0.04435205,0.1448575,-64.96582,-16.38343,-40.55741
47.143204212,-11.90863,4.989797,11.41236,0.7045422,-0.06567254,0.1395461,-64.96582,-16.38343,-40.55741
47.153202534,-15.29296,5.76137699999998,12.50983,0.7110414,-0.07421213,0.1481514,-64.96582,-16.38343,-40.55741
47.163200378,-18.36962,5.108501,13.42439,0.6867798,-0.05382669,0.1448384,-64.96582,-16.38343,-40.55741
47.173198223,-27.10734,4.218216,15.0706,0.709898,-0.01281308,0.1691949,-64.96582,-16.38343,-40.55741
47.183197022,-39.90625,4.099511,17.20458,0.768827,-0.01045323,0.1934989,-63.85366,-15.62136,-41.39163
47.193194866,-51.78217,4.57433,19.94827,0.8152848,-0.04566172,0.1752411,-63.85366,-15.62136,-41.39163
47.203192711,-60.0276200000001,4.455625,22.38709,0.8073435,-0.1165696,0.1436872,-63.85366,-15.62136,-41.39163
47.213191032,-62.7966199999999,5.286559,23.85039,0.8229252,-0.1420869,0.1360094,-63.85366,-15.62136,-41.39163
47.223189354,-64.0272800000003,6.88907200000001,25.13078,0.8575285,-0.1159456,0.1565211,-63.85366,-15.62136,-41.39163
47.233187676,-65.1964100000002,9.08511,25.86243,0.8704327,-0.1018431,0.1828167,-63.5067,-14.10421,-42.23547
47.24318552,-62.8581499999998,9.20381500000001,25.37466,0.8417525,-0.1316013,0.1790457,-63.5067,-14.10421,-42.23547
47.253183365,-55.78183,9.20381500000001,23.05777,0.857303,-0.1557797,0.1584461,-63.5067,-14.10421,-42.23547
47.263182163,-45.32118,9.61928199999999,20.86283,0.8964834,-0.1140638,0.1717671,-63.5067,-14.10421,-42.23547
47.273180008,-38.98325,10.03475,19.52147,0.9004303,-0.03934379,0.1506837,-63.5067,-14.10421,-42.23547
47.28317833,-41.38305,9.85669000000001,20.31409,0.9078197,-0.01790409,0.1410938,-63.20969,-9.934372,-44.2545
47.293176174,-48.33631,9.61928199999999,22.26515,0.9280458,-0.005496313,0.1257409,-63.20969,-9.934372,-44.2545
47.303174973,-56.45869,9.67863400000001,23.60651,0.8899388,-0.0005143951,0.1152773,-63.20969,-9.934372,-44.2545
47.313172817,-68.3346099999999,9.73798600000003,25.37466,0.8466198,0.02301017,0.1244397,-63.20969,-9.934372,-44.2545
47.323170662,-81.4411800000003,9.67863400000001,26.71602,0.8286709,-0.00761319,0.1091645,-63.20969,-9.934372,-44.2545
47.333168507,-90.3019699999998,8.90705299999997,27.26476,0.7969679,-0.03285245,0.07476877,-63.25806,-7.345626,-45.49387
47.343167305,-97.9936200000002,8.254177,27.93543,0.8496838,-0.01280753,0.02729268,-63.25806,-7.345626,-45.49387
47.35316515,-104.3315,7.48259600000002,28.97194,0.833058,0.015131,-0.01671452,-63.25806,-7.345626,-45.49387
47.363163471,-111.7155,6.05813900000001,29.03291,0.8068893,0.03137096,-0.09707386,-63.25806,-7.345626,-45.49387
47.373161316,-118.6688,4.158864,27.56961,0.8178865,0.06774874,-0.1282098,-63.25806,-7.345626,-45.49387
47.383160114,-124.8221,0.3009594,25.98437,0.7925085,0.1208754,-0.1621582,-62.59926,-2.782815,-46.35114
47.393157959,-131.4677,-5.634277,23.85039,0.8077049,0.08851136,-0.2267841,-62.59926,-2.782815,-46.35114
47.403155804,-128.5141,-13.52814,20.31409,0.7546672,0.03024769,-0.3190418,-62.59926,-2.782815,-46.35114
47.413153648,-119.961,-22.19359,13.97313,0.7140306,0.03918026,-0.3701809,-62.59926,-2.782815,-46.35114
47.423152447,-129.6217,-15.01195,11.47333,1.329749,-0.2102577,0.6180267,-62.59926,-2.782815,-46.35114
47.433150292,-130.7908,5.58332,14.58284,2.071511,0.08846801,1.389557,-62.72506,3.302876,-46.38359
47.443148613,-138.7286,26.00053,23.66748,2.080535,-0.3514323,0.9326144,-62.72506,3.302876,-46.38359
47.453146458,-118.7303,18.34408,24.76495,1.607009,-0.5792965,0.3683002,-62.72506,3.302876,-46.38359
47.463145256,-86.6099800000001,-4.862697,3.791013,1.640446,-0.2935001,-0.01517109,-62.72506,3.302876,-46.38359
47.473143101,-52.5821,-22.37165,-11.20779,1.927958,-0.2692715,-0.05970754,-62.72506,3.302876,-46.38359
47.483140946,-18.73882,-29.85004,-15.04895,1.64271,-0.1559304,-0.06785383,-63.23516,9.769382,-46.03385
47.493139267,16.45819,-33.23313,-20.84118,1.122453,-0.2237217,-0.350725,-63.23516,9.769382,-46.03385
47.503137589,37.56408,-39.76189,-25.47495,0.7774822,-0.2802719,-0.4745388,-63.23516,9.769382,-46.03385
47.51313591,44.94807,-42.31404,-26.2066,0.8718365,-0.2441725,-0.4507838,-63.23516,9.769382,-46.03385
47.523133755,30.7339,-36.79427,-19.37788,1.130802,-0.09629613,-0.3038719,-63.23516,9.769382,-46.03385
47.5331316,6.85900399999999,-29.19717,-14.86604,1.070298,0.03756516,-0.3076296,-62.20644,13.97917,-43.9838
47.543130398,-20.89248,-26.82307,-11.63459,1.011329,-0.1176083,-0.3036582,-62.20644,13.97917,-43.9838
47.553128243,-26.06128,-24.15222,-9.378671,1.148641,-0.2906552,-0.1813375,-62.20644,13.97917,-43.9838
47.563126087,-3.355512,-19.28532,-9.13478800000001,1.091055,-0.3620342,-0.104168,-62.20644,13.97917,-43.9838
47.573124409,22.73458,-16.25835,-11.51265,0.9900516,-0.2226846,-0.004962569,-62.20644,13.97917,-43.9838
47.58312273,28.27257,-18.63245,-12.91498,0.9580362,-0.0994011,0.04818344,-64.05408,12.45403,-42.76409
47.593121052,18.61185,-23.7961,-11.32973,0.9804719,-0.1003718,0.05293034,-64.05408,12.45403,-42.76409
47.603118897,5.87447300000001,-27.35724,-9.68352500000001,1.028708,-0.2023848,0.1117374,-64.05408,12.45403,-42.76409
47.613116741,2.490145,-28.12883,-11.02488,0.989963,-0.2923618,0.1338426,-64.05408,12.45403,-42.76409
47.623115539,5.689873,-29.37523,-12.36624,0.9434021,-0.3560076,0.129633,-64.05408,12.45403,-42.76409
47.633113384,9.25880099999997,-29.79069,-13.09789,0.9547259,-0.3099913,0.1420444,-64.7738,10.93025,-42.37454
47.643111229,10.61253,-30.62162,-13.95148,0.9645699,-0.2894487,0.1353218,-64.7738,10.93025,-42.37454
47.65310955,11.04326,-30.32486,-14.37827,0.9655575,-0.2649138,0.1061207,-64.7738,10.93025,-42.37454
47.663107872,7.90506900000002,-28.84105,-14.62216,0.9596208,-0.2081145,0.1128164,-64.7738,10.93025,-42.37454
47.673106193,5.87447300000001,-30.91838,-15.04895,0.8835772,-0.1849157,-0.05503717,-66.27393,10.55608,-40.31963
47.683104038,2.736278,-34.89499,-13.2808,0.9839878,-0.1870255,-0.07770474,-66.27393,10.55608,-40.31963
47.693101883,4.213075,-33.70795,-12.91498,1.057573,-0.1084289,-0.03813144,-66.27393,10.55608,-40.31963
47.703100681,6.73593800000001,-32.46155,-11.93944,0.9651382,-0.06536083,-0.07052457,-66.27393,10.55608,-40.31963
47.713098526,3.720809,-32.87701,-10.53712,0.9678369,-0.000974611,-0.04996708,-66.27393,10.55608,-40.31963
47.723096847,-1.694115,-32.40219,-9.68352500000001,1.013053,-0.04707723,-0.0347196,-66.63411,9.429635,-38.25231
47.733094692,-3.478579,-33.23313,-8.70799300000002,0.9924001,-0.08942978,-0.05142285,-66.63411,9.429635,-38.25231
47.743093491,-4.770776,-34.24212,-8.03731400000003,0.9806955,-0.1413857,-0.07483929,-66.63411,9.429635,-38.25231
47.753091335,-7.35517199999998,-34.30147,-7.73246000000002,1.010946,-0.1423283,-0.03086279,-66.63411,9.429635,-38.25231
47.76308918,-6.24757399999999,-33.52989,-7.54954800000001,0.9781141,-0.1593026,-0.06238721,-66.63411,9.429635,-38.25231
47.773087025,-3.724712,-34.53888,-7.00081100000001,0.9662919,-0.2049129,-0.08245505,-67.37324,8.67365,-37.02831
47.783085823,2.674744,-34.53888,-7.54954800000001,0.9857647,-0.2041168,-0.09062499,-67.37324,8.67365,-37.02831
47.793083668,8.82806800000001,-34.12341,-7.366636,0.990185,-0.1539205,-0.08442413,-67.37324,8.67365,-37.02831
47.803081989,9.62799900000003,-32.81766,-7.06178199999999,1.000831,-0.1233318,-0.05717174,-67.37324,8.67365,-37.02831
47.813080311,8.397335,-30.44357,-6.08625000000001,1.008672,-0.1511948,-0.03899234,-67.37324,8.67365,-37.02831
47.823078632,8.82806800000001,-27.4166,-4.683922,1.014158,-0.1563474,0.02321431,-68.13146,8.684915,-35.03436
47.833076477,6.98206999999997,-22.72776,-3.464507,0.9893524,-0.1828625,0.09983656,-68.13146,8.684915,-35.03436
47.843074322,8.397335,-19.16662,-2.976741,0.9515995,-0.1712371,0.07118481,-68.13146,8.684915,-35.03436
47.85307312,8.52040099999998,-20.47237,-2.610917,0.900692,-0.1871379,-0.01630177,-68.13146,8.684915,-35.03436
47.863070965,4.705341,-22.96517,-3.525478,0.9752172,-0.1329118,0.01322606,-68.13146,8.684915,-35.03436
47.873068809,0.890280700000001,-27.59465,-2.8548,0.9579387,-0.2842727,-0.2929935,-69.2532,8.306472,-33.81517
47.883067131,15.59672,-40.53347,-1.26956,1.015871,-0.3346871,-0.3514678,-69.2532,8.306472,-33.81517
47.893065453,19.04258,-37.68456,-9.50061200000003,1.113547,0.1539557,-0.05552533,-69.2532,8.306472,-33.81517
47.903063774,5.751406,-40.17735,-7.42760699999997,0.9782857,0.1406828,-0.1514799,-69.2532,8.306472,-33.81517
47.913061619,-5.816842,-42.78886,-4.927805,0.9807,0.08877766,-0.1998069,-69.2532,8.306472,-33.81517
47.923059463,-14.30843,-43.14497,-4.318098,1.006382,-0.03697487,-0.3496136,-69.99232,7.550488,-32.59117
47.933058262,-6.370641,-42.78886,-3.952273,1.013111,-0.1353082,-0.3299784,-69.99232,7.550488,-32.59117
47.943056107,4.274609,-40.88958,-3.952273,1.025819,-0.1631935,-0.324729,-69.99232,7.550488,-32.59117
47.953054428,9.56646600000001,-37.92197,-3.586449,0.9964678,-0.07918888,-0.3213495,-69.99232,7.550488,-32.59117
47.963052273,4.951474,-36.3788,-2.732858,0.9703375,-0.01122684,-0.3256286,-69.99232,7.550488,-32.59117
47.973051071,-6.06297400000002,-35.19176,-1.574414,0.9895671,0.002781377,-0.3232729,-70.75422,7.568834,-29.75871
47.983048916,-14.86223,-32.6396,0.1937385,1.013686,-0.03536301,-0.2955477,-70.75422,7.568834,-29.75871
47.993046761,-14.67763,-29.9094,1.1083,1.005959,-0.09089108,-0.293127,-70.75422,7.568834,-29.75871
48.003044605,-11.1087,-28.72235,1.352183,1.013584,-0.08060052,-0.2471997,-70.75422,7.568834,-29.75871
48.013043404,-6.80137299999998,-28.663,0.864416900000002,1.009144,-0.07627434,-0.1897639,-70.75422,7.568834,-29.75871
48.023041248,-4.64771,-28.24753,0.925387699999998,0.9988947,-0.07478214,-0.1639033,-71.13012,7.2031,-27.69546
48.03303957,-8.64737,-29.07846,1.718008,0.9995866,-0.05969112,-0.1624727,-71.13012,7.2031,-27.69546
48.043037415,-14.98529,-29.61263,2.327715,0.9860412,-0.1439837,-0.2107635,-71.13012,7.2031,-27.69546
48.053036213,-17.87736,-29.67199,2.388686,1.009096,-0.2293074,-0.1854172,-71.13012,7.2031,-27.69546
48.063034058,-12.89316,-28.42559,1.718008,1.056742,-0.3011871,-0.1778246,-71.13012,7.2031,-27.69546
48.073031902,-1.201849,-26.11085,1.90092,1.05212,-0.2894588,-0.2137127,-72.27712,7.968995,-26.09535
48.083029747,1.321013,-24.98315,2.144803,0.9764965,-0.129323,-0.2342009,-72.27712,7.968995,-26.09535
48.093028545,-5.87837500000002,-25.22056,2.144803,0.9859238,-0.008640816,-0.2361627,-72.27712,7.968995,-26.09535
48.10302639,-15.78522,-25.75473,2.876452,0.9864426,0.01491739,-0.2648843,-72.27712,7.968995,-26.09535
48.113024712,-20.52328,-26.88243,3.059364,1.004557,-0.01599606,-0.2835723,-72.27712,7.968995,-26.09535
48.123022556,-19.41569,-26.82307,2.998394,1.0194,-0.05344833,-0.2663598,-72.65106,7.599446,-24.48359
48.133021355,-16.40056,-28.06947,3.120335,1.029577,-0.049486,-0.2271353,-72.65106,7.599446,-24.48359
48.143019199,-15.23143,-28.42559,3.059364,1.013803,-0.06582493,-0.2261465,-72.65106,7.599446,-24.48359
48.153017044,-16.40056,-27.95077,4.33975,1.029278,-0.08697175,-0.2869472,-72.65106,7.599446,-24.48359
48.163015366,-21.69242,-27.23854,5.681107,1.001852,-0.05418104,-0.3084438,-72.65106,7.599446,-24.48359
48.173013687,-29.01487,-27.5353,6.22984400000002,0.9780343,-0.03126939,-0.3021866,-73.04269,7.994423,-22.42439
48.183012009,-32.33767,-27.17919,6.83955100000002,0.9951422,-0.03447772,-0.3180087,-73.04269,7.994423,-22.42439
48.193009853,-32.953,-27.47595,6.83955100000002,0.980596,-0.01242496,-0.3194247,-73.04269,7.994423,-22.42439
48.203008652,-32.64533,-27.4166,6.59566799999998,0.9852982,-0.003729863,-0.3352281,-73.04269,7.994423,-22.42439
48.213006496,-33.19913,-27.47595,6.35178600000003,0.9876711,-0.02665821,-0.3500622,-73.45174,9.153382,-19.98224
48.223004341,-33.5068,-27.65401,6.16887299999999,0.9891665,-0.05429224,-0.3462291,-73.45174,9.153382,-19.98224
48.233002186,-34.49133,-26.64502,6.29081499999999,0.99968,-0.1452651,-0.273959,-73.45174,9.153382,-19.98224
48.243000984,-29.69173,-25.93279,7.022464,1.003928,-0.2427467,-0.3150989,-73.45174,9.153382,-19.98224
48.252998829,-25.13828,-22.90582,7.44925899999998,0.9928816,-0.2775853,-0.3279922,-73.45174,9.153382,-19.98224
48.26299715,-23.66148,-22.78711,7.69314200000002,0.9509063,-0.1699838,-0.3207681,-73.46863,9.551171,-17.92026
48.272994995,-26.92274,-22.60905,7.08343500000003,0.956644,-0.1391079,-0.3576364,-73.46863,9.551171,-17.92026
48.282993794,-30.61473,-21.89683,7.754113,0.9225665,-0.06376475,-0.3877467,-73.46863,9.551171,-17.92026
48.292991638,-37.38339,-21.48136,8.668674,0.927584,-0.01937037,-0.3796311,-73.46863,9.551171,-17.92026
48.302989483,-42.73678,-20.47237,9.88808900000002,0.9516904,-0.1092003,-0.3710356,-73.46863,9.551171,-17.92026
48.312987328,-38.30639,-18.51374,10.37586,0.9626822,-0.1755659,-0.3719948,-74.24706,10.69697,-16.7064
48.322986126,-34.67593,-17.92022,10.31489,0.9632815,-0.1284738,-0.3251075,-74.24706,10.69697,-16.7064
48.332983971,-31.78387,-17.14864,9.82711900000002,0.9626387,-0.1723002,-0.3337095,-74.24706,10.69697,-16.7064
48.342982292,-25.13828,-15.72418,9.27838200000003,0.9798627,-0.1819068,-0.358623,-74.24706,10.69697,-16.7064
48.352980137,-21.50782,-14.9526,9.46129399999998,0.9815295,-0.08906779,-0.359607,-74.24706,10.69697,-16.7064
48.362978935,-23.66148,-13.76555,10.25391,0.9582294,-0.06906253,-0.4064719,-74.26984,11.4713,-15.09795
48.37297678,-30.3686,-13.58749,12.20498,0.9569653,-0.001410028,-0.3921299,-74.26984,11.4713,-15.09795
48.382974625,-39.96778,-13.7062,12.14401,0.9653944,-0.00740626,-0.322271,-74.26984,11.4713,-15.09795
48.392972946,-42.61372,-13.40944,12.02207,1.017954,-0.1330187,-0.3027086,-74.26984,11.4713,-15.09795
48.402971268,-36.52193,-12.75656,11.77818,1.036626,-0.1919601,-0.2524755,-74.26984,11.4713,-15.09795
48.412969589,-27.29194,-10.97599,11.04653,1.074393,-0.3103583,-0.3152043,-73.5493,12.62834,-13.87297
48.422967434,-16.76976,-8.48319099999998,12.75372,1.077511,-0.2170354,-0.319541,-73.5493,12.62834,-13.87297
48.432965279,-18.61575,-8.95800999999999,12.5708,1.070946,-0.101047,-0.3219523,-73.5493,12.62834,-13.87297
48.442964077,-30.24553,-8.542543,13.24148,1.132981,0.07428705,-0.2536692,-73.5493,12.62834,-13.87297
48.452961922,-46.55184,-7.47420100000002,14.58284,1.155517,0.06642647,-0.3116141,-73.5493,12.62834,-13.87297
48.462959766,-54.73576,-5.278163,16.04613,1.068404,0.03226821,-0.4042972,-73.58611,14.16012,-12.65557
48.472958088,-60.1506900000001,-2.547954,15.68031,1.036205,0.08522066,-0.4425408,-73.58611,14.16012,-12.65557
48.48295641,-65.3810100000001,2.437645,14.09507,0.998036,0.06570593,-0.5276558,-73.58611,14.16012,-12.65557
48.492954731,-65.2579400000001,7.95741500000002,13.05857,0.9777684,-0.02339027,-0.555355,-73.58611,14.16012,-12.65557
48.502952576,-62.4274200000001,13.47719,12.26595,0.9720361,-0.08128671,-0.5505443,-73.58611,14.16012,-12.65557
48.512951374,-56.58176,19.23436,11.22945,0.9577087,-0.1221827,-0.5280157,-73.23246,14.93399,-11.43134
48.522949219,-54.92036,23.8045,11.59527,0.9705412,-0.1290243,-0.453857,-73.23246,14.93399,-11.43134
48.532947064,-54.9819,26.83147,12.69274,0.9674694,-0.09268139,-0.3524029,-73.23246,14.93399,-11.43134
48.542944908,-56.88943,27.72175,12.26595,0.9443314,-0.07917248,-0.3131228,-73.23246,14.93399,-11.43134
48.552943707,-58.5508200000002,26.95017,12.20498,0.9035975,-0.06325785,-0.29152,-73.23246,14.93399,-11.43134
48.562941551,-58.8584900000002,25.76312,11.47333,0.8626437,-0.08777723,-0.280435,-72.5029,16.0736,-12.27037
48.572939873,-56.82789,24.45737,10.80265,0.8166926,-0.1063106,-0.2947074,-72.5029,16.0736,-12.27037
48.582937718,-53.99736,22.38004,9.70517700000002,0.7612274,-0.1379558,-0.3405459,-72.5029,16.0736,-12.27037
48.592936516,-52.82823,19.82789,9.09546899999999,0.7382911,-0.2151186,-0.3859507,-72.5029,16.0736,-12.27037
48.602934361,-48.09017,16.3261,9.76614900000002,0.725291,-0.2757988,-0.4040983,-72.5029,16.0736,-12.27037
48.612932205,-40.21392,14.36747,10.37586,0.6860743,-0.2906932,-0.4600196,-72.5248,17.2114,-12.66345
48.622930527,-33.62986,10.62827,11.5343,0.6123271,-0.2827911,-0.4991363,-72.5248,17.2114,-12.66345
48.632928848,-30.12247,5.88008199999999,12.69274,0.5780469,-0.2737539,-0.4995574,-72.5248,17.2114,-12.66345
48.64292717,-30.30707,0.3603118,14.70478,0.5590864,-0.2496516,-0.4799089,-72.5248,17.2114,-12.66345
48.652925014,-31.78387,-4.684639,14.94866,0.5569798,-0.2158835,-0.5024071,-72.5248,17.2114,-12.66345
48.662922859,-34.799,-12.75656,14.76575,0.577889,-0.1855682,-0.4210933,-71.42584,18.36417,-12.27419
48.672921657,-32.5838,-19.9382,13.36342,0.6795551,-0.07068859,-0.3538209,-71.42584,18.36417,-12.27419
48.682919502,-32.09153,-26.40761,10.98556,0.7760165,0.08628958,-0.3478081,-71.42584,18.36417,-12.27419
48.692917347,-37.07573,-28.95976,9.40032399999997,0.8225257,0.1793585,-0.3144127,-71.42584,18.36417,-12.27419
48.702915668,-35.29126,-30.50292,12.02207,0.8345391,0.004979553,-0.3852181,-71.42584,18.36417,-12.27419
48.71291399,-21.69242,-32.93637,12.32692,0.888457,-0.01275434,-0.4216793,-71.08005,19.5184,-11.05199
48.722912311,-23.47688,-33.35183,13.30245,0.8648892,0.04919987,-0.3977253,-71.08005,19.5184,-11.05199
48.732910156,-33.876,-36.49751,16.59487,0.8336803,-0.05274164,-0.3718016,-71.08005,19.5184,-11.05199
48.742908001,-36.58346,-39.64318,18.11914,0.8483081,-0.1568862,-0.3670145,-71.08005,19.5184,-11.05199
48.752906799,-39.90625,-43.32303,18.85079,0.8389646,-0.1528947,-0.3885351,-71.08005,19.5184,-11.05199
48.762904644,-44.58278,-47.41834,19.21662,0.8378406,-0.1437182,-0.3392422,-71.48124,20.297,-8.607819
48.772902489,-47.53637,-50.92013,18.48497,0.9039389,-0.1339407,-0.3163883,-71.48124,20.297,-8.607819
48.782901287,-44.52124,-54.65933,18.48497,0.9433749,-0.182753,-0.266194,-71.48124,20.297,-8.607819
48.792899132,-35.96813,-57.6862999999997,17.44846,0.9801893,-0.1714928,-0.2834898,-71.48124,20.297,-8.607819
48.802897453,-30.12247,-59.8229899999999,14.82672,0.9999091,-0.1317332,-0.2825773,-71.90351,21.84667,-4.942192
48.812895298,-23.10768,-61.1880999999999,12.93663,0.973135,-0.1099503,-0.3930873,-71.90351,21.84667,-4.942192
48.822894096,-13.6931,-62.4345,10.071,0.9106219,-0.1039498,-0.4518447,-71.90351,21.84667,-4.942192
48.832891941,-4.278511,-64.0963599999998,8.24187900000002,0.8348193,-0.08940695,-0.4512377,-71.90351,21.84667,-4.942192
48.842889786,-1.201849,-68.9039100000002,8.79061600000001,0.8103087,-0.1057333,-0.3770115,-71.90351,21.84667,-4.942192
48.852888107,-0.894183000000003,-74.4830200000002,9.82711900000002,0.7994065,0.03419544,-0.3559712,-71.1912,22.65441,-0.03866386
48.862886429,-14.92376,-81.6646700000001,11.47333,0.8138543,0.1224373,-0.3028972,-71.1912,22.65441,-0.03866386
48.87288475,-31.72233,-89.9739899999998,13.60731,0.8515472,0.2440946,-0.2594438,-71.1912,22.65441,-0.03866386
48.882882595,-44.58278,-97.8678600000001,11.5343,0.7609736,0.3675578,-0.3784831,-71.1912,22.65441,-0.03866386
48.89288044,-63.8426799999998,-100.242,13.42439,0.6827744,0.06166386,-0.6596708,-71.1912,22.65441,-0.03866386
48.902879238,-63.6580799999999,-107.0675,21.16768,0.5032452,-0.03450341,-0.797163,-71.24277,24.15385,4.855586
48.912877083,-70.7344099999999,-111.2815,30.00844,0.3695691,0.2141228,-0.5280342,-71.24277,24.15385,4.855586
48.922874928,-85.1947100000001,-113.3588,34.82513,0.291845,0.3522899,-0.7141004,-71.24277,24.15385,4.855586
48.932873249,-116.0844,-115.08,36.16648,0.4931054,0.4289118,-0.7412713,-71.24277,24.15385,4.855586
48.942871571,-142.5437,-120.8372,37.08105,1.02956,0.3571963,-0.6038795,-71.24277,24.15385,4.855586
48.952869892,-145.3127,-120.2437,36.3494,1.681545,-0.2114137,-0.5321261,-70.91903,24.98547,12.91685
48.962867737,-125.3144,-117.1574,38.54435,2.120913,-0.5090305,-0.3375563,-70.91903,24.98547,12.91685
48.972865582,-81.6873199999998,-107.8984,34.8861,2.057728,-0.4397909,-0.3345925,-70.91903,24.98547,12.91685
48.98286438,-53.81276,-102.0819,31.95951,1.70266,-0.1931649,-0.4953172,-70.91903,24.98547,12.91685
48.992862225,-46.12111,-101.3103,30.06941,1.494945,0.01759354,-0.6457608,-70.91903,24.98547,12.91685
49.002860069,-56.82789,-96.4434099999998,30.49621,1.422368,0.06751153,-0.662876,-68.37355,26.61593,23.50625
49.012858868,-69.6268000000001,-91.3390999999998,35.61775,1.39637,-0.1096781,-0.8523011,-68.37355,26.61593,23.50625
49.022856712,-66.9193399999999,-85.6412699999998,40.43444,1.392829,-0.2623365,-1.011621,-68.37355,26.61593,23.50625
49.032855034,-56.02796,-80.0028,39.03211,1.273312,-0.2314276,-1.092779,-68.37355,26.61593,23.50625
49.042852879,-48.15171,-72.8805200000001,35.55678,1.072529,-0.102401,-1.162334,-68.37355,26.61593,23.50625
49.052851677,-53.25896,-65.6988799999999,35.25193,0.8629973,0.02856077,-1.107924,-65.77913,26.69119,30.10475
49.062849522,-72.0266000000001,-59.0514099999997,38.8492,0.7266375,0.1317083,-0.9588753,-65.77913,26.69119,30.10475
49.072847366,-95.2246199999999,-53.65034,45.00725,0.6453032,0.0520227,-0.9414842,-65.77913,26.69119,30.10475
49.082845688,-108.8235,-46.11259,53.11636,0.5898745,-0.08259572,-0.8762667,-65.77913,26.69119,30.10475
49.092844009,-111.9617,-35.90398,62.8716899999998,0.5029033,-0.1720711,-0.8014341,-65.77913,26.69119,30.10475
49.102842331,-114.423,-28.36624,76.3462200000003,0.383675,-0.2850337,-0.8337404,-63.91335,26.35541,33.7327
49.112840176,-111.1617,-21.1846,90.7963000000002,0.3882381,-0.2380798,-0.6514229,-63.91335,26.35541,33.7327
49.12283802,-111.654,-8.245782,100.0639,0.4842156,-0.04765445,-0.3353004,-63.91335,26.35541,33.7327
49.132836819,-113.0693,3.56534,105.8561,0.4360503,0.05116893,-0.3711351,-63.91335,26.35541,33.7327
49.142834663,-111.3463,14.90164,114.8797,0.411559,0.005943338,-0.3749094,-63.91335,26.35541,33.7327
49.152832508,-109.808,29.20556,124.9399,0.4568608,0.08456709,-0.3774015,-59.79154,25.65669,37.44386
49.16283083,-112.0847,40.77927,132.6832,0.4763967,0.1852842,-0.4056975,-59.79154,25.65669,37.44386
49.172829151,-120.884,51.344,137.0731,0.4874698,0.2699252,-0.4200959,-59.79154,25.65669,37.44386
49.182827473,-135.0366,61.4932499999998,139.329,0.4699515,0.2678142,-0.4535651,-59.79154,25.65669,37.44386
49.192825317,-146.4818,69.1496999999998,140.1826,0.5193233,0.2603497,-0.4201489,-59.79154,25.65669,37.44386
49.202823162,-152.0813,76.0939300000001,139.0242,0.5820048,0.2177788,-0.428383,-56.46603,27.96413,37.45672
49.21282196,-150.6045,82.6226899999998,135.6098,0.6429219,0.1911477,-0.4433182,-56.46603,27.96413,37.45672
49.222819805,-147.7125,87.6676399999999,131.1589,0.7079383,0.1531885,-0.4836222,-56.46603,27.96413,37.45672
49.23281765,-140.5131,92.5938899999999,125.6106,0.7582604,0.06729031,-0.5267597,-56.46603,27.96413,37.45672
49.242816448,-129.3756,96.7485599999997,118.9648,0.7819527,0.02407973,-0.5736903,-56.46603,27.96413,37.45672
49.252814293,-115.6537,98.9445999999999,111.9531,0.7886856,0.02767481,-0.6201248,-55.76035,30.24536,36.67611
49.262812615,-101.3164,99.8348800000002,104.3928,0.7927765,0.04249961,-0.6550719,-55.76035,30.24536,36.67611
49.272810459,-89.4405099999998,99.7161699999998,95.9788100000001,0.7861801,0.08211999,-0.6655992,-55.76035,30.24536,36.67611
49.282809258,-82.1795799999999,99.5974700000002,85.4918400000001,0.7982071,0.1171709,-0.6316503,-55.76035,30.24536,36.67611
49.292807102,-74.9801900000002,98.52913,73.6025400000002,0.8005677,0.0689865,-0.6450421,-55.76035,30.24536,36.67611
49.302804947,-62.7350799999998,98.2323600000002,62.01809,0.7918974,-0.0143159,-0.6488342,-55.40971,31.75543,34.99377
49.312803269,-45.93651,99.0039399999997,51.59209,0.7803004,0.007086432,-0.6215406,-55.40971,31.75543,34.99377
49.32280159,-30.43013,99.7161699999998,41.71482,0.7820417,0.04479275,-0.593796,-55.40971,31.75543,34.99377
49.332799912,-15.47756,100.6065,32.32533,0.7632606,0.03267136,-0.6033316,-55.40971,31.75543,34.99377
49.342797756,-0.832649800000001,102.0309,25.98437,0.801374,0.0007039881,-0.6210971,-54.66605,32.86779,30.92972
49.352795601,14.79679,104.6424,20.80186,0.8315662,0.02744922,-0.6312068,-54.66605,32.86779,30.92972
49.362794399,25.01131,107.4913,16.22905,0.836728,0.089664,-0.6408033,-54.66605,32.86779,30.92972
49.372792244,26.54964,107.7287,14.09507,0.85986,0.1816272,-0.6245957,-54.66605,32.86779,30.92972
49.382790089,21.50391,106.6604,12.81469,0.8814073,0.2540863,-0.612209,-54.66605,32.86779,30.92972
49.39278841,10.05873,103.7521,12.87566,0.9222395,0.2327625,-0.6409892,-56.5444,34.32339,24.78018
49.402786732,3.105477,100.9626,13.48536,0.9516632,0.1440699,-0.6788253,-56.5444,34.32339,24.78018
49.412785053,4.151542,97.5201300000001,14.94866,0.9418444,0.09559228,-0.6979386,-56.5444,34.32339,24.78018
49.422782898,7.41280299999999,93.60288,15.80225,0.9224497,0.1167133,-0.6845102,-56.5444,34.32339,24.78018
49.432781696,7.41280299999999,88.37987,18.24108,0.8987393,0.1865451,-0.6490722,-56.5444,34.32339,24.78018
49.442779541,2.428612,82.9194600000002,21.16768,0.8991202,0.2445419,-0.6313805,-57.65784,35.02446,18.70475
49.452777386,-5.93990799999998,78.5867299999998,24.8869,0.9084443,0.2935484,-0.6065234,-57.65784,35.02446,18.70475
49.462775231,-17.38509,74.3133599999998,29.03291,0.9291732,0.3056908,-0.5989054,-57.65784,35.02446,18.70475
49.472774029,-28.76874,71.4050900000001,33.17892,0.9709425,0.313499,-0.5793586,-57.65784,35.02446,18.70475
49.482771874,-40.02932,69.6838800000002,36.10551,0.9587828,0.3130491,-0.549187,-57.65784,35.02446,18.70475
49.492770195,-49.38237,66.7162599999999,37.56881,0.9431934,0.2878056,-0.5127816,-57.64764,35.36995,14.5747
49.50276804,-52.7667,63.8079900000002,37.14202,0.9436042,0.2403142,-0.4993699,-57.64764,35.36995,14.5747
49.512766838,-51.35143,61.61195,35.98357,0.9224257,0.227021,-0.4725293,-57.64764,35.36995,14.5747
49.522764683,-49.13624,58.70369,33.8496,0.9019515,0.2540836,-0.4447431,-57.64764,35.36995,14.5747
49.532762528,-48.58244,56.98247,31.41077,0.9208955,0.2581929,-0.4084055,-57.64764,35.36995,14.5747
49.542760849,-47.29024,56.50765,28.48417,0.9458329,0.2547113,-0.3648976,-57.28238,36.48659,11.34639
49.552759171,-43.53671,56.56701,25.06981,0.9290377,0.2671324,-0.35195,-57.28238,36.48659,11.34639
49.562757492,-41.75225,57.5760000000003,20.98477,0.9504653,0.2945808,-0.3194512,-57.28238,36.48659,11.34639
49.572755337,-42.67525,58.6443399999999,16.89973,0.9690238,0.3190173,-0.2912539,-57.28238,36.48659,11.34639
49.582753182,-43.84438,59.0598000000002,13.11954,0.9642218,0.2892713,-0.292195,-57.28238,36.48659,11.34639
49.59275198,-43.04445,58.8223999999999,10.01003,0.9510346,0.2645777,-0.3070015,-56.16655,37.24157,9.673662
49.602749825,-42.49065,58.70369,7.63217200000002,0.9585982,0.2768099,-0.3141965,-56.16655,37.24157,9.673662
49.612747669,-44.70584,59.35657,5.80304899999998,0.9647336,0.2877402,-0.3012884,-56.16655,37.24157,9.673662
49.622746468,-47.72097,59.5346200000002,4.705575,0.9529313,0.2676229,-0.2969555,-56.16655,37.24157,9.673662
49.632744312,-49.75157,59.7126800000001,3.912955,0.9293011,0.2545479,-0.2940395,-56.16655,37.24157,9.673662
49.642742634,-52.15137,59.5346200000002,2.876452,0.924861,0.2316911,-0.2863686,-56.17719,37.99247,8.508601
49.652740478,-51.72063,60.0687899999997,2.022861,0.952829,0.2216187,-0.2792362,-56.17719,37.99247,8.508601
49.662739277,-52.33597,61.0777799999999,0.925387699999998,0.9453087,0.2332994,-0.2610402,-56.17719,37.99247,8.508601
49.672737122,-54.48963,60.6029700000001,0.2547093,0.9918596,0.2196979,-0.2548963,-56.17719,37.99247,8.508601
49.682734966,-57.07402,60.5436099999998,-0.964705900000002,1.035188,0.1964674,-0.2319942,-56.17719,37.99247,8.508601
49.692732811,-56.82789,59.9500900000002,-2.367033,1.016387,0.1603819,-0.2051519,-55.77181,36.8406,6.904958
49.702731609,-55.78183,58.70369,-3.586449,1.009518,0.1625751,-0.2161478,-55.77181,36.8406,6.904958
49.712729454,-54.18196,55.55801,-4.257127,1.051563,0.1543123,-0.2540264,-55.77181,36.8406,6.904958
49.722727776,-55.84336,53.48068,-4.440039,1.089311,0.1681697,-0.255053,-55.77181,36.8406,6.904958
49.73272562,-62.3658799999999,51.40335,-3.586449,1.122798,0.2021912,-0.2206626,-55.77181,36.8406,6.904958
49.742724419,-70.3036699999999,49.86019,-2.976741,1.132455,0.2074519,-0.1977091,-55.76645,36.83025,5.679452
49.752722263,-76.1493299999998,47.12998,-2.671887,1.080247,0.1849557,-0.2067053,-55.76645,36.83025,5.679452
49.762720108,-79.6567200000001,44.10301,-2.367033,1.152387,0.1568472,-0.2479813,-55.76645,36.83025,5.679452
49.77271843,-80.0874600000001,42.97531,-2.91577,1.183692,0.1250831,-0.2288847,-55.76645,36.83025,5.679452
49.782716751,-78.73372,42.26308,-3.525478,1.172782,0.1622114,-0.1838891,-55.76645,36.83025,5.679452
49.792715073,-79.1644499999997,43.39078,-4.744893,1.19542,0.1770054,-0.156175,-56.12994,36.44054,4.904696
49.802712917,-73.1957300000001,45.17135,-6.14722099999998,1.208182,0.1454038,-0.1853822,-56.12994,36.44054,4.904696
49.812711716,-66.6116800000002,49.74148,-6.695957,1.217345,0.09837388,-0.1935219,-56.12994,36.44054,4.904696
49.82270956,-58.3046899999999,54.60838,-7.54954800000001,1.254085,0.1142297,-0.1864113,-56.12994,36.44054,4.904696
49.832707405,-51.90524,62.3835300000001,-7.67149000000001,1.282696,0.1480057,-0.168284,-56.12994,36.44054,4.904696
49.84270525,-52.88977,70.4554599999998,-5.84236700000003,1.300951,0.2148053,-0.130047,-56.86539,35.67747,5.290193
49.852704048,-62.48895,76.3313400000001,-3.464507,1.321373,0.2435733,-0.1104684,-56.86539,35.67747,5.290193
49.862701893,-75.1647900000001,79.9518399999998,0.2547093,1.320994,0.1856467,-0.1205029,-56.86539,35.67747,5.290193
49.872700214,-89.74817,82.4446299999998,4.400721,1.320983,0.161188,-0.08508193,-56.86539,35.67747,5.290193
49.882698059,-104.7007,80.9608200000003,7.754113,1.268789,0.1383815,-0.07493498,-57.22691,35.28395,4.063934
49.892696857,-119.5918,78.3493199999998,11.22945,1.20641,0.08725503,-0.05758434,-57.22691,35.28395,4.063934
49.902694702,-129.3756,73.8385399999998,13.60731,1.099371,0.05184183,-0.08514602,-57.22691,35.28395,4.063934
49.912692547,-138.4825,68.5561800000002,15.25352,0.995675,0.02210416,-0.03087851,-57.22691,35.28395,4.063934
49.922690392,-146.4203,59.5346200000002,15.19255,0.8801162,-0.0001376363,-0.03449994,-57.22691,35.28395,4.063934
49.93268919,-147.6509,50.75047,13.11954,0.7998012,-0.05660512,-0.03099536,-57.96067,34.51762,4.062428
49.942687035,-143.7744,42.32244,10.80265,0.7678632,-0.0683733,-0.02662947,-57.96067,34.51762,4.062428
49.952685356,-138.6056,34.84404,9.15644099999999,0.7824975,-0.04332308,-0.02905431,-57.96067,34.51762,4.062428
49.962683678,-132.8214,27.89981,8.48576300000002,0.7138336,-0.02000631,-0.04090501,-57.96067,34.51762,4.062428
49.972681999,-127.9603,21.25234,7.51023000000002,0.6456509,-0.02173845,-0.02977846,-57.96067,34.51762,4.062428
49.982679844,-117.192,16.38545,4.644604,0.6406638,-0.06749795,-0.02784368,-58.69979,33.76163,5.286429
49.992677689,-98.4243499999999,13.23978,1.291212,0.5876046,-0.09616156,-0.01865086,-58.69979,33.76163,5.286429
50.002676487,-77.0108000000001,10.2128,-2.184121,0.5422422,-0.06793639,-0.02240765,-58.69979,33.76163,5.286429
50.012674332,-59.9045500000001,9.08511,-6.08625000000001,0.5270666,-0.03800256,-0.01090308,-58.69979,33.76163,5.286429
50.022672653,-47.47484,8.66964300000001,-8.46410900000001,0.5091726,0.03335366,0.01926003,-58.69979,33.76163,5.286429
50.032670498,-45.50578,7.12648200000003,-9.31770000000002,0.4922552,0.1040327,0.02644997,-58.32791,33.40479,7.742249
50.042669296,-50.79763,5.108501,-8.28119799999998,0.4582103,0.127566,0.0695751,-58.32791,33.40479,7.742249
50.052667141,-58.7354200000001,2.55635,-8.829934,0.5068737,0.05396876,0.09965951,-58.32791,33.40479,7.742249
50.062664986,-54.73576,0.4196641,-11.63459,0.5580248,-0.04899021,0.1019897,-58.32791,33.40479,7.742249
50.07266283,-47.10564,-1.123497,-13.76857,0.5610408,0.05039446,0.1230162,-58.32791,33.40479,7.742249
50.082661629,-52.3975,-3.735002,-14.37827,0.5927899,0.1773368,0.1727001,-59.43532,32.26836,9.287999
50.092659473,-66.1194099999998,-5.396868,-12.91498,0.581518,0.2324325,0.1640912,-59.43532,32.26836,9.287999
50.102657795,-77.5030600000002,-5.515573,-12.42721,0.6267596,0.1319785,0.1343665,-59.43532,32.26836,9.287999
50.112656117,-80.0874600000001,-4.625287,-11.39071,0.6223303,0.05585601,0.1095079,-59.43532,32.26836,9.287999
50.122654438,-73.7495299999998,-1.895078,-11.87847,0.6706536,0.07785536,0.1256895,-59.43532,32.26836,9.287999
50.132652283,-66.0578799999999,0.4196641,-13.82954,0.6490288,0.08762413,0.1247676,-60.17613,31.51565,10.899
50.142650127,-56.95096,1.962826,-16.14643,0.7005916,0.03977235,0.0945397,-60.17613,31.51565,10.899
50.152648926,-46.05958,2.496997,-18.7072,0.6716933,0.07298044,0.06873842,-60.17613,31.51565,10.899
50.162646771,-42.92138,0.953835399999999,-20.04856,0.7176492,0.06371338,0.01888878,-60.17613,31.51565,10.899
50.172644615,-41.07539,-0.708030899999999,-20.71923,0.7445483,0.005541451,-0.0237364,-60.17613,31.51565,10.899
50.182642937,-40.46005,-1.242202,-20.7802,0.7468438,0.01277504,-0.03474951,-61.67458,31.13821,12.56692
50.192641258,-44.52124,-4.20982,-20.35341,0.6476473,0.02568983,-0.1082806,-61.67458,31.13821,12.56692
50.20263958,-54.73576,-7.83031500000001,-17.42681,0.6756802,-0.06699225,-0.1542489,-61.67458,31.13821,12.56692
50.212637425,-61.8120800000002,-8.89865800000003,-14.68313,0.766242,-0.1146682,-0.1433873,-61.67458,31.13821,12.56692
50.222635269,-68.7653400000001,-11.3321,-11.87847,0.7007805,-0.1336362,-0.2160119,-61.67458,31.13821,12.56692
50.232634068,-79.04139,-16.43641,-7.06178199999999,0.6138343,-0.1764372,-0.2976857,-62.77073,29.61488,13.34069
50.242631912,-100.7626,-13.11268,1.291212,1.218439,-0.3789234,0.6943578,-62.77073,29.61488,13.34069
50.252630234,-122.4223,-1.360907,24.15525,1.981763,-0.1409144,1.369194,-62.77073,29.61488,13.34069
50.262628555,-153.5581,6.88907200000001,43.60492,2.658481,-0.3675294,1.37573,-62.77073,29.61488,13.34069
50.2726264,-134.2982,-10.02635,49.76297,3.119465,-0.6680428,0.7834833,-62.77073,29.61488,13.34069
50.282624722,-27.16887,-29.31587,24.39913,2.886118,-0.2489691,0.03528927,-65.02402,29.24217,16.22855
50.292622566,74.6070900000002,-27.29789,4.400721,1.758154,-0.3790857,0.2545627,-65.02402,29.24217,16.22855
50.302621365,122.7876,-13.29073,-8.22022599999998,0.7272406,-0.3380021,0.2276347,-65.02402,29.24217,16.22855
50.312619209,141.4937,-5.100106,-10.72003,0.3597183,-0.3412902,-0.1335273,-65.02402,29.24217,16.22855
50.322617054,117.4958,-17.5641,-3.70839,0.4641373,-0.4740325,-1.003726,-65.02402,29.24217,16.22855
50.332615376,71.1612299999997,-42.90756,14.88769,0.930292,-0.1332354,-1.250615,-64.67207,30.01932,17.83978
50.342613697,-6.24757399999999,-55.49026,16.83875,1.806579,-0.002416134,-0.9032942,-64.67207,30.01932,17.83978
50.352612019,-52.5821,-48.42733,18.424,1.400882,-0.197963,-1.003995,-64.67207,30.01932,17.83978
50.362609863,-63.7196099999998,-45.1036,14.94866,1.004833,-0.115916,-0.5821786,-64.67207,30.01932,17.83978
50.372607708,-66.73474,-37.09103,11.9611,1.042882,0.2253232,-0.3344304,-64.67207,30.01932,17.83978
50.382606506,-58.92002,-32.69896,16.29002,1.079457,0.20017,-0.2416439,-65.44514,31.15476,17.82813
50.392604351,-38.12179,-32.46155,19.58244,1.021954,0.3559974,-0.2411052,-65.44514,31.15476,17.82813
50.402602196,-20.33868,-31.57126,17.26555,1.054592,0.383098,-0.2177188,-65.44514,31.15476,17.82813
50.412600994,-13.63156,-27.17919,15.19255,1.134634,0.2497869,-0.09004424,-65.44514,31.15476,17.82813
50.422598839,-14.12383,-21.12525,16.04613,1.031191,-0.0531414,-0.04623548,-65.44514,31.15476,17.82813
50.43259716,-22.92308,-19.58208,18.30205,0.9267019,-0.1454944,-0.03550088,-64.34904,31.94788,20.67043
50.442595005,-45.75191,-21.36266,17.50943,0.9398341,-0.04019265,-0.02693652,-64.34904,31.94788,20.67043
50.452593804,-72.2112,-22.60905,15.86322,1.033619,-0.05101712,0.02123896,-64.34904,31.94788,20.67043
50.462591648,-85.8100399999997,-21.12525,15.92419,1.009674,-0.2031434,0.01701269,-64.34904,31.94788,20.67043
50.472589493,-79.6567200000001,-20.11626,15.37546,0.9852515,-0.2780189,0.01228878,-63.24957,32.73446,22.73873
50.482587814,-61.4428799999998,-20.47237,12.5708,0.9789674,-0.3566497,0.08889216,-63.24957,32.73446,22.73873
50.492586136,-28.64567,-21.06589,8.79061600000001,1.014551,-0.381591,0.1539229,-63.24957,32.73446,22.73873
50.502583981,-0.4019172,-19.9382,6.16887299999999,0.979697,-0.3403736,0.219538,-63.24957,32.73446,22.73873
50.512582302,14.11993,-20.35367,3.973926,0.9483131,-0.2769625,0.2602553,-63.24957,32.73446,22.73873
50.522580624,19.16565,-21.48136,3.425189,0.9115823,-0.2684431,0.2086309,-61.75684,32.39259,25.9769
50.532578945,23.84218,-25.69538,2.937423,0.910782,-0.3048615,0.1603055,-61.75684,32.39259,25.9769
50.54257679,28.76484,-28.12883,2.449656,0.9336064,-0.2234865,0.1353588,-61.75684,32.39259,25.9769
50.552574635,28.76484,-32.34284,2.144803,0.9278005,-0.0459493,0.06018679,-61.75684,32.39259,25.9769
50.562573433,21.01165,-36.43816,1.169271,0.9736778,0.1046656,0.01125327,-61.75684,32.39259,25.9769
50.572571278,8.705001,-38.57484,2.205774,1.034022,0.1607693,0.01113363,-61.75882,32.39641,26.4284
50.582569599,-1.447982,-40.05865,5.254312,0.9579829,0.187184,-0.01793376,-61.75882,32.39641,26.4284
50.592567444,-15.66216,-42.37339,6.04693200000002,0.9861239,0.2183884,-0.06728418,-61.75882,32.39641,26.4284
50.602566242,-29.0764,-42.96692,6.35178600000003,1.099487,-0.006609226,-0.1004456,-61.75882,32.39641,26.4284
50.612564087,-22.86155,-41.3644,6.96149300000002,1.050184,-0.2634483,-0.1816515,-61.75882,32.39641,26.4284
50.622561932,-7.724371,-39.76189,6.41275599999997,1.001389,-0.2601222,-0.1906602,-61.78329,33.17401,28.42385
50.632559776,-0.955716300000001,-36.55686,5.0714,1.014383,-0.1724565,-0.1442835,-61.78329,33.17401,28.42385
50.642558575,-0.586516899999998,-35.1324,4.644604,0.9868325,-0.1599076,-0.2002321,-61.78329,33.17401,28.42385
50.652556419,-0.955716300000001,-34.59823,4.827517,0.9919932,-0.1233688,-0.2012077,-61.78329,33.17401,28.42385
50.662554741,-2.309447,-34.12341,3.364218,0.9926164,-0.001683478,-0.2337833,-61.78329,33.17401,28.42385
50.672553062,-8.955036,-34.95435,2.327715,1.012932,0.1363358,-0.2233256,-61.04114,33.1938,30.10642
50.682551384,-19.29262,-34.59823,1.657037,1.033652,0.2018053,-0.1764781,-61.04114,33.1938,30.10642
50.692549229,-30.30707,-37.80326,2.327715,0.9948197,0.1688704,-0.1338087,-61.04114,33.1938,30.10642
50.702547073,-37.44492,-39.70254,1.778978,1.05708,0.2262943,-0.153075,-61.04114,33.1938,30.10642
50.712545872,-51.53603,-39.28707,0.986358399999998,1.166954,0.2683098,-0.04751208,-61.04114,33.1938,30.10642
50.722543716,-56.27409,-35.42916,0.31568,1.100188,0.06006197,-0.09137106,-59.9355,33.6033,32.56374
50.732541561,-57.6893600000002,-34.06406,1.1083,1.057693,-0.06727347,-0.2137797,-59.9355,33.6033,32.56374
50.742539883,-54.6127,-32.28349,0.1937385,1.037819,-0.1010445,-0.30323,-59.9355,33.6033,32.56374
50.752538204,-52.2129,-30.62162,0.01082622,0.9580613,0.1501089,-0.2988485,-59.9355,33.6033,32.56374
50.762536526,-78.7952600000002,-31.33385,-0.8427644,1.030607,0.3369412,-0.2181437,-59.9355,33.6033,32.56374
50.77253437,-96.7629599999999,-28.7817,-2.8548,1.080581,0.08840368,-0.2440099,-58.42705,32.50072,35.80597
50.782532215,-97.2552299999997,-26.64502,-3.220624,1.032622,-0.1092283,-0.2835973,-58.42705,32.50072,35.80597
50.792531013,-85.3177800000001,-24.27092,-3.952273,0.9925433,-0.2060348,-0.261488,-58.42705,32.50072,35.80597
50.802528858,-73.5649299999999,-20.41302,-5.171688,0.9764687,-0.2568674,-0.205932,-58.42705,32.50072,35.80597
50.81252718,-61.2582900000002,-18.27633,-5.659454,0.996716,-0.3222659,-0.1743645,-58.42705,32.50072,35.80597
50.822525501,-52.7667,-16.199,-3.159653,1.000482,-0.3411257,-0.1724519,-58.03076,30.63608,39.88241
50.832523823,-51.35143,-13.7062,0.1937385,0.9799937,-0.4442703,-0.1948827,-58.03076,30.63608,39.88241
50.842521667,-50.24384,-11.74757,3.48616,0.9257154,-0.6167407,-0.2325512,-58.03076,30.63608,39.88241
50.852519512,-38.18332,-9.61088600000001,5.92499000000001,0.9466777,-0.7471106,-0.2397328,-58.03076,30.63608,39.88241
50.862518311,-21.01555,-7.05873399999998,8.54673300000003,0.965454,-0.865669,-0.2789782,-58.03076,30.63608,39.88241
50.872516155,0.2134152,-3.43824,10.55877,0.9923541,-0.9222682,-0.2560389,-58.71851,27.22468,41.95911
50.882514,26.79577,-1.301555,9.58323599999998,0.9391412,-0.9418588,-0.2109549,-58.71851,27.22468,41.95911
50.892512321,56.63939,-2.251192,8.36382100000002,0.838799,-0.7619588,-0.1955119,-58.71851,27.22468,41.95911
50.902510643,75.5300899999998,-8.60189500000002,8.24187900000002,0.7026344,-0.1016537,-0.1767801,-58.71851,27.22468,41.95911
50.912508965,38.54862,-15.42742,7.51023000000002,0.7445884,0.6781642,-0.0152953,-58.71851,27.22468,41.95911
50.922506809,-5.201509,-22.84646,5.254312,1.026371,0.8263965,-0.03783919,-57.20551,26.47849,42.36129
50.932505608,-16.21596,-25.51732,2.022861,1.137802,0.3656693,-0.1250156,-57.20551,26.47849,42.36129
50.942503452,12.52006,-26.58566,-2.06218,1.095836,0.2381401,-0.1636743,-57.20551,26.47849,42.36129
50.952501297,37.25642,-28.18818,-7.54954800000001,1.080002,0.1981195,-0.2014439,-57.20551,26.47849,42.36129
50.962499142,48.82467,-29.37523,-9.31770000000002,1.072661,0.1479444,-0.1990253,-57.20551,26.47849,42.36129
50.97249794,47.0402,-29.67199,-9.31770000000002,1.012147,-0.003722941,-0.2333383,-56.49364,28.38263,41.96971
50.982495785,45.748,-29.85004,-10.23226,0.9548336,-0.09434061,-0.3471161,-56.49364,28.38263,41.96971
50.992494106,30.48776,-30.20616,-10.781,0.9300482,0.1346692,-0.3854179,-56.49364,28.38263,41.96971
51.002491951,0.644147799999998,-30.0281,-9.25672899999999,0.9504383,0.2175734,-0.3443173,-56.49364,28.38263,41.96971
51.012490749,-18.61575,-28.30688,-7.06178199999999,0.9323454,0.01296692,-0.3609833,-56.13044,28.77288,42.80897
51.022488594,-13.57003,-26.2889,-6.08625000000001,0.9738744,-0.1220964,-0.3413992,-56.13044,28.77288,42.80897
51.032486439,-3.293979,-23.97416,-6.33013299999999,1.004945,-0.1403807,-0.2825839,-56.13044,28.77288,42.80897
51.042485237,2.797811,-22.19359,-5.049747,1.009103,-0.1793659,-0.2505164,-56.13044,28.77288,42.80897
51.052483082,3.720809,-20.23496,-1.940238,1.006234,-0.2857166,-0.2366053,-56.13044,28.77288,42.80897
51.062481403,9.56646600000001,-18.45439,0.1327677,0.9837508,-0.4641865,-0.2551847,-55.0273,29.55238,44.03876
51.072479248,19.35025,-17.08928,1.1083,0.9491109,-0.5917279,-0.2579629,-55.0273,29.55238,44.03876
51.082478046,39.96388,-15.01195,0.1937385,0.9319862,-0.6916185,-0.2507287,-55.0273,29.55238,44.03876
51.092475891,65.6232399999998,-11.74757,-0.05014454,0.8720283,-0.691083,-0.2750317,-55.0273,29.55238,44.03876
51.102473736,97.8051099999999,-9.31412399999998,-3.891303,0.7858189,-0.3576016,-0.3405322,-55.0273,29.55238,44.03876
51.112471581,84.76007,-12.34109,-4.318098,0.8319937,0.4264468,-0.3628291,-55.01943,29.17202,44.04079
51.122470379,42.17908,-15.60548,-3.70839,0.9750371,0.5708022,-0.2439502,-55.01943,29.17202,44.04079
51.132468224,26.36504,-16.43641,-2.671887,0.9988695,0.2608826,-0.2831551,-55.01943,29.17202,44.04079
51.142466545,44.70194,-19.22597,-4.683922,1.090058,0.1283109,-0.2579155,-55.01943,29.17202,44.04079
51.15246439,57.8085199999999,-20.94719,-5.049747,1.135713,0.1653588,-0.1316605,-55.01943,29.17202,44.04079
51.162463188,62.6081100000002,-23.49934,-3.464507,1.194178,0.06275042,-0.10685,-53.56031,31.45124,42.36273
51.172461033,68.2691700000002,-23.91481,-2.976741,1.266742,0.03962477,-0.0825632,-53.56031,31.45124,42.36273
51.182458878,60.8236500000001,-23.26193,-0.2940276,1.216567,0.01137154,-0.1408547,-53.56031,31.45124,42.36273
51.192457676,51.22446,-23.49934,4.400721,1.141789,-0.005088602,-0.2378711,-53.56031,31.45124,42.36273
51.202455521,37.56408,-24.9238,5.80304899999998,1.102592,0.05680056,-0.2933335,-53.56031,31.45124,42.36273
51.212453365,27.84184,-25.39862,3.669072,1.105221,0.07157455,-0.3306708,-53.21362,32.96894,41.5834
51.222451687,18.30419,-25.27991,3.851984,1.118513,0.09029417,-0.331656,-53.21362,32.96894,41.5834
51.232450008,7.90506900000002,-24.33027,3.912955,1.165525,0.0789789,-0.2891417,-53.21362,32.96894,41.5834
51.24244833,0.8287475,-22.07488,5.0714,1.153211,0.0339939,-0.2929373,-53.21362,32.96894,41.5834
51.252446175,-5.93990799999998,-20.29431,7.51023000000002,1.162413,-0.01417283,-0.2661407,-53.21362,32.96894,41.5834
51.262444019,-16.52362,-18.98856,8.60770299999997,1.225549,-0.02824749,-0.2413612,-52.15399,36.02349,41.96252
51.272442818,-23.47688,-16.61447,10.31489,1.166311,-0.09406752,-0.3493991,-52.15399,36.02349,41.96252
51.282440662,-33.01453,-12.04433,11.83915,1.084556,-0.1009062,-0.3889767,-52.15399,36.02349,41.96252
51.292438984,-41.32152,-7.05873399999998,11.59527,1.046816,-0.1160819,-0.4257573,-52.15399,36.02349,41.96252
51.302437306,-52.5821,-2.310545,11.90012,1.04207,-0.09663276,-0.4142683,-52.15399,36.02349,41.96252
51.312435627,-55.47416,2.971816,11.65624,0.996049,-0.1647871,-0.4873926,-51.00198,34.51759,42.81747
51.322433472,-57.7508900000001,8.49158700000002,11.47333,0.9320603,-0.1056639,-0.5260609,-51.00198,34.51759,42.81747
51.332431316,-60.4583499999998,14.01136,10.13197,0.90734,-0.08671029,-0.5255442,-51.00198,34.51759,42.81747
51.342430115,-59.6584200000003,18.8189,8.72964499999998,0.8448511,-0.1056045,-0.4904943,-51.00198,34.51759,42.81747
51.35242796,-54.2435,21.72716,6.96149300000002,0.8402203,-0.09104662,-0.4297108,-51.00198,34.51759,42.81747
51.362425804,-48.95164,23.44838,5.010429,0.8717904,-0.057627,-0.3508094,-50.97589,33.00652,44.05109
51.372424126,-46.36724,25.88183,3.48616,0.8933914,-0.09146522,-0.3249952,-50.97589,33.00652,44.05109
51.382422447,-39.22939,26.416,3.120335,0.8724176,-0.09044808,-0.3278304,-50.97589,33.00652,44.05109
51.392420769,-35.10666,26.47535,1.96189,0.8381959,-0.03292088,-0.3397499,-50.97589,33.00652,44.05109
51.402418614,-35.22973,25.52571,0.925387699999998,0.7769545,0.009787196,-0.372676,-50.97589,33.00652,44.05109
51.412417412,-35.04513,23.68579,-0.4159691,0.7069786,0.02386614,-0.435251,-51.30934,31.09811,43.60695
51.422415257,-36.82959,20.36206,-2.367033,0.6538416,0.1022782,-0.4605431,-51.30934,31.09811,43.60695
51.432413101,-43.78285,17.03833,-3.647419,0.5866364,0.07425877,-0.4565901,-51.30934,31.09811,43.60695
51.442410946,-47.10564,12.88366,-3.891303,0.597339,-0.1062386,-0.4498622,-51.30934,31.09811,43.60695
51.452409744,-39.84472,9.79733799999999,-2.732858,0.6607817,-0.2659318,-0.4078171,-51.30934,31.09811,43.60695
51.462407589,-26.18434,6.23619700000001,-1.513443,0.6774331,-0.322572,-0.4202744,-53.14374,29.18227,43.60319
51.472405911,-18.18502,2.912464,-0.659852100000001,0.6544365,-0.3185179,-0.4585215,-53.14374,29.18227,43.60319
51.482403755,-16.64669,-1.657669,0.803446099999999,0.612347,-0.4406569,-0.5450389,-53.14374,29.18227,43.60319
51.492402554,-4.64771,-5.337515,2.510627,0.5769561,-0.5020462,-0.5392185,-53.14374,29.18227,43.60319
51.502400398,2.797811,-9.96700000000001,3.54713,0.5908582,-0.2820294,-0.5287708,-53.14374,29.18227,43.60319
51.512398243,-7.17057299999998,-16.43641,5.254312,0.5935962,-0.06332257,-0.4781028,-53.47917,27.27768,43.61054
51.522397041,-20.21562,-20.41302,3.242276,0.6158083,0.05210991,-0.4441923,-53.47917,27.27768,43.61054
51.532394886,-23.66148,-25.51732,0.620533899999998,0.6461178,0.1245623,-0.4514425,-53.47917,27.27768,43.61054
51.542393208,-19.47722,-31.33385,-1.940238,0.6516995,0.217269,-0.4222829,-53.47917,27.27768,43.61054
51.552391052,-18.12349,-38.99031,-5.29363,0.666861,0.3959004,-0.4233125,-53.1039,26.9143,45.29236
51.562389374,-28.27647,-42.6108,-9.31770000000002,0.7904119,0.5139711,-0.3201858,-53.1039,26.9143,45.29236
51.572387695,-42.98291,-38.93095,-9.80546599999998,0.8669047,0.1756985,-0.3853184,-53.1039,26.9143,45.29236
51.58238554,-28.21494,-40.71152,-3.647419,0.8673298,-0.1347283,-0.4823902,-53.1039,26.9143,45.29236
51.592383385,-26.98427,-33.17377,-1.086647,0.8430047,-0.2406933,-0.4861491,-53.1039,26.9143,45.29236
51.602382183,-33.6914,-34.00471,3.364218,0.7302873,-0.3089985,-0.4318559,-52.73202,26.55746,47.74818
51.612380028,-33.75293,-35.42916,3.242276,0.834825,-0.5010711,-0.2999017,-52.73202,26.55746,47.74818
51.622378349,-27.10734,-36.08204,7.44925899999998,0.9045624,-0.5274339,-0.1985584,-52.73202,26.55746,47.74818
51.632376671,-17.69275,-38.33743,9.94906,0.9506929,-0.4666464,-0.1871686,-52.73202,26.55746,47.74818
51.642374992,-17.63122,-39.64318,10.92459,0.9991906,-0.3745969,-0.1102261,-52.73202,26.55746,47.74818
51.652372837,-22.92308,-40.65217,13.42439,1.064636,-0.3312814,-0.1381088,-50.49767,26.60158,50.98988
51.662370682,-8.77043599999998,-42.31404,12.50983,0.9675114,-0.3803886,-0.3556789,-50.49767,26.60158,50.98988
51.67236948,-6.18604100000003,-41.54246,9.46129399999998,0.9012533,-0.09765973,-0.4346012,-50.49767,26.60158,50.98988
51.682367325,-30.67627,-39.82124,10.98556,0.944006,0.01225861,-0.4634187,-50.49767,26.60158,50.98988
51.692365169,-29.19947,-37.26909,11.47333,1.046707,-0.2143539,-0.4376962,-50.49767,26.60158,50.98988
51.702363491,-3.786245,-36.31945,11.04653,1.235431,-0.168093,-0.3571578,-49.01112,26.6368,53.83902
51.712361813,19.96558,-31.15579,5.681107,1.283159,-0.01353741,-0.4573032,-49.01112,26.6368,53.83902
51.722360134,31.1031,-29.19717,4.33975,1.144862,0.189402,-0.4441928,-49.01112,26.6368,53.83902
51.732357979,23.90371,-28.95976,3.851984,1.0918,0.341705,-0.4666326,-49.01112,26.6368,53.83902
51.742356777,1.751746,-31.63061,5.620136,1.059747,0.4140419,-0.457981,-49.01112,26.6368,53.83902
51.752354622,-23.72301,-34.89499,5.92499000000001,0.9909304,0.5241867,-0.433482,-46.78374,27.42474,55.07716
51.762352467,-51.2899,-35.90398,2.937423,0.8545009,0.3928123,-0.4758036,-46.78374,27.42474,55.07716
51.772350788,-64.7656799999999,-36.31945,2.510627,0.9066728,0.1584903,-0.439941,-46.78374,27.42474,55.07716
51.78234911,-65.87328,-26.58566,0.925387699999998,1.096735,-0.2855358,-0.5181659,-46.78374,27.42474,55.07716
51.792346954,-44.58278,-20.65043,7.63217200000002,1.32587,-0.7045034,-0.4385353,-46.78374,27.42474,55.07716
51.802345276,-2.370981,-13.8249,10.74168,1.331706,-0.6285216,-0.5381088,-45.2938,27.45342,57.15228
51.812343121,0.2134152,-11.03534,8.24187900000002,1.139807,-0.03336347,-0.4024905,-45.2938,27.45342,57.15228
51.822341919,-16.83129,-12.51915,5.010429,1.06491,0.115747,-0.3550193,-45.2938,27.45342,57.15228
51.832339764,-26.79967,-13.23138,4.095867,0.9995157,0.06862295,-0.3716434,-45.2938,27.45342,57.15228
51.842337608,-23.72301,-15.0713,2.75451,1.02038,0.02139098,-0.3740604,-45.2938,27.45342,57.15228
51.852336407,-18.80035,-16.61447,0.2547093,1.034847,0.003793464,-0.3635524,-43.82465,25.63617,58.39825
51.862334251,-17.56969,-20.35367,-1.513443,1.03142,0.03189814,-0.3118675,-43.82465,25.63617,58.39825
51.872332573,-26.86121,-25.0425,-2.306063,1.075429,0.02496282,-0.2621705,-43.82465,25.63617,58.39825
51.882330418,-33.38373,-28.663,-3.037712,1.100288,-0.05406597,-0.2961724,-43.82465,25.63617,58.39825
51.892329216,-40.02932,-29.61263,-6.81789900000001,1.178839,-0.2419181,-0.33694,-43.82465,25.63617,58.39825
51.902327061,-27.96881,-26.88243,-9.86643700000001,1.270433,-0.5278088,-0.3925408,-43.07436,25.27505,60.01835
51.912324905,-0.7711166,-24.62704,-11.51265,1.19475,-0.5482841,-0.501519,-43.07436,25.27505,60.01835
51.922323704,11.2894,-23.97416,-12.30527,1.020576,-0.2505413,-0.4591773,-43.07436,25.27505,60.01835
51.932321548,5.320673,-24.98315,-12.854,0.9151838,-0.06011957,-0.3982635,-43.07436,25.27505,60.01835
51.942319393,-3.355512,-27.5353,-13.34177,0.8704772,-0.04125908,-0.417812,-43.07436,25.27505,60.01835
51.952317715,-4.524643,-31.15579,-12.67109,0.8651931,0.05967383,-0.369014,-42.30665,24.14997,61.2555
51.962316036,-8.83197000000002,-35.31046,-12.61012,0.9009904,0.1262552,-0.3394218,-42.30665,24.14997,61.2555
51.972314358,-12.70856,-41.18634,-11.63459,1.03021,0.1751096,-0.2717019,-42.30665,24.14997,61.2555
51.982312202,-19.35415,-45.34101,-10.29323,1.111005,0.258537,-0.2508068,-42.30665,24.14997,61.2555
51.992310047,-28.76874,-50.2079,-8.64702100000002,1.095698,0.3215605,-0.2340462,-42.30665,24.14997,61.2555
52.002308846,-39.41399,-55.37156,-7.30566500000003,1.075713,0.3479363,-0.2292324,-40.41918,23.40713,61.72496
52.01230669,-48.70551,-60.5352199999999,-5.598484,1.055306,0.3188801,-0.2272751,-40.41918,23.40713,61.72496
52.022304535,-53.25896,-66.7672200000001,-5.049747,1.040704,0.3181627,-0.2210279,-40.41918,23.40713,61.72496
52.032302856,-59.3507499999997,-77.2132299999999,-4.379068,0.9711959,0.2819015,-0.2630121,-40.41918,23.40713,61.72496
52.042301178,-63.6580799999999,-84.51358,-3.70839,1.028872,0.3273865,-0.1434804,-40.41918,23.40713,61.72496
52.0522995,-65.9348099999999,-89.7959400000002,-7.366636,1.043285,0.2342783,-0.1535316,-38.90118,21.92093,64.58221
52.062297344,-64.0888100000002,-94.4254199999998,-8.76896300000003,1.105522,0.08351162,-0.2483593,-38.90118,21.92093,64.58221
52.072296143,-54.18196,-100.4794,-10.29323,1.19585,-0.005050381,-0.2973088,-38.90118,21.92093,64.58221
52.082293987,-35.96813,-103.9812,-14.25633,1.195347,-0.05838419,-0.3891807,-38.90118,21.92093,64.58221
52.092291832,-20.83095,-107.6016,-18.7072,1.166334,-0.07232879,-0.4695274,-38.90118,21.92093,64.58221
52.102290154,-7.78590499999999,-110.2132,-22.36544,1.166701,-0.04272927,-0.5810439,-36.59437,18.53857,67.45515
52.112288475,1.382547,-111.0441,-23.7068,1.122647,-0.03333441,-0.6273913,-36.59437,18.53857,67.45515
52.122286797,7.10513699999998,-110.3319,-23.95068,1.067585,-0.01167797,-0.7967169,-36.59437,18.53857,67.45515
52.132284641,10.30486,-107.7797,-24.1336,1.045168,-0.01241913,-0.8292208,-36.59437,18.53857,67.45515
52.14228344,9.75106599999998,-103.2689,-22.79224,0.9610303,-0.02152849,-0.8463005,-30.91936,15.55535,69.5771
52.152281284,1.628679,-97.7491500000003,-19.56079,0.8895215,-0.08047978,-0.8676966,-30.91936,15.55535,69.5771
52.162279129,-0.1557842,-88.9650000000003,-17.36584,0.8707691,-0.1965955,-0.8245621,-30.91936,15.55535,69.5771
52.172276974,-2.370981,-73.1772800000002,-13.89051,0.8544776,-0.3110933,-0.6632242,-30.91936,15.55535,69.5771
52.182275772,6.305205,-58.9920499999999,-7.244694,0.6522349,-0.2861835,-0.7432788,-30.91936,15.55535,69.5771
52.192273617,5.44374,-45.22231,-0.598881400000002,0.6295318,-0.2160677,-0.6260061,-26.41128,14.472,72.45457
52.202271938,-4.524643,-23.7961,3.303247,0.6943635,-0.02920504,-0.3663004,-26.41128,14.472,72.45457
52.212269783,-22.30775,-5.159458,4.888487,0.6291779,0.09658882,-0.2858184,-26.41128,14.472,72.45457
52.222268581,-38.42945,9.61928199999999,7.937025,0.5226535,0.03330287,-0.333474,-26.41128,14.472,72.45457
52.232266426,-48.58244,26.416,12.63177,0.500401,-0.0531221,-0.3305415,-26.41128,14.472,72.45457
52.242264271,-52.15137,45.52747,17.50943,0.5140098,-0.04994103,-0.2779227,-23.40378,14.11088,72.09184
52.252263069,-55.72029,61.7900099999999,21.22865,0.5416683,0.03499791,-0.2425781,-23.40378,14.11088,72.09184
52.262260914,-61.2582900000002,77.3403300000002,24.52107,0.5697598,0.09492895,-0.2857144,-23.40378,14.11088,72.09184
52.272258759,-66.73474,93.60288,26.47214,0.5672622,0.09679171,-0.3421825,-23.40378,14.11088,72.09184
52.28225708,-71.5343300000003,107.1352,28.66708,0.5782844,0.1052257,-0.4001116,-23.40378,14.11088,72.09184
52.292255402,-71.7804600000001,119.1837,32.02047,0.6402755,0.09812269,-0.4605184,-25.2171,11.42398,70.86662
52.302253723,-69.6268000000001,130.9949,32.50824,0.6744658,0.1445021,-0.5108405,-25.2171,11.42398,70.86662
52.312251568,-71.3497299999998,139.4823,32.99601,0.7262773,0.186957,-0.550185,-25.2171,11.42398,70.86662
52.322250366,-70.9190000000001,146.6639,33.36183,0.7839022,0.1795538,-0.5809124,-25.2171,11.42398,70.86662
52.332248211,-65.9348099999999,152.1243,34.15445,0.8298318,0.1204886,-0.6029918,-25.2171,11.42398,70.86662
52.342246056,-55.59723,155.8635,34.76416,0.8725771,0.0747695,-0.6466049,-32.61526,7.529302,66.70327
52.352244377,-44.27511,159.7214,34.15445,0.9187302,0.05470157,-0.7088951,-32.61526,7.529302,66.70327
52.362242699,-35.90659,162.0955,32.99601,0.9303233,0.08601334,-0.7108377,-32.61526,7.529302,66.70327
52.37224102,-31.4762,162.511,33.72766,0.9661545,0.1505682,-0.690338,-32.61526,7.529302,66.70327
52.382238865,-30.43013,160.3149,35.12998,0.9745112,0.1212927,-0.6683305,-32.61526,7.529302,66.70327
52.39223671,-26.98427,157.5254,36.10551,0.9661511,0.02147437,-0.6721188,-41.51349,3.990656,60.97876
52.402235508,-21.69242,154.9732,36.83717,0.992378,0.0008830661,-0.6424875,-41.51349,3.990656,60.97876
52.412233353,-19.29262,152.4211,36.59328,1.008763,0.03753054,-0.6028038,-41.51349,3.990656,60.97876
52.422231197,-21.87701,147.7916,36.71523,0.9834445,0.06301331,-0.5778802,-41.51349,3.990656,60.97876
52.432229996,-26.43047,142.8654,37.8127,0.9708021,0.03550694,-0.5826368,-41.51349,3.990656,60.97876
52.442227841,-29.0764,138.2359,38.97114,0.9778793,0.02211059,-0.5749885,-49.63345,2.348987,53.96013
52.452226162,-31.4762,134.3186,39.94667,0.989434,0.056075,-0.5525243,-49.63345,2.348987,53.96013
52.462224007,-35.59893,130.9949,39.09308,0.9769272,0.07407093,-0.5237926,-49.63345,2.348987,53.96013
52.472222805,-40.02932,127.0776,37.87367,0.9492459,0.06997424,-0.4868929,-49.63345,2.348987,53.96013
52.48222065,-41.32152,122.4481,36.10551,0.9299297,0.03532763,-0.4610072,-49.63345,2.348987,53.96013
52.492218495,-36.09119,116.5722,34.39833,0.916182,-0.01114791,-0.4652784,-56.34496,2.232984,46.17004
52.502217293,-25.69208,111.2899,32.26436,0.9284684,-0.06881994,-0.4748565,-56.34496,2.232984,46.17004
52.512215138,-12.33936,106.8978,29.52067,0.9681188,-0.07814483,-0.4643946,-56.34496,2.232984,46.17004
52.522212982,1.690213,103.5741,25.80146,1.005564,-0.04754767,-0.4410175,-56.34496,2.232984,46.17004
52.532211304,12.64313,100.5471,22.57001,0.982085,0.009487475,-0.4237625,-56.34496,2.232984,46.17004
52.542209625,19.16565,96.6891999999999,19.88729,0.9721581,0.04535191,-0.4127472,-61.18025,1.761041,39.62139
52.552207947,22.79611,93.0093500000001,17.26555,0.9774816,0.04745788,-0.4065355,-61.18025,1.761041,39.62139
52.562205792,26.98037,87.7863499999998,14.64381,0.9768947,0.05280919,-0.4046216,-61.18025,1.761041,39.62139
52.572203636,31.34923,83.1568599999999,12.44886,1.01147,0.05396507,-0.4061179,-61.18025,1.761041,39.62139
52.582202435,35.34889,79.0615499999998,10.98556,1.056937,0.07258974,-0.3808374,-61.18025,1.761041,39.62139
52.592200279,37.13335,75.0255899999999,10.25391,1.06356,0.109946,-0.348794,-64.54972,2.825038,33.46275
52.602198601,37.13335,70.8115699999999,10.31489,1.060471,0.1449912,-0.3358761,-64.54972,2.825038,33.46275
52.612196922,35.04122,66.2414399999999,10.80265,1.058189,0.1630532,-0.321998,-64.54972,2.825038,33.46275
52.622194767,32.51836,61.6713099999998,10.98556,1.048248,0.1479724,-0.3023552,-64.54972,2.825038,33.46275
52.632193088,31.34923,56.98247,10.19294,1.05374,0.1150413,-0.3018777,-64.54972,2.825038,33.46275
52.642190933,33.37983,52.94651,9.15644099999999,1.062619,0.1094425,-0.2956703,-67.93072,4.276474,28.14059
52.652189732,35.28735,49.20731,7.87605399999997,1.083412,0.144592,-0.2698725,-67.93072,4.276474,28.14059
52.662187576,33.56443,45.94293,6.10790299999999,1.089731,0.1722454,-0.2354331,-67.93072,4.276474,28.14059
52.672185421,31.59536,42.08503,3.851984,1.09827,0.1589086,-0.2244373,-67.93072,4.276474,28.14059
52.682184219,32.82603,38.52388,2.205774,1.130039,0.1279764,-0.2216133,-69.07451,6.131678,23.60708
52.692182064,35.16429,36.26849,0.925387699999998,1.163249,0.1500622,-0.2164125,-69.07451,6.131678,23.60708
52.702180386,33.87209,34.07246,0.01082622,1.180099,0.1875635,-0.1906084,-69.07451,6.131678,23.60708
52.71217823,30.3647,32.17318,-1.025677,1.184849,0.194658,-0.1690826,-69.07451,6.131678,23.60708
52.722177029,26.36504,30.57067,-1.879267,1.18236,0.171923,-0.1523223,-69.07451,6.131678,23.60708
52.732174873,24.51904,28.49333,-2.671887,1.191639,0.144898,-0.1518529,-69.83714,7.246962,21.20893
52.742172718,25.44204,26.89082,-4.257127,1.209411,0.1069431,-0.1427812,-69.83714,7.246962,21.20893
52.752170563,29.6263,25.70377,-6.14722099999998,1.19432,0.08050059,-0.1322194,-69.83714,7.246962,21.20893
52.762169361,32.76449,24.81349,-7.85440200000002,1.162468,0.09092171,-0.09292331,-69.83714,7.246962,21.20893
52.772167206,33.87209,22.73615,-9.13478800000001,1.138935,0.09881865,-0.08187706,-69.83714,7.246962,21.20893
52.782165527,35.47195,21.13364,-9.86643700000001,1.120562,0.09116214,-0.08232164,-69.46741,7.989783,18.75664
52.792163849,35.53349,20.59947,-9.62255399999997,1.101381,0.1012292,-0.05596912,-69.46741,7.989783,18.75664
52.80216217,32.94909,20.00595,-9.07381699999998,1.074034,0.1046993,-0.0425222,-69.46741,7.989783,18.75664
52.812160015,29.2571,19.41242,-8.58605100000002,1.050323,0.09605753,-0.03290712,-69.46741,7.989783,18.75664
52.82215786,25.68817,18.75954,-7.976343,1.017243,0.06725007,-0.02949201,-69.46741,7.989783,18.75664
52.832156658,23.10378,17.98796,-7.61051899999998,0.9902765,0.05023474,-0.02513343,-69.81569,7.205556,16.3069
52.842154503,21.99618,17.09768,-7.30566500000003,0.9578944,0.03594913,-0.02938049,-69.81569,7.205556,16.3069
52.852152348,21.19625,16.38545,-6.75692799999998,0.90425,0.03833473,-0.02450182,-69.81569,7.205556,16.3069
52.862151146,18.42725,16.38545,-6.14722099999998,0.8602206,0.04772664,-0.018206,-69.81569,7.205556,16.3069
52.872148991,18.05805,16.74156,-5.232659,0.8256,0.04900395,-0.01623167,-69.81569,7.205556,16.3069
52.882147312,16.21206,18.52213,-4.379068,0.7772477,0.05482551,-0.01902033,-69.81622,7.571747,14.62787
52.892145157,13.01233,20.36206,-3.098683,0.7551305,0.06518453,-0.007498619,-69.81622,7.571747,14.62787
52.902143955,9.074201,22.5581,-2.428004,0.7497728,0.06509184,-0.006053527,-69.81622,7.571747,14.62787
52.9121418,7.04360400000002,24.99154,-1.208589,0.7285816,0.0514036,-0.02228465,-69.81622,7.571747,14.62787
52.922139645,4.459208,27.72175,-0.05014454,0.7009109,0.04609839,-0.01122779,-69.81622,7.571747,14.62787
52.932138443,0.3364816,29.62103,1.291212,0.6875813,0.055703,0.005064556,-68.67876,7.189477,13.41273
52.942136288,-4.032378,31.52031,2.205774,0.6748834,0.05750117,0.01657205,-68.67876,7.189477,13.41273
52.952134609,-5.75530800000001,33.18217,2.632569,0.648614,0.05574805,0.04102568,-68.67876,7.189477,13.41273
52.962132454,-6.49370699999998,33.24152,2.937423,0.6151404,0.04779319,0.0406075,-68.67876,7.189477,13.41273
52.972131252,-7.66283799999999,33.47894,3.303247,0.6107387,0.04869566,0.04252925,-68.67876,7.189477,13.41273
52.982129097,-9.01656900000002,34.19116,3.912955,0.6270221,0.06422631,0.05828987,-69.05066,7.546317,10.95691
52.992126942,-12.64703,34.60663,4.827517,0.6300492,0.08471321,0.06019363,-69.05066,7.546317,10.95691
53.002124786,-18.80035,34.36922,6.16887299999999,0.6397281,0.08832357,0.06209013,-69.05066,7.546317,10.95691
53.012123585,-25.63054,33.95375,7.26634699999998,0.6522442,0.07061733,0.06494433,-69.05066,7.546317,10.95691
53.022121429,-30.06093,33.41958,8.18090799999998,0.6789868,0.04784681,0.06777503,-69.05066,7.546317,10.95691
53.032119751,-30.7378,32.23254,8.79061600000001,0.6718506,0.01196451,0.03860357,-69.04361,7.532697,9.344404
53.042118073,-31.04547,31.34225,9.40032399999997,0.6979914,-0.003606779,0.08594104,-69.04361,7.532697,9.344404
53.052116394,-31.90693,30.74873,9.58323599999998,0.7713719,0.007093437,0.08772466,-69.04361,7.532697,9.344404
53.062114239,-34.36826,30.92678,9.94906,0.8620176,0.03358057,0.1311102,-69.04361,7.532697,9.344404
53.072112083,-37.01419,30.68937,9.94906,0.9311548,0.01061434,0.127167,-69.04361,7.532697,9.344404
53.082110882,-39.78319,30.68937,10.13197,0.9803366,-0.01379259,0.1151232,-69.40791,7.509727,6.955112
53.092108727,-42.24451,30.1552,10.74168,1.039737,-0.06321836,0.1083323,-69.40791,7.509727,6.955112
53.102106571,-42.61372,29.26491,11.83915,1.091291,-0.1097957,0.1111259,-69.40791,7.509727,6.955112
53.11210537,-37.87566,25.64442,12.14401,1.096788,-0.1689764,0.1106529,-69.40791,7.509727,6.955112
53.122103214,-28.27647,20.95558,12.08304,1.060852,-0.1754826,0.1145459,-69.40791,7.509727,6.955112
53.132101536,-19.53875,16.80092,10.74168,1.04807,-0.1421998,0.1681601,-69.79132,8.254006,5.335768
53.142099381,-12.4009,12.94301,9.64420700000001,1.059914,-0.09745564,0.199714,-69.79132,8.254006,5.335768
53.152098179,-5.75530800000001,10.2128,8.60770299999997,1.032028,-0.0917332,0.1949753,-69.79132,8.254006,5.335768
53.162096024,0.705681,7.95741500000002,8.30284999999999,1.00793,-0.1065385,0.1691781,-69.79132,8.254006,5.335768
53.172093868,5.136074,7.83871000000002,7.81508400000003,1.076301,-0.1143284,0.179111,-69.79132,8.254006,5.335768
53.18209219,7.47433699999998,7.72000599999998,7.44925899999998,1.147408,-0.08608276,0.1914227,-70.16856,8.621198,4.105453
53.192090511,4.520741,7.06713000000001,8.05896700000001,1.220884,-0.08165498,0.1448716,-70.16856,8.621198,4.105453
53.202088833,-0.832649800000001,6.17684400000002,9.70517700000002,1.262186,-0.1019757,0.1184831,-70.16856,8.621198,4.105453
53.212086678,-8.89350299999999,4.336921,12.69274,1.263463,-0.1443371,0.1065274,-70.16856,8.621198,4.105453
53.222084999,-13.63156,1.428654,16.29002,1.23182,-0.1723285,0.08983964,-70.16856,8.621198,4.105453
53.232083321,-14.73916,-1.895078,19.4605,1.16184,-0.1824843,0.08709279,-69.79633,8.994016,2.8807
53.242081165,-16.52362,-5.396868,21.35059,1.133704,-0.1629938,0.1005369,-69.79633,8.994016,2.8807
53.25207901,-17.75429,-8.30513400000001,22.63098,1.114884,-0.1468436,0.1005656,-69.79633,8.994016,2.8807
53.262077808,-17.63122,-10.50117,22.87486,1.068834,-0.1599897,0.09107774,-69.79633,8.994016,2.8807
53.272075653,-16.21596,-12.22239,22.81389,1.056424,-0.1738851,0.0863172,-69.0741,10.14779,3.718681
53.282073975,-12.09323,-12.99397,22.87486,1.061997,-0.1855516,0.07386751,-69.0741,10.14779,3.718681
53.292072296,-6.80137299999998,-12.34109,23.54554,1.028713,-0.1517206,0.07248108,-69.0741,10.14779,3.718681
53.302070618,-5.447642,-11.74757,24.8869,0.9815885,-0.1074678,0.07159469,-69.0741,10.14779,3.718681
53.312068462,-7.17057299999998,-12.10369,26.89893,0.9143685,-0.0831243,0.06261266,-69.0741,10.14779,3.718681
53.322066307,-11.35483,-13.05332,28.54514,0.8529748,-0.083361,0.06319832,-69.47412,11.28931,4.096818
53.332065106,-14.55456,-15.13066,29.64261,0.8140975,-0.08898412,0.06374612,-69.47412,11.28931,4.096818
53.34206295,-15.35449,-16.43641,29.8865,0.7814276,-0.1147854,0.02313075,-69.47412,11.28931,4.096818
53.352060795,-14.73916,-17.92022,29.21582,0.7447312,-0.1067328,0.02654268,-69.47412,11.28931,4.096818
53.362059593,-12.0317,-19.34468,27.93543,0.7169191,-0.07925121,0.009833923,-69.47412,11.28931,4.096818
53.372057438,-11.2933,-19.81949,27.26476,0.7134915,-0.02627672,0.01796205,-69.13619,12.8239,5.316993
53.38205576,-11.72403,-20.23496,26.47214,0.6811872,0.007757959,0.03667407,-69.13619,12.8239,5.316993
53.392053604,-10.61643,-22.431,25.9234,0.6276163,0.004728523,-0.01922516,-69.13619,12.8239,5.316993
53.402052403,-8.03203799999998,-24.68639,24.76495,0.5961282,-0.005879988,-0.04836068,-69.13619,12.8239,5.316993
53.412050247,-5.263042,-25.63603,21.9603,0.6189291,0.0257848,-0.0359656,-69.13619,12.8239,5.316993
53.422048092,-4.278511,-27.23854,18.91176,0.6480268,0.08518931,-0.03268159,-68.43924,15.12201,6.535892
53.43204689,-6.18604100000003,-31.2745,16.59487,0.6600351,0.04195406,-0.05709877,-68.43924,15.12201,6.535892
53.442044735,-6.001441,-36.31945,13.79022,0.7244785,-0.04227652,-0.05479655,-68.43924,15.12201,6.535892
53.45204258,2.305545,-42.43274,9.94906,0.7520661,-0.08468732,-0.07589106,-68.43924,15.12201,6.535892
53.462040901,15.41212,-51.2169,5.0714,0.7030103,-0.09432547,-0.1203106,-68.43924,15.12201,6.535892
53.472039223,28.08797,-60.5352199999999,0.31568,0.7047556,-0.1100911,-0.1475884,-68.11086,17.04022,8.141041
53.482037544,14.73526,-45.93454,4.888487,1.396877,-0.326936,0.8916852,-68.11086,17.04022,8.141041
53.492035389,24.64211,-13.8249,7.754113,2.299779,0.07137042,2.212793,-68.11086,17.04022,8.141041
53.502034187,27.0419,7.423244,14.82672,2.007879,-0.07494699,1.511747,-68.11086,17.04022,8.141041
53.512032032,65.50018,0.1229023,9.58323599999998,1.435846,-0.4256496,1.065366,-68.11086,17.04022,8.141041
53.522029877,115.8959,-17.50475,-13.76857,1.20343,-0.0786715,0.4550186,-68.13167,17.81074,9.29799
53.532028198,143.1551,-38.27808,-22.60933,1.615372,-0.04188791,0.2394103,-68.13167,17.81074,9.29799
53.54202652,145.0011,-44.21331,-22.79224,1.604891,0.2598784,0.3676093,-68.13167,17.81074,9.29799
53.552024841,129.064,-52.16653,-26.51146,0.9832547,0.2643452,-0.1898065,-68.13167,17.81074,9.29799
53.562022686,98.7281199999998,-65.99564,-25.41398,0.6186595,0.1820063,-0.5930679,-68.13167,17.81074,9.29799
53.572020531,56.51632,-77.0945299999998,-21.38991,0.9929588,-0.001572746,-0.5405512,-68.15974,19.32563,8.515875
53.582019329,36.70262,-72.7024499999999,-16.69516,1.278349,-0.1973963,-0.4127399,-68.15974,19.32563,8.515875
53.592017174,43.47128,-62.2564400000001,-14.62216,1.012864,-0.2527452,-0.3648838,-68.15974,19.32563,8.515875
53.602015019,51.16293,-55.1935,-13.95148,0.8976022,-0.1847169,-0.2756852,-68.15974,19.32563,8.515875
53.612013817,44.88654,-50.86078,-11.69556,1.033234,-0.0866022,-0.1491243,-68.15974,19.32563,8.515875
53.622011661,43.40974,-44.51008,-9.07381699999998,1.056208,-0.01289834,-0.163062,-68.53116,18.58607,11.35516
53.632009983,45.07114,-42.19534,-7.42760699999997,0.9828236,-0.02293284,-0.1452242,-68.53116,18.58607,11.35516
53.642007828,49.0708,-41.54246,-6.39110400000002,1.058512,-0.03102031,-0.1305182,-68.53116,18.58607,11.35516
53.652006626,56.14712,-41.00829,-6.513045,1.07007,-0.07544596,-0.124784,-68.53116,18.58607,11.35516
53.662004471,61.68511,-40.71152,-6.513045,1.01817,-0.06243606,-0.1309184,-68.53116,18.58607,11.35516
53.672002315,59.9621799999998,-42.4921,-6.33013299999999,0.9736319,-0.002430449,-0.221307,-68.5208,17.83571,12.58473
53.682001114,50.9168,-44.9849,-6.02527899999998,1.030885,-0.01395916,-0.1711534,-68.5208,17.83571,12.58473
53.691998959,41.62528,-43.73849,-5.29363,1.04476,-0.1281514,-0.094576,-68.5208,17.83571,12.58473
53.701996803,40.70228,-41.66116,-4.074214,0.981384,-0.1784572,-0.09158111,-68.5208,17.83571,12.58473
53.711995125,43.53281,-39.34642,-2.91577,0.9696112,-0.1743207,-0.09204023,-68.5208,17.83571,12.58473
53.721993446,43.90201,-35.48852,-1.574414,0.9997169,-0.1433397,-0.1169866,-68.16516,18.60577,13.35745
53.731991768,42.97901,-31.3932,-0.1720861,1.010017,-0.06862926,-0.0997951,-68.16516,18.60577,13.35745
53.741989613,40.82535,-25.22056,0.803446099999999,1.038468,0.0004383984,-0.04817627,-68.16516,18.60577,13.35745
53.751988411,35.41042,-20.41302,2.571598,0.9838277,0.0293074,-0.06771007,-68.16516,18.60577,13.35745
53.761986256,29.19557,-20.65043,3.973926,0.9676948,0.0574399,-0.09161799,-68.16516,18.60577,13.35745
53.7719841,25.44204,-21.89683,3.912955,0.9956102,0.07444669,-0.1519716,-67.42104,18.62175,14.58852
53.781982422,21.93465,-25.27991,5.559165,0.9822317,0.02969566,-0.3400171,-67.42104,18.62175,14.58852
53.791980743,18.98105,-33.05507,7.38828800000001,1.040338,0.07496347,-0.3511373,-67.42104,18.62175,14.58852
53.801979065,14.73526,-29.9094,5.86401899999998,1.074895,0.05683864,-0.1233907,-67.42104,18.62175,14.58852
53.81197691,11.72013,-29.49393,7.63217200000002,1.01499,0.05594899,-0.09122147,-67.44044,19.38955,15.42297
53.821974754,13.31999,-29.49393,6.473727,1.046184,0.004333626,-0.06398373,-67.44044,19.38955,15.42297
53.831973553,15.65826,-29.01911,5.92499000000001,0.99911,-0.08501241,-0.1141291,-67.44044,19.38955,15.42297
53.841971397,18.91952,-29.67199,5.86401899999998,0.9803761,-0.07464013,-0.1614782,-67.44044,19.38955,15.42297
53.851969242,17.87345,-29.49393,5.254312,0.9944501,-0.04572222,-0.1648602,-67.44044,19.38955,15.42297
53.86196804,10.98173,-29.55328,4.583633,0.9966817,-0.06150462,-0.1950103,-66.71204,20.16623,16.64998
53.871965885,6.67440499999999,-30.91838,3.791013,0.9919105,-0.1182479,-0.1724943,-66.71204,20.16623,16.64998
53.881964207,7.47433699999998,-31.51191,3.48616,0.9712868,-0.1355799,-0.163361,-66.71204,20.16623,16.64998
53.891962528,9.44340000000003,-32.16478,3.669072,0.9763538,-0.1206788,-0.1920882,-66.71204,20.16623,16.64998
53.90196085,9.01266799999998,-32.40219,3.059364,0.9980407,-0.05542277,-0.1706069,-66.71204,20.16623,16.64998
53.911958694,6.73593800000001,-31.68997,3.364218,0.9890841,-0.01965758,-0.1725148,-65.97747,20.56583,18.26602
53.921956539,2.551678,-31.92738,3.791013,1.002854,-0.0004557477,-0.1749366,-65.97747,20.56583,18.26602
53.931955338,0.2134152,-32.58025,3.54713,0.9993358,-0.02029972,-0.1586538,-65.97747,20.56583,18.26602
53.941953182,2.982411,-33.41119,3.48616,0.972554,-0.07260089,-0.1341862,-65.97747,20.56583,18.26602
53.951951027,7.04360400000002,-33.29248,4.095867,0.9784732,-0.1548142,-0.1566685,-65.97747,20.56583,18.26602
53.961949825,10.12027,-33.64859,5.0714,0.9730397,-0.1262344,-0.207874,-65.99855,21.3369,19.48747
53.97194767,5.136074,-33.7673,5.0714,0.9726893,-0.02942055,-0.1949768,-65.99855,21.3369,19.48747
53.981945992,-6.98597300000001,-34.53888,4.949458,1.010104,-0.02155701,-0.106986,-65.99855,21.3369,19.48747
53.991943836,-11.17023,-33.52989,5.376253,1.037572,-0.1089785,-0.1079685,-65.99855,21.3369,19.48747
54.001942635,-8.955036,-34.95435,6.04693200000002,0.9860262,-0.08853652,-0.09926958,-65.99855,21.3369,19.48747
54.011940479,-5.386109,-35.72593,4.33975,1.046125,-0.1218807,-0.04959385,-64.88166,21.3595,21.17282
54.021938324,7.720469,-35.07305,3.059364,0.9986621,-0.2174123,-0.1375445,-64.88166,21.3595,21.17282
54.031936646,18.91952,-37.38779,1.90092,0.9819506,-0.1323878,-0.1562017,-64.88166,21.3595,21.17282
54.041934967,18.85798,-36.85362,0.7424754,1.011987,-0.07097712,-0.1481341,-64.88166,21.3595,21.17282
54.051932812,13.68919,-37.09103,2.144803,0.9981387,-0.06238287,-0.2409559,-64.88166,21.3595,21.17282
54.061931133,4.582274,-38.69355,2.998394,0.9800799,-0.03435765,-0.2193958,-64.14709,21.7591,22.78886
54.071929455,0.890280700000001,-39.22772,1.413154,0.9870232,-0.1180778,-0.1964146,-64.14709,21.7591,22.78886
54.081927776,7.59740300000001,-39.28707,1.169271,1.003382,-0.2112484,-0.2174765,-64.14709,21.7591,22.78886
54.091925621,13.56613,-39.22772,1.96189,0.9886706,-0.1284211,-0.2150793,-64.14709,21.7591,22.78886
54.101923466,6.73593800000001,-39.64318,3.120335,1.01852,-0.02949038,-0.1424133,-64.14709,21.7591,22.78886
54.111922264,-2.55558,-40.53347,4.217809,1.073933,-0.07411359,-0.1468056,-63.41422,22.16197,24.7919
54.121920109,0.1518819,-41.83922,3.425189,1.092743,-0.09135962,-0.213356,-63.41422,22.16197,24.7919
54.13191843,1.136414,-42.25469,4.034896,1.028127,-0.02504305,-0.261118,-63.41422,22.16197,24.7919
54.141916752,-1.694115,-41.66116,3.54713,1.055731,-0.04285914,-0.3027977,-63.41422,22.16197,24.7919
54.151915073,-1.632582,-40.35541,2.998394,1.062598,-0.04740055,-0.3889522,-63.41422,22.16197,24.7919
54.161912918,-4.64771,-38.39678,3.059364,1.076946,-0.006626016,-0.371759,-62.29902,22.18784,26.86426
54.171910763,-9.20116899999999,-36.61621,3.48616,1.08011,-0.07113672,-0.3655263,-62.29902,22.18784,26.86426
54.181909561,-14.49303,-34.36082,5.681107,1.133401,-0.02653143,-0.279487,-62.29902,22.18784,26.86426
54.191907406,-18.06195,-33.70795,5.315282,1.234464,-0.06220129,-0.2538109,-62.29902,22.18784,26.86426
54.201905251,-15.78522,-31.2745,4.400721,1.206529,-0.1342104,-0.3623805,-62.29902,22.18784,26.86426
54.211904049,-15.41603,-31.15579,4.461692,1.171212,-0.06815343,-0.2895923,-61.57429,22.97161,28.92977
54.221901894,-20.27715,-31.98673,3.851984,1.186548,-0.05257913,-0.2140081,-61.57429,22.97161,28.92977
54.231900215,-20.52328,-31.68997,2.69354,1.241048,-0.02143884,-0.1681678,-61.57429,22.97161,28.92977
54.24189806,-31.41467,-32.99572,3.242276,1.278656,-0.0003739963,-0.1778103,-61.57429,22.97161,28.92977
54.251896858,-35.78353,-32.69896,4.522663,1.223496,-0.1264044,-0.2365465,-61.57429,22.97161,28.92977
54.261894703,-40.39852,-29.43458,5.437224,1.168264,-0.0938754,-0.3326524,-60.45881,22.99694,30.93762
54.271892548,-45.19811,-23.49934,4.705575,1.084078,-0.1557983,-0.4918556,-60.45881,22.99694,30.93762
54.281891346,-52.70517,-16.02094,5.681107,1.022611,-0.102383,-0.575513,-60.45881,22.99694,30.93762
54.291889191,-58.1816199999998,-7.59290600000003,4.33975,0.9562454,-0.0997164,-0.6715918,-60.45881,22.99694,30.93762
54.301887035,-62.1197500000001,2.55635,3.730042,0.8979009,-0.1075022,-0.7059456,-60.45881,22.99694,30.93762
54.311885834,-64.4580200000003,12.05273,2.205774,0.8933022,-0.09579884,-0.6915833,-58.93741,21.5042,33.02087
54.321883679,-63.0427500000003,20.89623,1.1083,0.8635841,-0.09575529,-0.6757384,-58.93741,21.5042,33.02087
54.331882,-62.1197500000001,26.71276,0.0717969800000001,0.8335212,-0.04846627,-0.5412183,-58.93741,21.5042,33.02087
54.341879845,-60.9506200000002,29.68038,-1.574414,0.8634132,-0.02745014,-0.3804743,-58.93741,21.5042,33.02087
54.351878643,-57.19709,29.79909,-2.91577,0.9223446,-0.04834336,-0.2422632,-58.93741,21.5042,33.02087
54.361876488,-51.16684,27.89981,-3.281595,0.9473936,-0.08245807,-0.1480186,-58.16801,20.37584,33.87102
54.371874333,-44.09051,24.87284,-2.91577,0.9599278,-0.1267855,-0.1336717,-58.16801,20.37584,33.87102
54.381872654,-37.13726,20.0653,-4.683922,0.8435557,-0.07865104,-0.09184512,-58.16801,20.37584,33.87102
54.391870976,-36.39886,14.13006,-7.67149000000001,0.7398821,-0.0858965,-0.1285129,-58.16801,20.37584,33.87102
54.401869297,-32.70687,5.702025,-11.26876,0.6449564,-0.1441158,-0.1785829,-58.50594,18.84126,32.65084
54.411867142,-20.52328,-5.69363,-15.23186,0.5342478,-0.1669197,-0.2539991,-58.50594,18.84126,32.65084
54.421865463,-3.909311,-14.83389,-18.58526,0.3914868,-0.1452969,-0.39685,-58.50594,18.84126,32.65084
54.431863785,2.736278,-22.19359,-18.40234,0.2933375,-0.1642074,-0.5517327,-58.50594,18.84126,32.65084
54.44186163,6.92053700000001,-25.33926,-16.39031,0.3137658,-0.2152662,-0.5996128,-58.50594,18.84126,32.65084
54.451859474,10.79713,-25.51732,-13.09789,0.3514734,-0.1762522,-0.718854,-58.86048,17.70391,33.42815
54.461858273,5.136074,-28.01012,-8.28119799999998,0.3699116,-0.1991527,-0.7653021,-58.86048,17.70391,33.42815
54.471856117,0.705681,-30.62162,-3.769361,0.3987996,-0.1767731,-0.6126925,-58.86048,17.70391,33.42815
54.481854439,1.07488,-31.98673,-1.025677,0.4312065,-0.05913403,-0.5721003,-58.86048,17.70391,33.42815
54.49185276,3.597743,-36.97233,0.4376215,0.4500939,-0.05293835,-0.5730919,-58.86048,17.70391,33.42815
54.501851082,5.197607,-44.80684,1.230241,0.5301418,0.0478088,-0.4105416,-58.08939,16.57228,33.8913
54.511848927,1.505613,-48.96151,0.01082622,0.666522,0.02685537,-0.3399446,-58.08939,16.57228,33.8913
54.521846771,3.474676,-54.24387,-0.1111153,0.8119262,0.1214931,-0.2957149,-58.08939,16.57228,33.8913
54.53184557,-12.09323,-58.5765900000003,1.535095,0.8751297,0.1584982,-0.1589619,-58.08939,16.57228,33.8913
54.541843414,-20.33868,-64.2744199999998,2.205774,0.9866155,-0.07048553,-0.1988191,-58.08939,16.57228,33.8913
54.551841259,-6.370641,-65.58017,2.083832,1.075392,-0.1285209,-0.2539951,-57.36803,17.36259,36.73082
54.561840058,-3.724712,-67.5981499999997,2.205774,1.074041,-0.03177597,-0.2994824,-57.36803,17.36259,36.73082
54.571837902,-7.84743800000001,-67.4794500000001,1.535095,1.140694,-0.07887436,-0.3330868,-57.36803,17.36259,36.73082
54.581836224,-5.139976,-65.5208199999999,1.230241,1.158635,-0.07567977,-0.3943766,-57.36803,17.36259,36.73082
54.591834068,-7.66283799999999,-62.9686700000001,-0.4159691,1.200833,-0.1443147,-0.4451616,-57.36803,17.36259,36.73082
54.601832867,2.674744,-59.2888199999997,-2.245092,1.309613,-0.1240103,-0.4262134,-55.86942,16.64418,40.42251
54.611830712,9.812599,-52.16653,-4.135185,1.283654,-0.06767426,-0.5329052,-55.86942,16.64418,40.42251
54.621828556,-1.571049,-50.92013,-2.549946,1.308198,0.1066744,-0.4382347,-55.86942,16.64418,40.42251
54.631827354,-17.87736,-45.93454,-1.879267,1.355595,0.04780049,-0.4426094,-55.86942,16.64418,40.42251
54.641825199,-19.60028,-43.14497,-2.123151,1.26522,0.03308221,-0.4749912,-55.86942,16.64418,40.42251
54.651823044,-19.47722,-41.3644,-5.29363,1.156346,0.09525874,-0.5078393,-53.25526,16.6813,42.50599
54.661821365,-14.49303,-40.29606,-9.68352500000001,1.024864,0.06352992,-0.5578524,-53.25526,16.6813,42.50599
54.671819687,-11.35483,-40.94894,-15.65866,1.051082,0.04499282,-0.4631352,-53.25526,16.6813,42.50599
54.681818008,-7.232106,-38.15937,-20.41438,1.083349,-0.0912614,-0.5004853,-53.25526,16.6813,42.50599
54.691815853,1.505613,-37.32844,-22.79224,1.027117,-0.2111088,-0.5185423,-53.25526,16.6813,42.50599
54.701814651,3.35161,-35.31046,-23.82874,0.9976624,-0.198758,-0.4859509,-52.51282,16.70055,44.12405
54.711812496,-0.2173175,-35.25111,-24.56039,0.9659478,-0.2212729,-0.4351608,-52.51282,16.70055,44.12405
54.721810341,-3.047846,-36.20074,-24.98719,0.9539723,-0.204969,-0.3801079,-52.51282,16.70055,44.12405
54.731809139,-4.893843,-38.51549,-24.62136,0.8950185,-0.1793763,-0.3766616,-52.51282,16.70055,44.12405
54.741806984,-4.093911,-43.44173,-24.25554,0.8459596,-0.0826791,-0.3244362,-52.51282,16.70055,44.12405
54.751805305,-7.10903899999999,-49.02086,-23.34098,0.799726,0.01874469,-0.2927957,-51.37572,15.58863,46.58949
54.76180315,-12.5855,-55.96508,-22.30447,0.7712672,0.05510521,-0.2937126,-51.37572,15.58863,46.58949
54.771801948,-17.20049,-62.3751400000002,-21.26797,0.755091,0.0849613,-0.3415497,-51.37572,15.58863,46.58949
54.781799793,-23.78455,-69.2600199999998,-19.19496,0.7424613,0.1596555,-0.3827045,-51.37572,15.58863,46.58949
54.791797638,-31.96847,-75.3733100000002,-18.15846,0.8083261,0.2342384,-0.3402452,-51.37572,15.58863,46.58949
54.801796436,-35.72199,-81.4272499999998,-19.49982,0.8036187,0.2712696,-0.5843204,-49.89337,15.99712,48.59809
54.811794281,-43.35212,-87.9560199999998,-18.95108,0.9090196,0.3219641,-0.3174717,-49.89337,15.99712,48.59809
54.821792126,-42.49065,-86.7689699999998,-15.10992,1.109372,0.05724406,-0.3656104,-49.89337,15.99712,48.59809
54.831790447,-29.38407,-90.4488099999999,-7.73246000000002,1.280838,-0.01848998,-0.4094402,-49.89337,15.99712,48.59809
54.841788769,-21.13862,-95.01894,-3.647419,1.372193,0.1277599,-0.2904717,-49.89337,15.99712,48.59809
54.85178709,-29.4456,-99.8264800000001,-2.367033,1.587178,0.1226824,-0.3008953,-47.979,13.37648,51.91571
54.861784935,-42.18298,-102.1412,-1.818297,1.648937,0.1804243,-0.3373896,-47.979,13.37648,51.91571
54.871783733,-58.24316,-103.3283,-3.70839,1.611332,0.1556008,-0.4727547,-47.979,13.37648,51.91571
54.881781578,-71.0420700000001,-104.5747,-7.18372300000002,1.584459,0.05303337,-0.5774896,-47.979,13.37648,51.91571
54.891779423,-71.8420000000002,-106.652,-10.41517,1.450881,-0.07588665,-0.6762888,-47.979,13.37648,51.91571
54.901777267,-62.2428200000002,-101.9038,-14.25633,1.313109,-0.2151513,-0.7812995,-43.16848,12.67964,55.24496
54.911776066,-45.32118,-94.3660700000003,-18.15846,1.142724,-0.251738,-0.853258,-43.16848,12.67964,55.24496
54.921773911,-25.13828,-85.1071000000002,-19.01205,0.9771116,-0.2828369,-0.919962,-43.16848,12.67964,55.24496
54.931772232,-8.33970399999999,-74.0675599999999,-16.63419,0.8055713,-0.2312191,-0.9622695,-43.16848,12.67964,55.24496
54.941770554,2.920877,-63.8589499999998,-12.91498,0.636957,-0.1266056,-0.9548238,-37.87328,9.703414,58.52514
54.951768875,6.73593800000001,-55.90573,-8.03731400000003,0.4881604,-0.04048739,-0.9933512,-37.87328,9.703414,58.52514
54.96176672,-2.801713,-41.89857,-4.744893,0.4801474,0.02461177,-0.9249178,-37.87328,9.703414,58.52514
54.971764565,-5.386109,-33.23313,-1.696355,0.4044509,-0.06935646,-0.8874326,-37.87328,9.703414,58.52514
54.981763363,-9.93956800000001,-17.62346,1.718008,0.4744789,0.02617137,-0.4774396,-37.87328,9.703414,58.52514
54.991761208,-12.9547,2.615702,5.681107,0.4761601,0.09690144,-0.2927304,-33.73737,8.977454,59.01128
55.001759529,-11.97016,20.00595,10.61974,0.4045232,0.09911235,-0.2150767,-33.73737,8.977454,59.01128
55.011757851,-3.293979,34.01311,15.61934,0.3116559,0.08640606,-0.2876551,-33.73737,8.977454,59.01128
55.021755695,5.320673,47.54544,21.04574,0.2856519,0.04185833,-0.3732635,-33.73737,8.977454,59.01128
55.031754017,7.90506900000002,60.2468500000002,26.41117,0.319661,0.04747739,-0.3637527,-33.73737,8.977454,59.01128
55.041751862,6.05907200000001,74.3727099999999,31.59368,0.4271669,0.1110108,-0.2912129,-31.84846,8.596995,57.3502
55.05175066,4.274609,88.9733999999999,34.94707,0.5181153,0.1471614,-0.2545304,-31.84846,8.596995,57.3502
55.061748505,3.843876,101.4967,38.78823,0.543476,0.1440054,-0.3354531,-31.84846,8.596995,57.3502
55.071746349,-3.109379,112.833,41.53191,0.5659252,0.2196164,-0.3522619,-31.84846,8.596995,57.3502
55.081745148,-17.38509,122.2701,43.30006,0.6714833,0.307232,-0.3519899,-31.84846,8.596995,57.3502
55.091742992,-36.09119,130.2827,43.78783,0.6824148,0.346182,-0.4204553,-34.49856,10.45512,54.48258
55.101741314,-57.3816899999997,134.556,43.78783,0.6935534,0.3202724,-0.5673909,-34.49856,10.45512,54.48258
55.111739159,-73.5649299999999,139.2449,44.76336,0.7457099,0.2136808,-0.6454623,-34.49856,10.45512,54.48258
55.121737957,-79.6567200000001,143.993,45.98278,0.7804088,0.1294396,-0.6861801,-34.49856,10.45512,54.48258
55.131735802,-76.2108600000003,146.9607,46.16569,0.804155,0.1361164,-0.6981876,-34.49856,10.45512,54.48258
55.141733646,-67.5346799999998,148.1477,45.43404,0.8299683,0.1365211,-0.7097185,-38.23856,11.14303,49.1617
55.151732445,-58.3662199999997,147.6135,44.03172,0.8509746,0.1334336,-0.7207616,-38.23856,11.14303,49.1617
55.161730289,-49.62851,146.1297,42.8123,0.8766826,0.1397992,-0.7179366,-38.23856,11.14303,49.1617
55.171728134,-43.35212,144.4679,41.22706,0.9101666,0.1216581,-0.7017187,-38.23856,11.14303,49.1617
55.181726456,-38.36792,142.6873,39.94667,0.9382288,0.1068247,-0.6840565,-38.23856,11.14303,49.1617
55.191724777,-34.18366,140.0758,38.42241,0.9569886,0.1205921,-0.6539425,-43.81887,10.29164,43.38351
55.201723099,-31.8454,137.2862,37.50784,0.962932,0.09041981,-0.6185304,-43.81887,10.29164,43.38351
55.211720944,-27.53807,135.0308,37.3859,0.9643894,0.03981074,-0.5764052,-43.81887,10.29164,43.38351
55.221719742,-21.20015,133.2503,37.26396,0.9755278,0.01852312,-0.537176,-43.81887,10.29164,43.38351
55.231717587,-15.23143,131.6478,36.71523,0.9887158,0.01759781,-0.5075271,-43.81887,10.29164,43.38351
55.241715431,-12.4009,131.1136,35.73969,1.024939,0.03562409,-0.474573,-47.47453,9.842221,38.45618
55.251713276,-10.7395,131.2916,35.12998,1.042324,0.04436456,-0.4597697,-47.47453,9.842221,38.45618
55.261712074,-10.86257,131.9445,34.15445,1.035653,0.06293978,-0.4334412,-47.47453,9.842221,38.45618
55.271709919,-12.70856,131.351,32.75212,1.035491,0.07175371,-0.425786,-47.47453,9.842221,38.45618
55.281708241,-13.75463,129.4517,31.3498,1.015645,0.06449264,-0.4329281,-47.47453,9.842221,38.45618
55.291706562,-13.01623,127.4337,30.06941,1.023268,0.04753001,-0.4444229,-50.85973,11.66693,32.29348
55.301704884,-12.70856,126.5434,28.72805,1.025648,0.05123742,-0.416192,-50.85973,11.66693,32.29348
55.311702728,-13.01623,125.3564,27.44767,1.026587,0.05401905,-0.3798226,-50.85973,11.66693,32.29348
55.321701527,-11.23177,123.8726,25.74049,1.028161,0.04832852,-0.3678595,-50.85973,11.66693,32.29348
55.331699371,-6.92443900000002,121.7953,23.48457,1.029107,0.02413347,-0.3587619,-50.85973,11.66693,32.29348
55.341697216,-0.4634504,119.5399,20.9238,1.017078,0.01618653,-0.3515602,-53.08336,11.60211,26.60077
55.351695538,6.12060500000003,116.5722,18.66788,1.030523,0.0009371247,-0.3477512,-53.08336,11.60211,26.60077
55.361693859,14.30453,113.7233,16.59487,1.05781,0.0009946851,-0.3473202,-53.08336,11.60211,26.60077
55.371692181,23.90371,110.637,14.82672,1.074094,-0.00986902,-0.3483029,-53.08336,11.60211,26.60077
55.381690025,34.73355,107.0165,14.21701,1.104902,0.03574799,-0.3684686,-53.08336,11.60211,26.60077
55.391688347,40.39462,103.8115,15.00963,1.105203,0.09819572,-0.3421635,-54.5985,13.44797,21.29049
55.401686668,38.05635,98.8852400000001,16.04613,1.058398,0.1262179,-0.3119388,-54.5985,13.44797,21.29049
55.411684513,34.54896,92.2377800000003,17.50943,1.029087,0.1042968,-0.3075749,-54.5985,13.44797,21.29049
55.421682358,34.30282,85.2341900000003,19.15564,1.006722,0.07565281,-0.3094428,-54.5985,13.44797,21.29049
55.431681156,35.90269,77.4590400000001,20.43603,0.9959334,0.0793535,-0.3065535,-54.5985,13.44797,21.29049
55.441679001,34.73355,70.3367499999999,20.67991,1.002557,0.1159651,-0.3027459,-55.71335,14.15175,15.53756
55.451677322,27.84184,62.8583500000001,20.13118,0.9900398,0.134416,-0.2773643,-55.71335,14.15175,15.53756
55.461675644,19.84252,55.55801,18.85079,1.014363,0.1105556,-0.2821863,-55.71335,14.15175,15.53756
55.474173069,15.96592,48.19832,16.83875,1.016343,0.08284345,-0.2879255,-55.71335,14.15175,15.53756
55.484171867,16.08899,42.5005,14.88769,0.9964918,0.07619543,-0.2811891,-54.9829,15.65483,12.697
55.491669655,16.70432,38.28648,13.24148,0.9851444,0.0838121,-0.2739927,-54.9829,15.65483,12.697
55.501668453,18.48878,32.70735,11.41236,0.9946221,0.09809604,-0.2735343,-54.9829,15.65483,12.697
55.511666298,18.73492,29.62103,10.74168,1.005995,0.1417932,-0.249158,-54.9829,15.65483,12.697
55.521664143,13.19693,27.06888,10.37586,0.9550492,0.1829242,-0.2112723,-54.9829,15.65483,12.697
55.531662941,7.22820399999999,24.27932,9.70517700000002,0.9569876,0.1841888,-0.1835186,-55.02104,17.91953,10.62082
55.544160366,0.2134152,22.02393,8.42479100000002,0.9696019,0.1618444,-0.1567345,-55.02104,17.91953,10.62082
55.551659107,-2.863246,20.59947,7.754113,0.9817458,0.1384662,-0.1356923,-55.02104,17.91953,10.62082
55.564157009,-5.93990799999998,17.45379,5.80304899999998,0.9886979,0.08066779,-0.09453204,-55.02104,17.91953,10.62082
55.574154854,-3.970845,13.952,4.034896,1.021241,0.03481826,-0.07734823,-55.02104,17.91953,10.62082
55.584152699,3.413143,11.3405,2.815481,1.020745,0.009657934,-0.06441933,-54.65498,18.66943,9.007035
55.594151497,11.04326,8.72899499999998,1.90092,0.9735525,0.005880084,-0.05667888,-54.65498,18.66943,9.007035
55.604149342,16.27359,6.71101499999999,0.803446099999999,0.9656684,0.03703074,-0.03418007,-54.65498,18.66943,9.007035
55.614147663,19.04258,6.82971999999999,0.1937385,0.9583528,0.09020475,0.004105069,-54.65498,18.66943,9.007035
55.621645927,17.44272,7.48259600000002,-0.1720861,0.9596716,0.1245274,0.0347228,-54.65498,18.66943,9.007035
55.634144306,11.96626,8.254177,0.1327677,0.9820576,0.1530456,0.07583398,-54.66284,19.04979,9.005007
55.64164257,7.53587,9.08511,0.2547093,0.975206,0.15499,0.09068128,-54.66284,19.04979,9.005007
55.651640892,2.305545,8.66964300000001,0.3766508,0.9824833,0.1308893,0.09641771,-54.66284,19.04979,9.005007
55.661638737,-1.324916,8.66964300000001,0.4376215,1.016147,0.1029497,0.1035449,-54.66284,19.04979,9.005007
55.674136639,-4.093911,9.32251899999998,-0.1111153,1.046835,0.1043402,0.1360342,-54.66284,19.04979,9.005007
55.684134483,-4.032378,9.67863400000001,-0.720822899999998,1.07287,0.09316126,0.1326416,-53.92122,19.43577,9.00854
55.694133282,-4.64771,9.44122399999999,-1.025677,1.082426,0.07732278,0.1335862,-53.92122,19.43577,9.00854
55.701632023,-3.847778,9.67863400000001,-1.696355,1.107872,0.09782366,0.1416724,-53.92122,19.43577,9.00854
55.714129448,-4.216978,11.16244,-2.123151,1.11955,0.1248645,0.150738,-53.92122,19.43577,9.00854
55.724127769,-7.29363900000002,11.87467,-2.367033,1.141267,0.1359273,0.1444758,-53.92122,19.43577,9.00854
55.734126091,-11.23177,11.81532,-1.818297,1.161648,0.1408262,0.1578391,-53.92122,19.43577,9.00854
55.744123936,-15.96982,11.51856,-1.574414,1.181214,0.1375972,0.1874776,-53.92122,19.43577,9.00854
55.75412178,-18.73882,10.0941,-2.428004,1.201669,0.1130263,0.2195128,-53.92122,19.43577,9.00854
55.764120579,-17.63122,9.85669000000001,-3.830332,1.187892,0.09436727,0.228156,-53.92122,19.43577,9.00854
55.774118423,-15.60063,9.02575799999998,-4.683922,1.187997,0.08839769,0.212843,-53.92122,19.43577,9.00854
55.784116745,-16.95436,10.15345,-4.50101,1.195878,0.1099699,0.2166523,-54.29596,19.43296,9.005759
55.794115066,-23.29228,11.3405,-3.586449,1.193087,0.1288797,0.218088,-54.29596,19.43296,9.005759
55.804113388,-30.86087,13.47719,-2.610917,1.221193,0.1107893,0.198422,-54.29596,19.43296,9.005759
55.814111233,-37.50646,16.3261,-1.26956,1.218004,0.0991383,0.2065664,-54.29596,19.43296,9.005759
55.824109077,-43.10598,18.34408,-0.2330568,1.201379,0.07580828,0.188894,-54.29596,19.43296,9.005759
55.834107876,-47.22871,19.82789,0.986358399999998,1.170066,0.05601419,0.1645464,-53.53244,18.68114,9.402378
55.84410572,-48.70551,21.07429,1.90092,1.115682,0.01924667,0.1407218,-53.53244,18.68114,9.402378
55.854103565,-48.5209,22.26134,2.266744,1.090506,0.0104444,0.1359822,-53.53244,18.68114,9.402378
55.864102364,-48.64397,23.62644,2.266744,1.055259,0.0189195,0.1293414,-53.53244,18.68114,9.402378
55.874100208,-48.33631,24.27932,2.388686,1.0018,0.01091538,0.1136437,-53.53244,18.68114,9.402378
55.88409853,-48.02864,23.98255,2.022861,0.9501885,-0.01814073,0.07689077,-53.87573,17.15691,9.40771
55.894096374,-46.49031,24.21996,2.022861,0.935064,-0.04329713,0.06878781,-53.87573,17.15691,9.40771
55.904095173,-42.42912,24.21996,1.778978,0.9030806,-0.05263211,0.07363173,-53.87573,17.15691,9.40771
55.914093018,-36.70652,23.68579,1.352183,0.8407073,-0.05305484,0.05603326,-53.87573,17.15691,9.40771
55.924090862,-32.64533,22.5581,0.925387699999998,0.7748002,-0.04663016,0.05088216,-53.49144,16.77609,9.025517
55.934089661,-28.39954,19.94659,-0.05014454,0.706168,-0.05105091,0.03473136,-53.49144,16.77609,9.025517
55.944087505,-24.46141,16.97897,-0.7817937,0.6437081,-0.04647556,0.03244619,-53.49144,16.77609,9.025517
55.95408535,-21.69242,14.07071,-1.879267,0.6182709,-0.04108542,0.03918921,-53.49144,16.77609,9.025517
55.964084148,-17.87736,13.12107,-3.098683,0.5880957,-0.04319644,0.03302086,-53.49144,16.77609,9.025517
55.974081993,-15.78522,13.59589,-3.647419,0.5327047,-0.02586011,0.02928435,-53.47571,16.01538,9.029572
55.984080315,-17.07742,13.41783,-3.098683,0.5140279,0.008855181,0.03983665,-53.47571,16.01538,9.029572
55.994078159,-21.01555,13.18042,-2.306063,0.5026814,0.01649819,0.04990455,-53.47571,16.01538,9.029572
56.004076958,-26.24587,12.94301,-1.513443,0.5020444,0.0249089,0.06761082,-53.47571,16.01538,9.029572
56.014074802,-32.2146,12.34949,-0.2940276,0.5220787,0.04751767,0.05225563,-53.47571,16.01538,9.029572
56.024072647,-40.95232,11.28115,1.90092,0.5337653,0.07403766,0.05749277,-53.09142,15.63457,8.64738
56.034071445,-53.3205,9.08511,4.217809,0.5555862,0.07985801,0.06223899,-53.09142,15.63457,8.64738
56.04406929,-64.1503400000001,6.77036799999997,5.86401899999998,0.5939428,0.03621623,0.09568369,-53.09142,15.63457,8.64738
56.054067135,-69.5037399999998,4.752387,6.65663900000001,0.6471832,-0.02257289,0.0879488,-53.09142,15.63457,8.64738
56.064065456,-68.7653400000001,2.971816,6.90052199999999,0.6873649,-0.03436086,0.0936247,-53.09142,15.63457,8.64738
56.074063778,-68.0269399999999,0.894483100000001,6.90052199999999,0.7050301,-0.04076678,0.09885989,-53.45551,14.88085,9.80966
56.084062099,-69.6883399999997,-0.2332119,6.22984400000002,0.8076591,-0.03034216,0.1135142,-53.45551,14.88085,9.80966
56.094059944,-69.6268000000001,-0.4706214,6.29081499999999,0.8648764,-0.01501852,0.1244177,-53.45551,14.88085,9.80966
56.104058743,-73.2572599999999,-0.589326100000003,6.53469799999998,0.9105266,-0.006862574,0.1205074,-53.45551,14.88085,9.80966
56.114056587,-76.3954600000002,-0.708030899999999,6.90052199999999,0.9705426,-0.06303988,0.1180244,-53.45551,14.88085,9.80966
56.124054432,-75.1647900000001,-1.064145,6.77858100000002,0.9884377,-0.1079447,0.1108261,-54.56599,14.11552,10.25688
56.134052753,-72.0266000000001,-0.708030899999999,7.205376,1.035223,-0.1078475,0.1265375,-54.56599,14.11552,10.25688
56.144051075,-72.4573400000001,-0.1145072,8.85158600000001,1.060387,-0.04583218,0.1580637,-54.56599,14.11552,10.25688
56.154049397,-78.3645200000002,-1.776374,10.80265,1.041892,-0.04726157,0.1480462,-54.56599,14.11552,10.25688
56.164047241,-81.4411800000003,-3.260183,12.63177,1.028677,-0.1225638,0.1255956,-54.56599,14.11552,10.25688
56.17404604,-78.85679,-3.20083,12.5708,1.011238,-0.1540042,0.1261127,-53.82774,14.50803,11.03441
56.184043884,-72.51887,-3.913059,10.74168,0.9782236,-0.1348601,0.1122866,-53.82774,14.50803,11.03441
56.194041729,-66.73474,-3.735002,9.27838200000003,0.9330466,-0.09061274,0.106611,-53.82774,14.50803,11.03441
56.204040527,-65.99635,-4.862697,8.668674,0.9112043,-0.04350096,0.0980226,-53.82774,14.50803,11.03441
56.214038372,-68.4576700000002,-5.69363,8.91255800000001,0.920383,-0.04030842,0.0554125,-53.82774,14.50803,11.03441
56.224036217,-69.8114,-5.69363,9.52226500000001,0.8947154,-0.04926515,0.03488078,-54.20785,14.51557,12.25714
56.234034538,-72.08813,-6.52456300000001,10.13197,0.8220593,-0.02129505,0.009157136,-54.20785,14.51557,12.25714
56.24403286,-77.0723299999999,-9.78894299999998,10.13197,0.7476951,-0.006667737,-0.03713887,-54.20785,14.51557,12.25714
56.254031181,-82.3641799999998,-13.52814,10.37586,0.7303569,-0.04420942,-0.06629211,-54.20785,14.51557,12.25714
56.264029026,-84.7024499999999,-16.79252,9.09546899999999,0.7370679,-0.01257397,-0.0754049,-54.20785,14.51557,12.25714
56.274027824,-86.5484399999999,-21.48136,6.83955100000002,0.7150287,-0.03390145,-0.1280044,-54.58993,14.52693,13.93137
56.284025669,-84.8870499999999,-26.64502,4.217809,0.7116972,-0.06487548,-0.1600552,-54.58993,14.52693,13.93137
56.294023514,-83.0410500000002,-30.79968,0.0717969800000001,0.7268921,0.007601932,-0.1849863,-54.58993,14.52693,13.93137
56.304021359,-85.4408399999999,-37.80326,-3.647419,0.7156956,0.005282482,-0.2548383,-54.58993,14.52693,13.93137
56.314020157,-85.50238,-45.45972,-7.42760699999997,0.7187952,-0.03173354,-0.3237491,-54.58993,14.52693,13.93137
56.324018002,-84.8870499999999,-49.31762,-11.87847,1.029022,-0.1395421,0.1811142,-54.95966,13.7841,16.38365
56.334016323,-136.9442,-10.56052,8.05896700000001,2.087013,-0.1361919,1.551347,-54.95966,13.7841,16.38365
56.344014645,-186.1092,35.31886,41.71482,2.713358,-0.07027776,1.453565,-54.95966,13.7841,16.38365
56.354012966,-191.278,21.13364,51.28724,1.527721,-0.8369431,0.7408369,-54.95966,13.7841,16.38365
56.364010811,-167.4646,-10.26376,19.64341,0.9124357,-0.6801917,0.08382712,-54.95966,13.7841,16.38365
56.374009609,-126.422,-43.50109,-6.39110400000002,1.649362,-0.6336284,0.1811171,-54.9468,12.66374,18.84075
56.384007454,-40.46005,-50.92013,-8.34216799999998,1.868891,-0.6715978,0.2305161,-54.9468,12.66374,18.84075
56.394005299,62.6081100000002,-55.66832,-16.39031,1.156211,-0.4343926,-0.186578,-54.9468,12.66374,18.84075
56.40400362,102.5432,-65.58017,-24.49942,0.6171567,0.06017575,-0.3623602,-54.9468,12.66374,18.84075
56.414001942,74.97629,-75.0172,-29.86485,1.116652,0.5025343,-0.257101,-54.9468,12.66374,18.84075
56.424000263,19.16565,-70.6251200000001,-20.1705,1.341107,0.4858539,-0.2814168,-54.93196,11.53956,20.84634
56.433998108,-44.39818,-65.9362899999999,-8.15925599999997,1.004008,0.1133604,-0.4310061,-54.93196,11.53956,20.84634
56.44399643,-82.3641799999998,-66.8265700000002,-6.20819099999998,0.9138934,-0.1253694,-0.5690961,-54.93196,11.53956,20.84634
56.453994751,-88.8866999999998,-63.7402500000003,-9.07381699999998,1.11611,-0.2008307,-0.4904641,-54.93196,11.53956,20.84634
56.463992596,-73.2572599999999,-55.0748,-11.26876,1.167959,-0.234144,-0.3665947,-54.93196,11.53956,20.84634
56.47399044,-53.19743,-48.07122,-9.80546599999998,1.069287,-0.4034197,-0.3840864,-54.55588,10.80945,24.14269
56.483989239,-26.12281,-42.37339,-7.976343,1.045277,-0.4472735,-0.3452686,-54.55588,10.80945,24.14269
56.493987084,2.182479,-35.42916,-10.17129,1.041374,-0.3667658,-0.2481316,-54.55588,10.80945,24.14269
56.503985405,16.88892,-30.44357,-10.04935,1.026108,-0.1998621,-0.1375969,-54.55588,10.80945,24.14269
56.513983727,6.12060500000003,-28.12883,-8.58605100000002,1.03773,-0.03864451,-0.06922226,-53.78397,9.311086,26.22038
56.523982048,-10.30877,-24.33027,-8.03731400000003,1.056605,-0.08413433,-0.08934365,-53.78397,9.311086,26.22038
56.533979893,-19.53875,-21.60007,-6.08625000000001,1.015852,-0.1985938,-0.1361436,-53.78397,9.311086,26.22038
56.543978691,-21.07708,-18.03892,-3.220624,1.007241,-0.2326043,-0.1169768,-53.78397,9.311086,26.22038
56.553976536,-17.13896,-14.9526,-1.818297,0.9475067,-0.2692231,-0.1130346,-53.78397,9.311086,26.22038
56.563974381,-6.80137299999998,-16.55511,-3.220624,0.9041227,-0.296708,-0.2081885,-53.40056,8.566806,27.83972
56.573972225,2.059412,-18.09828,-4.622952,0.9760749,-0.1824287,-0.1422999,-53.40056,8.566806,27.83972
56.583971024,3.843876,-17.62346,-5.110718,1.01,-0.1188999,-0.07058899,-53.40056,8.566806,27.83972
56.593968868,6.612871,-18.63245,-4.379068,0.9393982,-0.1753037,-0.134102,-53.40056,8.566806,27.83972
56.60396719,9.074201,-24.03351,-4.50101,0.9086401,-0.01730236,-0.1661536,-53.40056,8.566806,27.83972
56.613965511,-6.12450699999998,-28.36624,-5.720425,0.971638,0.2105104,-0.1002786,-52.63704,7.814988,28.23634
56.623963833,-23.90761,-32.10543,-4.622952,0.9855693,0.1960198,-0.06775603,-52.63704,7.814988,28.23634
56.633961677,-41.56765,-33.52989,-2.91577,1.032296,0.09556977,-0.04723286,-52.63704,7.814988,28.23634
56.643960476,-47.04411,-34.71694,-1.574414,1.041361,-0.07660342,-0.08309752,-52.63704,7.814988,28.23634
56.653958321,-45.32118,-37.20974,-2.06218,1.006345,-0.1329996,-0.1165223,-52.63704,7.814988,28.23634
56.663956165,-43.41365,-37.98132,-4.013244,1.021232,-0.09522659,-0.1098579,-52.64606,7.832422,30.30035
56.67395401,-46.98257,-36.85362,-3.830332,1.040578,-0.06042053,-0.06539301,-52.64606,7.832422,30.30035
56.683952808,-48.95164,-36.2601,-3.281595,0.9964775,-0.1263168,-0.108371,-52.64606,7.832422,30.30035
56.693950653,-46.85951,-37.26909,-3.281595,0.9714451,-0.1693822,-0.1403809,-52.64606,7.832422,30.30035
56.703948975,-44.58278,-38.21873,-4.074214,0.989589,-0.1232092,-0.1255886,-52.64606,7.832422,30.30035
56.713947296,-45.81344,-39.34642,-4.927805,1.028438,-0.1153973,-0.09933659,-51.49575,6.329787,31.54231
56.723945618,-43.53671,-38.93095,-5.232659,1.028792,-0.1607934,-0.1222972,-51.49575,6.329787,31.54231
56.733943462,-40.02932,-38.63419,-5.78139599999999,1.032771,-0.1915089,-0.1419178,-51.49575,6.329787,31.54231
56.743941307,-32.03,-37.74391,-6.02527899999998,1.060806,-0.2056693,-0.1567989,-51.49575,6.329787,31.54231
56.753940105,-26.49201,-35.72593,-5.964308,1.070332,-0.1937307,-0.147247,-51.49575,6.329787,31.54231
56.76393795,-22.49235,-34.83564,-5.476542,1.049673,-0.1585477,-0.1874205,-50.72553,4.834693,34.007
56.773936272,-25.50747,-35.36981,-5.110718,1.0114,-0.1184891,-0.1878427,-50.72553,4.834693,34.007
56.783934593,-25.56901,-35.48852,-6.513045,1.014999,-0.1799835,-0.1715615,-50.72553,4.834693,34.007
56.793932915,-20.58482,-34.77629,-7.54954800000001,1.037736,-0.2241497,-0.2146616,-50.72553,4.834693,34.007
56.803930759,-17.69275,-32.93637,-6.75692799999998,1.047907,-0.221134,-0.2256874,-50.72553,4.834693,34.007
56.813929081,-16.09289,-30.74033,-4.988776,1.040797,-0.2313389,-0.2103579,-50.69158,2.943265,35.24264
56.823927402,-13.6931,-29.07846,-3.830332,0.9876795,-0.2571889,-0.212173,-50.69158,2.943265,35.24264
56.833925247,-13.44696,-28.95976,-2.245092,0.9648203,-0.2075754,-0.2107102,-50.69158,2.943265,35.24264
56.843923092,-18.36962,-28.18818,-0.3549984,0.9546774,-0.1599605,-0.1896474,-50.69158,2.943265,35.24264
56.85392189,-22.67695,-28.36624,0.5595631,0.9329497,-0.2490504,-0.2135154,-50.69158,2.943265,35.24264
56.863919735,-12.83163,-28.12883,-0.4769399,0.9288262,-0.3682412,-0.2723424,-49.56486,2.581698,36.47852
56.873918056,8.45886800000002,-27.95077,-2.671887,0.9289091,-0.3477169,-0.3130268,-49.56486,2.581698,36.47852
56.883916378,19.71945,-27.11983,-5.29363,0.9376284,-0.1113288,-0.3078385,-49.56486,2.581698,36.47852
56.8939147,9.19726699999998,-28.18818,-6.02527899999998,0.9669106,0.04408276,-0.2217859,-49.56486,2.581698,36.47852
56.903912544,5.136074,-29.19717,-7.06178199999999,0.9591472,-0.088738,-0.2753386,-49.56486,2.581698,36.47852
56.913911343,8.45886800000002,-30.91838,-6.26916200000001,0.9411409,0.06529092,-0.29114,-48.45188,2.97703,37.25883
56.923909187,-5.447642,-32.28349,-5.720425,0.9973818,0.1613073,-0.1692258,-48.45188,2.97703,37.25883
56.933907032,-8.21663800000001,-33.64859,-5.720425,1.000745,-0.07164321,-0.2495725,-48.45188,2.97703,37.25883
56.943904877,2.059412,-31.68997,-6.33013299999999,0.9993791,-0.206933,-0.2681997,-48.45188,2.97703,37.25883
56.953903675,17.13505,-28.7817,-7.18372300000002,1.04047,-0.3971489,-0.2739653,-48.45188,2.97703,37.25883
56.96390152,38.11789,-27.77271,-7.67149000000001,0.9980738,-0.5290873,-0.3686155,-47.31558,2.231837,38.10974
56.973899841,51.71673,-28.24753,-8.76896300000003,0.9502588,-0.3685932,-0.3039657,-47.31558,2.231837,38.10974
56.983898163,49.87073,-27.17919,-8.46410900000001,0.8950315,-0.3064145,-0.2402348,-47.31558,2.231837,38.10974
56.993896484,45.3788,-27.4166,-7.42760699999997,0.9592785,-0.3813687,-0.2857922,-47.31558,2.231837,38.10974
57.003894329,55.47026,-25.51732,-6.81789900000001,0.9704273,-0.2243657,-0.358117,-47.31558,2.231837,38.10974
57.013892174,49.50153,-27.29789,-6.57401600000003,0.9691524,0.1545251,-0.371134,-46.62775,1.870259,39.72937
57.023890972,23.59604,-28.54429,-7.54954800000001,1.116242,0.2648831,-0.2589534,-46.62775,1.870259,39.72937
57.033888817,13.99686,-26.64502,-7.42760699999997,1.194117,0.01035243,-0.2566307,-46.62775,1.870259,39.72937
57.043886662,29.68783,-28.84105,-7.18372300000002,1.190449,0.05098595,-0.2159559,-46.62775,1.870259,39.72937
57.05388546,29.31863,-29.07846,-9.92740700000002,1.229559,0.1502663,-0.1251201,-46.30019,4.155206,39.71999
57.063883305,29.56477,-29.85004,-9.92740700000002,1.211341,0.1817915,-0.3045625,-46.30019,4.155206,39.71999
57.073881626,6.36673800000001,-24.98315,-5.537513,1.185714,0.349747,-0.4280337,-46.30019,4.155206,39.71999
57.083879948,-19.29262,-18.6918,1.230241,1.077662,0.2866781,-0.6077737,-46.30019,4.155206,39.71999
57.093878269,-46.42878,-10.44182,6.77858100000002,1.062009,0.2625392,-0.6627765,-46.30019,4.155206,39.71999
57.103876114,-59.3507499999997,-2.013783,6.77858100000002,1.042058,0.1819813,-0.7139286,-44.8206,4.934251,40.56555
57.113873959,-62.3658799999999,7.18583399999999,4.827517,0.9743929,0.07555918,-0.6740614,-44.8206,4.934251,40.56555
57.123872757,-57.4432299999999,15.02035,3.059364,1.000897,-0.03643537,-0.5970281,-44.8206,4.934251,40.56555
57.133870602,-50.1823,23.03292,2.510627,1.028766,-0.09161793,-0.5276689,-44.8206,4.934251,40.56555
57.143868923,-46.05958,28.55269,3.120335,1.025345,-0.08818993,-0.4113698,-44.8206,4.934251,40.56555
57.153867245,-47.90557,31.46095,3.730042,1.014807,-0.0174707,-0.3075186,-44.41862,3.788913,39.73592
57.163865566,-55.90489,33.8944,4.400721,1.042999,-0.01261824,-0.2630615,-44.41862,3.788913,39.73592
57.173863411,-60.33529,35.08145,6.71760999999998,1.035668,0.01596983,-0.203234,-44.41862,3.788913,39.73592
57.183861733,-63.2888800000001,35.25951,7.38828800000001,0.9707452,0.07479572,-0.1662856,-44.41862,3.788913,39.73592
57.193860054,-68.0884699999998,34.66598,6.90052199999999,0.9244659,0.04733787,-0.1992196,-44.41862,3.788913,39.73592
57.203857899,-64.7656799999999,33.59764,6.04693200000002,0.8464189,0.02520651,-0.2186995,-45.48441,1.111447,38.96777
57.213855743,-59.5968899999998,30.86743,3.303247,0.7680913,-0.03462863,-0.2687981,-45.48441,1.111447,38.96777
57.223854542,-50.98223,27.30629,0.4985923,0.7057715,-0.1685404,-0.3236912,-45.48441,1.111447,38.96777
57.233852387,-38.36792,22.73615,-1.574414,0.6352544,-0.3077105,-0.4044117,-45.48441,1.111447,38.96777
57.243850708,-18.80035,16.86027,-2.732858,0.5759934,-0.3960446,-0.4239073,-45.48441,1.111447,38.96777
57.25384903,-3.601645,13.00237,-1.818297,0.5229722,-0.3760924,-0.4654562,-45.03605,-1.949289,36.53576
57.263847351,4.520741,5.702025,-0.720822899999998,0.4372132,-0.3778886,-0.5294354,-45.03605,-1.949289,36.53576
57.273845196,10.05873,-3.497592,1.169271,0.4033988,-0.2894933,-0.5145633,-45.03605,-1.949289,36.53576
57.283843994,9.50493299999999,-12.63786,0.4985923,0.348787,-0.1594699,-0.5786308,-45.03605,-1.949289,36.53576
57.293841839,2.059412,-22.31229,0.2547093,0.3422261,-0.0184713,-0.6092846,-45.03605,-1.949289,36.53576
57.303839684,-7.78590499999999,-31.80867,-1.025677,0.4044932,0.01352676,-0.5926511,-46.52349,-2.347978,35.68816
57.313837528,-11.17023,-39.40577,-1.696355,0.4768702,0.000733763,-0.5540094,-46.52349,-2.347978,35.68816
57.323836327,-1.140316,-46.05324,-3.281595,0.5702932,-0.06519065,-0.3665535,-46.52349,-2.347978,35.68816
57.333834171,9.75106599999998,-47.41834,-0.4159691,0.7519131,-0.163323,-0.4371955,-46.52349,-2.347978,35.68816
57.343832493,15.59672,-46.52806,4.705575,0.9129982,-0.09727226,-0.3116278,-46.52349,-2.347978,35.68816
57.353830814,10.48946,-45.99389,7.87605399999997,0.970472,-0.1732216,-0.2920868,-46.09165,-2.334345,36.91691
57.363829136,5.44374,-50.50467,11.90012,0.9319274,-0.2746783,-0.3034793,-46.09165,-2.334345,36.91691
57.373826981,7.41280299999999,-55.25286,13.97313,0.9447108,-0.3040707,-0.1977287,-46.09165,-2.334345,36.91691
57.383825779,11.96626,-59.1701099999999,14.94866,0.8899034,-0.2649993,-0.1641429,-46.09165,-2.334345,36.91691
57.393823624,19.28872,-61.54421,12.75372,0.799406,-0.06762326,-0.2779371,-46.09165,-2.334345,36.91691
57.403821468,3.720809,-66.8265700000002,10.61974,0.7298176,0.1569838,-0.4348466,-44.69114,-1.158525,39.7595
57.413819313,-13.63156,-69.7348399999998,8.24187900000002,0.6387414,0.09967111,-0.5533599,-44.69114,-1.158525,39.7595
57.423818112,-40.89079,-70.5657700000001,6.10790299999999,0.7462602,-0.07104097,-0.4831527,-44.69114,-1.158525,39.7595
57.433815956,-26.06128,-65.99564,4.461692,1.114198,-0.3279762,-0.3085691,-44.69114,-1.158525,39.7595
57.443814278,1.136414,-58.4578900000001,9.76614900000002,1.327745,-0.3097843,-0.3749896,-44.69114,-1.158525,39.7595
57.453812599,14.55066,-55.49026,12.08304,1.345094,-0.03725529,-0.2626246,-42.84387,-0.3630481,42.22036
57.463810921,0.5826145,-53.11617,13.48536,1.358641,0.2001816,-0.3124812,-42.84387,-0.3630481,42.22036
57.473808766,-9.57036899999999,-51.92912,10.98556,1.235656,0.183313,-0.35007,-42.84387,-0.3630481,42.22036
57.48380661,-18.49269,-52.52265,8.30284999999999,1.133545,0.3005565,-0.3805511,-42.84387,-0.3630481,42.22036
57.493805409,-23.23075,-51.81042,3.912955,1.1068,0.1670545,-0.414449,-42.84387,-0.3630481,42.22036
57.503803253,-7.232106,-49.43633,-0.1720861,1.012811,0.08204173,-0.5798506,-41.36349,0.04926062,44.68047
57.513801575,4.889941,-45.99389,-4.440039,0.9880949,0.1524176,-0.5889186,-41.36349,0.04926062,44.68047
57.523799896,-16.70822,-41.72052,-1.696355,1.180843,0.166292,-0.4983287,-41.36349,0.04926062,44.68047
57.533798218,-21.38475,-36.43816,-0.1111153,1.199651,-0.290025,-0.4877153,-41.36349,0.04926062,44.68047
57.543796063,-0.7711166,-36.02269,-0.05014454,1.258366,-0.2215049,-0.3490482,-41.36349,0.04926062,44.68047
57.553794384,1.567146,-36.14139,-1.147618,1.218303,-0.08394589,-0.2585629,-39.1162,-0.2967858,46.76318
57.563792706,-7.232106,-39.04966,0.31568,1.101879,-0.007939309,-0.2507223,-39.1162,-0.2967858,46.76318
57.57379055,-18.67729,-43.38238,1.352183,0.9997638,0.03146133,-0.2912334,-39.1162,-0.2967858,46.76318
57.583789349,-23.16921,-47.77446,0.4376215,0.9185854,0.06945277,-0.4246244,-39.1162,-0.2967858,46.76318
57.593787193,-29.0764,-51.75107,-1.147618,0.8167935,0.2201877,-0.5130224,-37.99733,-0.277997,47.99703
57.603785038,-39.59859,-56.3212,-2.184121,0.74567,0.3740075,-0.5430883,-37.99733,-0.277997,47.99703
57.61378336,-57.6278200000001,-56.08379,-1.635384,0.7563871,0.4255272,-0.5651347,-37.99733,-0.277997,47.99703
57.623781681,-68.0884699999998,-53.88775,-0.4769399,0.7839581,0.2287358,-0.5699179,-37.99733,-0.277997,47.99703
57.633780003,-69.0114699999999,-52.81941,5.254312,0.8484722,0.06284655,-0.5699876,-37.99733,-0.277997,47.99703
57.643777847,-63.6580799999999,-53.41293,9.40032399999997,0.8124626,0.1650767,-0.5254436,-36.85318,-1.403544,48.84996
57.653776646,-72.4573400000001,-59.8823399999999,12.81469,0.7636601,0.4315621,-0.3995616,-36.85318,-1.403544,48.84996
57.66377449,-97.8090199999998,-71.5154100000001,13.79022,0.8054831,0.5164406,-0.2953268,-36.85318,-1.403544,48.84996
57.673772335,-117.9919,-79.4092700000001,13.42439,0.9958541,0.5274708,-0.1918105,-36.85318,-1.403544,48.84996
57.68377018,-128.4526,-83.4452399999998,8.72964499999998,1.056194,0.3736414,-0.2985985,-36.85318,-1.403544,48.84996
57.693768978,-119.5303,-88.3714800000001,7.99799599999998,1.115262,0.132598,-0.3747331,-34.92979,-4.04162,50.10357
57.703766823,-101.9317,-88.4308300000002,3.851984,1.186079,0.07157732,-0.3987696,-34.92979,-4.04162,50.10357
57.713765144,-85.9946400000002,-88.9650000000003,-0.598881400000002,1.311498,-0.09645075,-0.4984888,-34.92979,-4.04162,50.10357
57.723763466,-63.9657499999998,-90.3894700000001,-4.257127,1.341708,-0.1491856,-0.5382497,-34.92979,-4.04162,50.10357
57.733761787,-44.58278,-86.94702,-10.3542,1.35175,-0.1409377,-0.614363,-34.92979,-4.04162,50.10357
57.743759632,-34.73746,-87.0657299999999,-12.18333,1.306315,-0.2401193,-0.6807802,-31.83603,-8.890546,51.31284
57.75375843,-19.10802,-85.7599800000002,-14.01245,1.254535,-0.3149381,-0.8323793,-31.83603,-8.890546,51.31284
57.763756275,-7.10903899999999,-85.7006199999998,-15.71963,1.19513,-0.3185249,-0.8834825,-31.83603,-8.890546,51.31284
57.77375412,1.013347,-84.27617,-17.2439,1.125266,-0.2845552,-0.9498914,-31.83603,-8.890546,51.31284
57.783751965,4.766874,-81.3085500000003,-15.23186,1.031903,-0.2431554,-0.9502181,-31.83603,-8.890546,51.31284
57.793750763,-6.49370699999998,-77.1538799999999,-12.36624,0.9338483,-0.2093636,-0.8691764,-29.15191,-11.90989,51.80003
57.803748608,-17.44662,-70.6844799999999,-9.74449500000001,0.8053957,-0.1933303,-0.8574708,-29.15191,-11.90989,51.80003
57.813746929,-27.66114,-65.10535,-7.244694,0.6612741,-0.2750125,-0.7633976,-29.15191,-11.90989,51.80003
57.823745251,-29.38407,-56.2025,0.2547093,0.5087715,-0.35537,-0.8248474,-29.15191,-11.90989,51.80003
57.833743572,-31.96847,-46.40936,10.55877,0.5177736,-0.2335373,-0.6473427,-29.15191,-11.90989,51.80003
57.843741417,-49.4439,-29.67199,19.39953,0.6427006,-0.08166193,-0.411183,-25.01402,-12.63966,51.83468
57.853740215,-69.0114699999999,-12.34109,25.98437,0.6441154,0.002327106,-0.2638057,-25.01402,-12.63966,51.83468
57.86373806,-79.5336500000001,2.378292,30.80106,0.5176975,-0.06508588,-0.2946754,-25.01402,-12.63966,51.83468
57.873735905,-78.9798600000001,14.48618,35.80066,0.4185063,-0.1553519,-0.3327653,-25.01402,-12.63966,51.83468
57.883734226,-74.9801900000002,26.83147,43.11715,0.4911231,-0.1037644,-0.3218979,-25.01402,-12.63966,51.83468
57.893732548,-77.0723299999999,42.32244,48.72646,0.6244615,-0.01589723,-0.3010956,-23.84511,-14.54336,50.62766
57.903730869,-80.7027899999997,56.92312,51.71403,0.6666182,0.02215577,-0.3227149,-23.84511,-14.54336,50.62766
57.913728714,-83.53332,68.9716500000002,53.90898,0.6484145,0.1085033,-0.3528557,-23.84511,-14.54336,50.62766
57.923727512,-86.1792400000001,78.2899699999997,56.28684,0.670989,0.1244064,-0.4160711,-23.84511,-14.54336,50.62766
57.933725357,-88.1483099999998,87.5489300000001,57.3233400000002,0.7137668,0.1558659,-0.4161538,-23.84511,-14.54336,50.62766
57.943723202,-90.4250300000001,95.3241000000002,55.31131,0.7488552,0.1811798,-0.4339288,-24.89992,-17.24207,47.34399
57.953722,-89.6866400000002,99.47877,53.17733,0.7817882,0.1905326,-0.4918964,-24.89992,-17.24207,47.34399
57.963719845,-87.34837,103.0993,52.44568,0.8292699,0.1779117,-0.5398334,-24.89992,-17.24207,47.34399
57.97371769,-81.9334500000001,105.9482,51.28724,0.8177106,0.1181572,-0.5661196,-24.89992,-17.24207,47.34399
57.983716488,-71.3497299999998,106.3636,50.98238,0.867318,0.07005183,-0.6197942,-24.89992,-17.24207,47.34399
57.993714333,-52.3975,107.0165,49.58006,0.8964541,-0.003731315,-0.6739051,-28.96383,-18.84619,41.19398
58.003712654,-31.41467,106.0075,47.56802,0.8606442,0.008536858,-0.6896389,-28.96383,-18.84619,41.19398
58.013710499,-18.06195,102.8025,45.55598,0.8798582,0.1005313,-0.714582,-28.96383,-18.84619,41.19398
58.023709297,-15.84676,99.4194100000002,43.66589,0.8955227,0.1747785,-0.7064927,-28.96383,-18.84619,41.19398
58.033707142,-19.53875,95.9176300000001,42.14162,0.8974248,0.1772283,-0.7084109,-28.96383,-18.84619,41.19398
58.043704987,-22.80001,92.1784199999999,41.47094,0.9182997,0.1551821,-0.7199274,-32.66086,-20.06714,35.04473
58.053703785,-23.29228,88.43922,41.10512,0.9029442,0.1420819,-0.7376046,-32.66086,-20.06714,35.04473
58.06370163,-22.67695,86.1838299999997,41.65385,0.9034903,0.1385376,-0.7543548,-32.66086,-20.06714,35.04473
58.073699474,-23.10768,84.7000299999998,43.05618,0.8787857,0.1828527,-0.7437945,-32.66086,-20.06714,35.04473
58.083697796,-27.16887,83.5723299999999,44.82433,0.849645,0.2300746,-0.7246128,-32.66086,-20.06714,35.04473
58.093696117,-33.44526,82.2665800000002,47.44608,0.8490002,0.2646559,-0.7145705,-36.76945,-19.75912,30.1101
58.103694439,-41.19845,81.9104599999997,48.8484,0.8320164,0.2873701,-0.6915751,-36.76945,-19.75912,30.1101
58.113692284,-48.5209,81.43565,49.58006,0.8547085,0.2992407,-0.6648175,-36.76945,-19.75912,30.1101
58.123691082,-53.1359,81.7324100000001,48.66549,0.8703616,0.2705602,-0.6466514,-36.76945,-19.75912,30.1101
58.133688927,-53.56663,82.5039900000002,47.01928,0.8591168,0.2472585,-0.6198256,-36.76945,-19.75912,30.1101
58.143686771,-49.75157,83.3942699999999,44.82433,0.8715025,0.2370406,-0.5949586,-37.8978,-18.66409,25.64515
58.15368557,-43.96745,84.7000299999998,42.01968,0.8901199,0.232278,-0.5715396,-37.8978,-18.66409,25.64515
58.163683414,-37.56799,86.9554099999999,38.48338,0.9097744,0.2241079,-0.550993,-37.8978,-18.66409,25.64515
58.173681259,-29.8148,88.4985700000001,35.12998,0.9110618,0.2077035,-0.5409409,-37.8978,-18.66409,25.64515
58.183680058,-22.30775,90.2791399999998,31.65465,0.9438004,0.2030707,-0.5338181,-38.27218,-17.93724,21.9618
58.193677902,-16.89282,92.5938899999999,28.78902,0.9759771,0.2286693,-0.5142592,-38.27218,-17.93724,21.9618
58.203676224,-15.29296,94.8492800000002,26.53311,0.9842986,0.2534379,-0.4807797,-38.27218,-17.93724,21.9618
58.213674069,-17.44662,96.7485599999997,24.70398,0.9812992,0.2579187,-0.4625898,-38.27218,-17.93724,21.9618
58.223672867,-20.58482,97.5794899999999,23.54554,0.9852896,0.2532083,-0.4549383,-38.27218,-17.93724,21.9618
58.233670712,-24.15374,97.6981999999998,22.69195,0.9760374,0.2274724,-0.4329011,-40.50536,-17.61844,16.65406
58.243668556,-27.16887,97.4607800000001,22.14321,0.967814,0.1988324,-0.411822,-40.50536,-17.61844,16.65406
58.253667355,-28.338,96.3924399999998,21.89933,0.9626471,0.1892878,-0.3816603,-40.50536,-17.61844,16.65406
58.263665199,-28.95334,94.9086300000002,21.41156,0.9708885,0.1920734,-0.360618,-40.50536,-17.61844,16.65406
58.273663521,-30.5532,92.89065,20.80186,0.9625766,0.194024,-0.3419395,-40.50536,-17.61844,16.65406
58.283661842,-34.67593,89.1514500000001,20.497,0.9314246,0.1925814,-0.3260918,-40.87358,-17.26868,13.35974
58.293660164,-37.93719,84.2252000000001,19.88729,0.9704309,0.1393862,-0.3290176,-40.87358,-17.26868,13.35974
58.303658009,-35.84506,79.89248,18.85079,0.9912382,0.1213973,-0.3218706,-40.87358,-17.26868,13.35974
58.313655853,-35.35279,75.7378199999999,17.50943,0.9669127,0.1459541,-0.2940771,-40.87358,-17.26868,13.35974
58.323654652,-36.58346,70.5741599999999,16.47293,0.9626855,0.1640742,-0.269667,-40.87358,-17.26868,13.35974
58.333652496,-40.33699,65.64791,15.74128,0.9707088,0.1536745,-0.2021991,-41.60082,-17.68245,10.06669
58.343650341,-40.39852,59.5346200000002,13.60731,0.9790946,0.09657803,-0.1935846,-41.60082,-17.68245,10.06669
58.353649139,-31.04547,56.50765,11.29042,1.041228,0.05749877,-0.1908114,-41.60082,-17.68245,10.06669
58.363646984,-22.12315,55.14255,9.40032399999997,1.056173,0.09322485,-0.1425105,-41.60082,-17.68245,10.06669
58.373645306,-16.95436,52.41234,7.81508400000003,1.0785,0.1501668,-0.1282068,-41.60082,-17.68245,10.06669
58.383643627,-16.83129,51.87817,7.63217200000002,1.134327,0.1879347,-0.1043851,-41.60272,-16.94843,6.902115
58.393641949,-20.15409,50.92853,7.87605399999997,1.183824,0.2256521,-0.07241645,-41.60272,-16.94843,6.902115
58.403639793,-25.93821,50.2163,7.81508400000003,1.207389,0.2171962,-0.03847646,-41.60272,-16.94843,6.902115
58.413637638,-30.30707,49.20731,7.26634699999998,1.2186,0.1656018,-0.0188611,-41.60272,-16.94843,6.902115
58.423636437,-28.95334,49.62278,5.98596099999998,1.224905,0.1415302,-0.007858645,-41.60272,-16.94843,6.902115
58.433634281,-28.5226,50.75047,5.0714,1.228922,0.1617701,0.01797225,-41.61139,-16.20134,5.285551
58.443632126,-30.67627,52.17493,4.583633,1.223493,0.1655942,0.02276649,-41.61139,-16.20134,5.285551
58.453630924,-34.67593,54.84579,4.705575,1.202766,0.1535133,0.02184858,-41.61139,-16.20134,5.285551
58.463628769,-39.72165,58.6443399999999,5.0714,1.194294,0.1635858,0.02568936,-41.61139,-16.20134,5.285551
58.473627091,-45.93651,62.6209400000001,5.559165,1.194252,0.1661024,0.03526031,-41.61139,-16.20134,5.285551
58.483625412,-52.45903,66.2414399999999,6.65663900000001,1.165702,0.1552721,0.02861281,-41.5945,-16.59913,3.223569
58.493623734,-57.93549,69.2090499999999,7.87605399999997,1.141978,0.1213261,0.03440581,-41.5945,-16.59913,3.223569
58.503621578,-61.07368,70.2180499999998,8.60770299999997,1.122387,0.0748009,0.0373234,-41.5945,-16.59913,3.223569
58.513619423,-59.2892199999999,70.7522199999999,9.09546899999999,1.109694,0.0239157,0.02682996,-41.5945,-16.59913,3.223569
58.523618221,-53.07436,70.9302700000001,8.97352800000002,1.085147,-0.01763305,0.05320514,-41.5945,-16.59913,3.223569
58.533616066,-47.29024,70.3367499999999,7.99799599999998,1.043344,-0.02342365,0.04179367,-42.3296,-16.63254,-0.07150745
58.543613911,-41.19845,69.5651699999998,7.022464,0.9979494,-0.0195225,0.03517174,-42.3296,-16.63254,-0.07150745
58.553612709,-36.27579,68.0220100000001,5.92499000000001,0.9444161,-0.02368881,0.01420879,-42.3296,-16.63254,-0.07150745
58.563610554,-31.6608,66.3601500000003,5.376253,0.8992296,-0.03102601,0.0004107439,-42.3296,-16.63254,-0.07150745
58.573608875,-29.32254,65.5885599999999,5.254312,0.8926427,-0.04316432,0.01573979,-42.3296,-16.63254,-0.07150745
58.583607197,-23.66148,65.2917999999998,5.010429,0.8750275,-0.06546744,0.006204716,-43.0782,-16.2747,-2.078607
58.593605518,-15.16989,65.1137399999999,4.705575,0.8183266,-0.08217729,0.002000679,-43.0782,-16.2747,-2.078607
58.603603363,-8.52430299999999,63.7486400000001,4.27878,0.7751367,-0.06540949,0.01595036,-43.0782,-16.2747,-2.078607
58.613602162,-4.83231,61.61195,3.54713,0.7714798,-0.05238764,0.01308192,-43.0782,-16.2747,-2.078607
58.623600006,-0.709583300000001,59.5346200000002,2.815481,0.7577437,-0.04720839,0.02459036,-43.0782,-16.2747,-2.078607
58.633597851,1.44408,56.27024,1.718008,0.7127454,-0.03844001,0.01796648,-41.57636,-15.90379,-4.520524
58.643596172,2.059412,52.41234,0.925387699999998,0.7010886,-0.04069742,0.008894441,-41.57636,-15.90379,-4.520524
58.653594494,3.413143,49.02925,0.1937385,0.684338,-0.0315113,-0.01309322,-41.57636,-15.90379,-4.520524
58.663592815,1.44408,45.64617,0.620533899999998,0.6509074,-0.01555766,-0.002988955,-41.57636,-15.90379,-4.520524
58.67359066,-3.355512,43.27208,0.986358399999998,0.6594189,-0.001042784,0.02474988,-41.57636,-15.90379,-4.520524
58.683588982,-7.97050500000002,40.30445,0.864416900000002,0.6633275,-0.001372549,0.03335752,-42.68201,-16.31329,-6.97785
58.693587303,-11.78556,36.98072,1.657037,0.6409782,-0.005408697,0.01234017,-42.68201,-16.31329,-6.97785
58.703585148,-16.46209,33.41958,2.388686,0.6405963,-0.01137913,-0.002014904,-42.68201,-16.31329,-6.97785
58.713583946,-21.01555,29.85844,3.120335,0.6552807,-0.01503357,-0.00826105,-42.68201,-16.31329,-6.97785
58.723581791,-25.93821,27.30629,4.522663,0.6706921,-0.005583924,-0.01786187,-42.31567,-15.56393,-8.656134
58.733579636,-32.46073,25.11025,6.53469799999998,0.6742356,0.01351676,-0.009258598,-42.31567,-15.56393,-8.656134
58.743578434,-39.78319,22.49874,8.24187900000002,0.6564777,-0.0009088404,-0.007309623,-42.31567,-15.56393,-8.656134
58.753576279,-45.13658,19.70918,9.339353,0.6461054,-0.04530813,-0.004408651,-42.31567,-15.56393,-8.656134
58.7635746,-45.99804,17.15703,9.82711900000002,0.6642097,-0.07499549,0.004660377,-42.31567,-15.56393,-8.656134
58.773572445,-45.44424,15.25776,9.64420700000001,0.6846802,-0.07498488,0.01467479,-41.56279,-15.56484,-9.424576
58.783571243,-46.42878,13.77395,9.58323599999998,0.7312883,-0.0393604,0.03659886,-41.56279,-15.56484,-9.424576
58.793569088,-50.85917,11.93402,9.46129399999998,0.7757119,-0.04394213,0.02407962,-41.56279,-15.56484,-9.424576
58.803566933,-55.90489,10.45021,9.82711900000002,0.8192906,-0.05529109,0.01730651,-41.56279,-15.56484,-9.424576
58.813565731,-62.0582200000003,8.37288200000001,11.90012,0.8781612,-0.07654271,0.01050929,-41.56279,-15.56484,-9.424576
58.823563576,-68.5807400000002,6.23619700000001,15.55837,0.8907896,-0.0999903,0.02293629,-41.58102,-14.43413,-10.65617
58.83356142,-72.6419299999997,3.743397,20.00924,0.8463994,-0.1487387,0.04886933,-41.58102,-14.43413,-10.65617
58.843559742,-70.4267300000002,0.894483100000001,22.32612,0.7971707,-0.1996492,0.06141125,-41.58102,-14.43413,-10.65617
58.853558063,-61.8120800000002,-1.242202,22.08224,0.7779024,-0.2110135,0.08250511,-41.58102,-14.43413,-10.65617
58.863556385,-51.53603,-2.904068,20.31409,0.8013803,-0.1888217,0.120266,-41.58102,-14.43413,-10.65617
58.87355423,-44.02898,-4.150468,18.60691,0.843439,-0.1445797,0.1378886,-41.2245,-13.3006,-11.88498
58.883553028,-41.01385,-5.75298199999998,17.08264,0.9056728,-0.1369495,0.1468711,-41.2245,-13.3006,-11.88498
58.893550873,-42.67525,-7.41484800000003,17.5704,1.008707,-0.1485554,0.1428658,-41.2245,-13.3006,-11.88498
58.903548717,-48.5209,-8.48319099999998,19.70438,1.087492,-0.165797,0.1594831,-41.2245,-13.3006,-11.88498
58.913547516,-57.3816899999997,-10.91664,23.4236,1.099474,-0.1554959,0.1441451,-41.2245,-13.3006,-11.88498
58.923545361,-71.4727999999998,-11.74757,27.69155,1.118714,-0.1675528,0.1656506,-42.00713,-11.78153,-11.51165
58.933543205,-85.2562500000003,-12.63786,32.32533,1.157909,-0.1782305,0.1885567,-42.00713,-11.78153,-11.51165
58.943542004,-91.5326300000001,-13.11268,35.00804,1.115371,-0.223761,0.1374349,-42.00713,-11.78153,-11.51165
58.953539848,-88.2713700000002,-14.83389,35.3129,1.055685,-0.2642892,0.08586318,-42.00713,-11.78153,-11.51165
58.96353817,-76.7031300000001,-16.49576,33.11795,1.044564,-0.2688605,0.08827662,-42.00713,-11.78153,-11.51165
58.973536491,-59.1046199999999,-17.97957,28.05737,1.041551,-0.2119815,0.09736018,-40.92222,-9.871317,-11.51344
58.983534813,-44.39818,-20.11626,22.08224,1.084179,-0.12082,0.09008376,-40.92222,-9.871317,-11.51344
58.993532658,-33.93753,-23.49934,17.5704,1.090376,-0.08849038,0.05177854,-40.92222,-9.871317,-11.51344
59.003530502,-29.19947,-27.17919,14.39993,1.060741,-0.09508356,-0.02043309,-40.92222,-9.871317,-11.51344
59.013529301,-25.50747,-32.46155,12.38789,1.062004,-0.08583106,-0.07403819,-40.92222,-9.871317,-11.51344
59.023527145,-24.76908,-36.49751,11.1075,1.07618,-0.06221263,-0.07263325,-42.09597,-7.65393,-10.69511
59.033525467,-26.61507,-39.46513,10.01003,1.060254,-0.04458254,-0.07643864,-42.09597,-7.65393,-10.69511
59.043523788,-24.39988,-43.67915,8.36382100000002,0.9556029,-0.1040053,-0.1307986,-42.09597,-7.65393,-10.69511
59.053521633,-16.64669,-48.18993,4.827517,0.9066074,-0.08996619,-0.1369383,-42.09597,-7.65393,-10.69511
59.063519955,-6.678307,-51.57301,0.1937385,0.9145274,-0.01818769,-0.1163918,-42.09597,-7.65393,-10.69511
59.073518276,-1.140316,-53.17552,-4.50101,1.034489,-0.0411686,0.1925651,-41.3631,-7.25106,-8.69207
59.083516598,-8.83197000000002,-36.73492,-1.696355,1.321644,0.01664157,0.7376263,-41.3631,-7.25106,-8.69207
59.093514442,-10.24723,-16.02094,0.31568,1.56591,0.05104239,1.366041,-41.3631,-7.25106,-8.69207
59.103512287,-29.01487,14.42682,8.42479100000002,1.720888,0.1093626,1.668694,-41.3631,-7.25106,-8.69207
59.113511086,-5.87837500000002,5.998787,6.77858100000002,1.185898,-0.4348223,0.7628652,-41.3631,-7.25106,-8.69207
59.12350893,31.53383,-11.92563,-3.586449,0.6495312,-0.4534958,0.3067649,-41.75304,-6.859351,-7.019869
59.133507252,57.9315800000002,-31.63061,-18.46332,0.9751872,-0.3359113,0.1329224,-41.75304,-6.859351,-7.019869
59.143505573,68.8229699999999,-36.91298,-19.86564,1.405872,0.01466778,0.4996277,-41.75304,-6.859351,-7.019869
59.153503895,37.44102,-36.14139,-15.84157,1.291918,0.2177284,0.4734524,-41.75304,-6.859351,-7.019869
59.16350174,4.951474,-40.118,-10.53712,1.037745,-0.1376848,0.1528625,-41.75304,-6.859351,-7.019869
59.173500538,4.766874,-43.32303,-12.2443,0.9490268,-0.350455,-0.1249807,-41.00525,-6.850458,-6.627307
59.183498383,21.31931,-43.79785,-14.13439,0.9680696,-0.4068832,-0.2255004,-41.00525,-6.850458,-6.627307
59.193496227,34.30282,-41.77987,-13.58565,1.032547,-0.2833607,-0.1423724,-41.00525,-6.850458,-6.627307
59.203495026,36.14882,-38.8716,-12.67109,1.024336,-0.104135,-0.08114645,-41.00525,-6.850458,-6.627307
59.21349287,27.5957,-38.21873,-11.57362,1.003388,-0.05256624,-0.08255894,-41.00525,-6.850458,-6.627307
59.223490715,22.18078,-37.86261,-9.80546599999998,1.051312,-0.1389003,-0.06204149,-41.75224,-7.226087,-5.405334
59.233489037,28.64177,-35.72593,-9.98837900000002,1.115212,-0.1682126,-0.05783815,-41.75224,-7.226087,-5.405334
59.243487358,41.87141,-33.41119,-11.02488,1.078204,-0.09318175,-0.1157007,-41.75224,-7.226087,-5.405334
59.25348568,41.62528,-33.88601,-10.17129,1.03766,0.04225633,-0.09652181,-41.75224,-7.226087,-5.405334
59.263483524,26.61117,-34.65759,-8.15925599999997,1.072912,0.1388246,-0.02817175,-41.00391,-7.583384,-3.333735
59.273482323,9.50493299999999,-34.59823,-5.659454,1.053432,0.08651856,-0.01998853,-41.00391,-7.583384,-3.333735
59.283480167,-0.3403839,-33.11442,-4.257127,1.022922,-0.02730424,-0.01942746,-41.00391,-7.583384,-3.333735
59.293478012,-0.2788507,-32.69896,-4.257127,1.004143,-0.1442627,-0.06817936,-41.00391,-7.583384,-3.333735
59.303476811,2.613211,-32.69896,-4.927805,0.9915664,-0.09816344,-0.1011911,-41.00391,-7.583384,-3.333735
59.313474655,-3.109379,-33.52989,-4.927805,1.053638,-0.0809527,-0.05392467,-41.75876,-7.578657,-2.113791
59.3234725,-7.47823899999999,-32.75831,-3.830332,1.030531,-0.2001062,-0.06773242,-41.75876,-7.578657,-2.113791
59.333471298,-6.55523999999999,-31.33385,-3.586449,1.002169,-0.1948484,-0.06912005,-41.75876,-7.578657,-2.113791
59.343469143,-7.66283799999999,-30.85903,-3.586449,0.9864047,-0.1083167,-0.08442928,-41.75876,-7.578657,-2.113791
59.353467465,-14.92376,-30.91838,-2.671887,1.0156,-0.05356348,-0.05865118,-41.75876,-7.578657,-2.113791
59.363465309,-22.98461,-30.14681,-1.879267,1.033941,-0.06947749,-0.03187879,-42.14474,-7.194576,-1.344595
59.373464108,-24.46141,-28.84105,-2.001209,1.012126,-0.1271882,-0.02512584,-42.14474,-7.194576,-1.344595
59.383461952,-21.93855,-27.29789,-2.123151,1.004823,-0.1536128,-0.02941349,-42.14474,-7.194576,-1.344595
59.393459797,-19.53875,-27.5353,-2.91577,0.9832338,-0.1201901,-0.04757034,-42.14474,-7.194576,-1.344595
59.403458595,-22.36928,-29.43458,-2.549946,0.9870781,-0.09148747,-0.0523702,-42.14474,-7.194576,-1.344595
59.41345644,-29.6302,-29.85004,-1.757326,1.018548,-0.05348235,-0.003141511,-42.14422,-7.560767,0.3344402
59.423454762,-35.59893,-29.07846,-1.452472,1.004178,-0.09263282,-0.002149227,-42.14422,-7.560767,0.3344402
59.433453083,-37.75259,-28.42559,-1.635384,0.9829885,-0.131918,-0.00114502,-42.14422,-7.560767,0.3344402
59.443450928,-34.42979,-28.54429,-2.184121,0.9762237,-0.2134408,-0.02695534,-42.14422,-7.560767,0.3344402
59.453449249,-26.55354,-29.07846,-2.306063,0.9826899,-0.2463439,-0.02552241,-42.14422,-7.560767,0.3344402
59.463447571,-19.84642,-29.61263,-2.91577,0.9992254,-0.2181036,-0.002108285,-42.52066,-7.56031,0.7186623
59.473445892,-16.64669,-28.12883,-3.098683,1.001302,-0.1720068,0.03903377,-42.52066,-7.56031,0.7186623
59.483443737,-17.07742,-28.12883,-3.464507,0.9511107,-0.1472006,-0.009221306,-42.52066,-7.56031,0.7186623
59.493441582,-18.24655,-30.38422,-3.70839,0.9625667,-0.1870847,-0.03794557,-42.52066,-7.56031,0.7186623
59.50344038,-16.33902,-31.33385,-4.074214,0.9957064,-0.1610469,-0.02556707,-42.52066,-7.56031,0.7186623
59.513438225,-14.43149,-31.92738,-4.379068,0.9851052,-0.141267,-0.01837504,-42.52602,-7.549959,1.944168
59.523436546,-13.07776,-32.10543,-4.927805,0.9936544,-0.155843,-0.03657208,-42.52602,-7.549959,1.944168
59.533434868,-10.12417,-32.6396,-5.3546,0.9887847,-0.2079525,-0.03846448,-42.52602,-7.549959,1.944168
59.54343319,-4.155444,-34.00471,-5.90333699999997,0.9770797,-0.2335097,-0.04465898,-42.52602,-7.549959,1.944168
59.553431034,2.613211,-36.14139,-6.33013299999999,0.9616738,-0.2443303,-0.07860824,-42.52602,-7.549959,1.944168
59.563429833,6.79747099999997,-36.3788,-6.57401600000003,0.9923352,-0.2158241,-0.05665453,-42.53307,-7.536339,3.556675
59.573427677,7.04360400000002,-35.0137,-6.513045,0.999041,-0.1835756,-0.05188877,-42.53307,-7.536339,3.556675
59.583425522,5.566806,-32.40219,-5.3546,1.007932,-0.2152265,-0.02509585,-42.53307,-7.536339,3.556675
59.59342432,6.73593800000001,-27.47595,-4.318098,1.02166,-0.2703955,0.0232306,-42.53307,-7.536339,3.556675
59.603422165,12.45853,-20.59108,-1.574414,0.9920062,-0.430686,-0.01113391,-42.53307,-7.536339,3.556675
59.61342001,34.05669,-24.98315,-1.940238,0.8360274,-0.4860086,-0.2496572,-42.16199,-7.526443,4.39796
59.623418331,54.48572,-32.16478,-6.63498599999997,0.8848424,-0.2322852,-0.2952724,-42.16199,-7.526443,4.39796
59.633416653,41.80988,-35.78528,-10.47614,1.128699,0.2538063,-0.115878,-42.16199,-7.526443,4.39796
59.643414974,22.61151,-36.3788,-7.73246000000002,1.033332,0.2195824,-0.1448961,-42.16199,-7.526443,4.39796
59.653412819,7.65893599999998,-40.65217,-6.08625000000001,0.9560522,0.1558848,-0.1945169,-42.16199,-7.526443,4.39796
59.663411617,-0.5249836,-43.20433,-4.683922,1.03538,0.005220789,-0.2089737,-42.16119,-7.893179,6.012496
59.673409462,9.87413200000002,-43.32303,-4.927805,1.049489,-0.1729751,-0.1175444,-42.16119,-7.893179,6.012496
59.683407307,21.81158,-39.16837,-5.598484,1.082706,-0.2563482,-0.1663955,-42.16119,-7.893179,6.012496
59.693406105,32.14916,-35.84463,-4.196156,0.9969262,-0.2059789,-0.2648456,-42.16119,-7.893179,6.012496
59.70340395,26.6727,-34.53888,-4.440039,0.970224,-0.05681109,-0.315088,-42.16119,-7.893179,6.012496
59.713401794,11.35093,-32.99572,-3.769361,1.000795,-0.04828193,-0.24575,-42.15868,-8.263184,7.24003
59.723400116,6.48980500000002,-29.49393,-2.245092,1.061549,-0.1189668,-0.295131,-42.15868,-8.263184,7.24003
59.733398437,7.10513699999998,-28.24753,0.7424754,1.02407,0.007083019,-0.3525272,-42.15868,-8.263184,7.24003
59.743396759,-2.678647,-29.85004,0.1937385,0.9875727,0.1877507,-0.2850309,-42.15868,-8.263184,7.24003
59.753394604,-16.46209,-32.6396,-0.2330568,1.040446,0.1747381,-0.2812912,-42.15868,-8.263184,7.24003
59.763393402,-24.95368,-33.52989,1.169271,1.064722,0.101959,-0.2683932,-41.81458,-7.105683,8.849235
59.773391247,-29.69173,-33.17377,2.205774,1.032392,0.006994926,-0.2740552,-41.81458,-7.105683,8.849235
59.783389091,-28.5226,-32.69896,2.449656,1.015424,-0.07546005,-0.2735259,-41.81458,-7.105683,8.849235
59.79338789,-26.24587,-31.92738,3.059364,1.054045,-0.1324266,-0.2099279,-41.81458,-7.105683,8.849235
59.803385735,-24.39988,-30.44357,3.48616,1.077104,-0.1399074,-0.1745516,-41.81458,-7.105683,8.849235
59.813383579,-24.58448,-29.25652,3.730042,1.042335,-0.1837827,-0.2209015,-41.07018,-7.090251,10.0158
59.823382378,-23.66148,-28.72235,3.730042,0.972897,-0.1983769,-0.2849059,-41.07018,-7.090251,10.0158
59.833380222,-22.98461,-27.06048,3.059364,0.9777849,-0.2249413,-0.2777289,-41.07018,-7.090251,10.0158
59.843378544,-17.26202,-25.22056,2.449656,1.012491,-0.2576812,-0.3194171,-41.07018,-7.090251,10.0158
59.853376865,-13.5085,-23.14323,2.937423,1.032846,-0.147894,-0.3142166,-41.43455,-7.843424,11.24258
59.863375187,-16.03136,-20.65043,3.669072,1.030475,-0.04645706,-0.269731,-41.43455,-7.843424,11.24258
59.873373032,-20.58482,-19.46338,4.217809,1.039693,-0.07075624,-0.289841,-41.43455,-7.843424,11.24258
59.883370876,-20.70788,-19.04791,3.973926,1.016568,-0.05914792,-0.2988966,-41.43455,-7.843424,11.24258
59.893369675,-19.72335,-18.39504,2.876452,1.028459,-0.07036598,-0.3290647,-41.43455,-7.843424,11.24258
59.903367519,-19.35415,-17.4454,2.937423,1.030042,-0.07503965,-0.2591942,-42.21129,-6.700899,12.06944
59.913365841,-16.76976,-16.55511,3.120335,1.07798,-0.05833625,-0.236789,-42.21129,-6.700899,12.06944
59.923364162,-21.50782,-17.50475,5.681107,1.073322,0.009731688,-0.1697977,-42.21129,-6.700899,12.06944
59.933362484,-27.66114,-19.16662,6.83955100000002,1.046053,0.009473663,-0.1391213,-42.21129,-6.700899,12.06944
59.943360329,-37.19879,-23.26193,6.16887299999999,1.133778,-0.0409449,-0.05024607,-42.21129,-6.700899,12.06944
59.95335865,-31.8454,-25.45797,3.059364,1.259568,-0.2002826,-0.0509029,-41.44608,-7.455986,12.07906
59.963356972,-22.73848,-24.33027,4.156838,1.213765,-0.1767564,-0.1422371,-41.44608,-7.455986,12.07906
59.973354816,-24.27681,-27.5353,6.41275599999997,1.138312,-0.02517988,-0.1426232,-41.44608,-7.455986,12.07906
59.983353615,-45.99804,-24.03351,5.620136,1.203152,-0.0524685,-0.131722,-41.44608,-7.455986,12.07906
59.99335146,-48.15171,-23.73675,6.16887299999999,1.154117,-0.1678714,-0.2105718,-41.44608,-7.455986,12.07906
60.003349304,-48.15171,-18.33569,7.08343500000003,1.090205,-0.1428005,-0.412426,-41.82449,-7.451716,12.91478
60.013347626,-50.61304,-12.99397,7.87605399999997,1.026034,-0.02420938,-0.5367745,-41.82449,-7.451716,12.91478
60.023345947,-61.19675,-3.675649,8.30284999999999,1.021627,0.02702817,-0.6100021,-41.82449,-7.451716,12.91478
60.033344269,-66.5501400000001,8.72899499999998,8.05896700000001,1.00463,0.02061353,-0.7430149,-41.82449,-7.451716,12.91478
60.043342114,-69.13454,20.59947,8.79061600000001,0.9472538,-0.01299136,-0.7864567,-41.82449,-7.451716,12.91478
60.053340912,-67.4116099999997,30.39261,9.58323599999998,0.9381852,0.005967319,-0.6601017,-41.44975,-7.448903,12.91756
60.063338757,-66.6116800000002,37.93036,8.85158600000001,0.9487583,-0.007750948,-0.4830434,-41.44975,-7.448903,12.91756
60.073336601,-62.7350799999998,41.96632,7.57120099999999,0.9752619,-0.03973431,-0.3184512,-41.44975,-7.448903,12.91756
60.0833354,-60.7044899999999,43.56884,6.71760999999998,0.9788876,-0.04756648,-0.173447,-41.44975,-7.448903,12.91756
60.093333244,-61.0121500000001,42.85661,5.559165,0.9667178,-0.04678584,-0.1150397,-41.44975,-7.448903,12.91756
60.103331089,-60.0276200000001,40.89798,4.33975,0.9082339,-0.07146733,-0.08382392,-42.55459,-8.225135,12.07477
60.113329887,-59.8430200000002,37.09943,1.535095,0.822015,-0.1508995,-0.08126029,-42.55459,-8.225135,12.07477
60.123327732,-50.98223,31.87642,-2.245092,0.7621723,-0.2873192,-0.1500358,-42.55459,-8.225135,12.07477
60.133326054,-31.90693,28.19657,-5.537513,0.7228135,-0.3999794,-0.2686251,-42.55459,-8.225135,12.07477
60.143323898,-8.21663800000001,22.73615,-6.81789900000001,0.6059366,-0.3547208,-0.3804197,-42.55459,-8.225135,12.07477
60.153322697,9.38186599999998,17.33509,-7.79343099999999,0.5044597,-0.2475398,-0.5027859,-42.92227,-8.241568,10.45948
60.163320541,14.79679,9.08511,-7.42760699999997,0.414125,-0.161528,-0.5730013,-42.92227,-8.241568,10.45948
60.173318386,14.91986,0.004197581,-6.57401600000003,0.38952,-0.1497656,-0.6150761,-42.92227,-8.241568,10.45948
60.183317184,15.84286,-7.53355299999998,-6.63498599999997,0.3999521,-0.1096694,-0.6634408,-42.92227,-8.241568,10.45948
60.193315029,11.474,-14.9526,-6.57401600000003,0.4024135,-0.03264903,-0.6424075,-42.92227,-8.241568,10.45948
60.203312874,3.105477,-20.53172,-5.598484,0.4982494,-0.02384713,-0.6310911,-43.65199,-8.954863,9.232135
60.213311672,-1.571049,-23.91481,-3.647419,0.5559005,-0.005559803,-0.6158819,-43.65199,-8.954863,9.232135
60.223309517,0.3980148,-29.13782,-3.891303,0.5290649,0.1004891,-0.5986336,-43.65199,-8.954863,9.232135
60.233307838,3.413143,-33.52989,-6.695957,0.5236486,0.2880978,-0.4771142,-43.65199,-8.954863,9.232135
60.24330616,-4.46311,-39.28707,-7.91537200000002,0.584967,0.2688183,-0.3800651,-43.65199,-8.954863,9.232135
60.253304482,-2.678647,-43.50109,-6.45207400000002,0.7237564,0.06758868,-0.3137332,-44.03012,-8.951138,10.00336
60.263302326,-0.0942510000000003,-42.67015,-3.525478,0.8795642,-0.1055271,-0.2388238,-44.03012,-8.951138,10.00336
60.273301125,2.059412,-46.05324,3.669072,0.9410431,-0.1647071,-0.3599955,-44.03012,-8.951138,10.00336
60.283298969,-11.17023,-46.17194,7.26634699999998,0.9083474,-0.03205593,-0.3437011,-44.03012,-8.951138,10.00336
60.293296814,-40.15239,-48.60539,9.64420700000001,0.7544709,-0.03816962,-0.36066,-44.03012,-8.951138,10.00336
60.303295136,-46.79797,-54.00646,8.79061600000001,0.6187378,-0.2063697,-0.3929232,-43.28796,-8.931348,11.68593
60.313293457,-48.33631,-55.49026,8.72964499999998,0.6309376,-0.233394,-0.3986804,-43.28796,-8.931348,11.68593
60.323291779,-44.33665,-57.7456600000001,7.99799599999998,0.7059916,-0.05271721,-0.4117794,-43.28796,-8.931348,11.68593
60.333289623,-50.98223,-59.1107599999998,7.99799599999998,0.8758,0.1480435,-0.1876749,-43.28796,-8.931348,11.68593
60.343287945,-67.4731400000002,-56.02444,6.77858100000002,1.147603,0.004838513,0.0904194,-43.28796,-8.931348,11.68593
60.353286266,-57.5047599999997,-57.9830700000001,11.71721,1.279734,-0.5238688,-0.1417842,-42.15872,-9.662919,14.14934
60.363284111,-4.83231,-52.10718,12.69274,1.222368,-0.7436094,-0.3464582,-42.15872,-9.662919,14.14934
60.373282909,8.95113399999999,-52.52265,12.38789,1.141672,-0.2084962,-0.3215693,-42.15872,-9.662919,14.14934
60.383280754,-3.047846,-54.59998,12.26595,1.00589,-0.1163738,-0.4223359,-42.15872,-9.662919,14.14934
60.393278599,0.5826145,-54.12516,10.43683,0.7871442,-0.04330999,-0.5148171,-41.79721,-9.269399,15.3756
60.403277397,-0.6480501,-47.06223,3.973926,0.8344216,-0.1261449,-0.6943442,-41.79721,-9.269399,15.3756
60.413275242,20.82705,-37.5065,5.376253,1.030399,-0.3114218,-0.6544378,-41.79721,-9.269399,15.3756
60.423273563,45.80954,-28.01012,7.022464,1.25088,-0.2451669,-0.634739,-41.79721,-9.269399,15.3756
60.433271408,42.30214,-20.35367,11.1075,1.404176,0.002691428,-0.4852757,-41.79721,-9.269399,15.3756
60.443270207,18.61185,-16.13965,16.10711,1.361288,0.1098566,-0.3646274,-40.32926,-8.163586,17.38048
60.453268051,-3.355512,-12.99397,16.77778,1.243519,0.02482421,-0.3218069,-40.32926,-8.163586,17.38048
60.463265896,-14.73916,-14.65584,17.38749,1.223642,-0.05726276,-0.2748507,-40.32926,-8.163586,17.38048
60.473264694,-14.67763,-15.13066,17.20458,1.123135,-0.154572,-0.2832648,-40.32926,-8.163586,17.38048
60.483262539,-11.72403,-19.76014,14.88769,1.137946,-0.1370994,-0.2115087,-40.32926,-8.163586,17.38048
60.493260384,-6.862906,-21.24395,11.22945,1.220217,-0.211658,-0.2527905,-39.95988,-8.150421,18.60877
60.503259182,-2.986313,-24.09286,10.31489,1.23706,-0.09743169,-0.285871,-39.95988,-8.150421,18.60877
60.513257027,-11.8471,-27.59465,8.85158600000001,1.252922,-0.03320116,-0.2576792,-39.95988,-8.150421,18.60877
60.523255348,-19.60028,-30.38422,8.11993799999998,1.227792,-0.04519012,-0.2920898,-39.95988,-8.150421,18.60877
60.53325367,-26.98427,-31.74932,7.51023000000002,1.159249,0.0224014,-0.3513311,-39.95988,-8.150421,18.60877
60.543251991,-42.67525,-33.29248,7.937025,1.189097,0.1702612,-0.4011931,-39.2281,-7.380271,19.06178
60.553249836,-57.3201599999998,-33.35183,6.65663900000001,1.154005,0.09122942,-0.4652408,-39.2281,-7.380271,19.06178
60.563247681,-57.4432299999999,-32.28349,4.156838,1.137981,0.06219839,-0.4699912,-39.2281,-7.380271,19.06178
60.573246479,-51.72063,-30.68097,0.31568,1.137743,0.0235377,-0.446052,-39.2281,-7.380271,19.06178
60.583244324,-41.93685,-30.38422,-1.574414,1.067577,0.1014389,-0.4373354,-39.2281,-7.380271,19.06178
60.593242169,-42.24451,-37.20974,2.266744,0.9939932,0.2062493,-0.4013409,-38.85085,-7.747463,20.29209
60.603240967,-49.56697,-41.00829,3.669072,0.9326225,0.2859813,-0.2648602,-38.85085,-7.747463,20.29209
60.613238812,-57.25863,-47.35899,0.4985923,0.873281,0.3077325,-0.2025475,-38.85085,-7.747463,20.29209
60.623237133,-70.9190000000001,-54.36257,-1.147618,0.9256656,0.373131,-0.1787269,-38.85085,-7.747463,20.29209
60.633235454,-89.5020400000002,-62.7906100000002,-0.4159691,1.000678,0.4273799,-0.1477641,-38.85085,-7.747463,20.29209
60.643233776,-109.3157,-68.8445499999999,2.632569,1.024776,0.441379,-0.1569027,-38.85622,-7.737112,21.5176
60.653231621,-126.7296,-74.6610899999998,6.41275599999997,1.044267,0.3627521,-0.1885025,-38.85622,-7.737112,21.5176
60.663230419,-134.5444,-82.0801299999998,8.42479100000002,1.038586,0.2233666,-0.2205213,-38.85622,-7.737112,21.5176
60.673228264,-133.806,-87.7779500000002,9.03449899999999,1.070085,0.1278637,-0.2636234,-38.85622,-7.737112,21.5176
60.683226108,-124.5145,-94.6628299999998,8.48576300000002,1.040617,0.08695615,-0.3157263,-38.85622,-7.737112,21.5176
60.693224907,-111.5309,-98.4020300000002,7.99799599999998,1.038316,0.0003156578,-0.3793506,-38.46793,-8.795084,23.52563
60.703222752,-99.65502,-102.2006,10.25391,1.042146,-0.02502428,-0.5013877,-38.46793,-8.795084,23.52563
60.713220596,-93.6247600000002,-104.7527,14.39993,1.105432,-0.07472858,-0.5469499,-38.46793,-8.795084,23.52563
60.723218918,-86.1792400000001,-105.9991,18.30205,1.113016,-0.09210961,-0.6570312,-38.46793,-8.795084,23.52563
60.733217239,-81.3181199999999,-106.2959,20.43603,1.112368,-0.1376405,-0.7455549,-38.46793,-8.795084,23.52563
60.743215561,-73.4418599999998,-105.2869,23.30166,1.083679,-0.1684726,-0.8134547,-36.94235,-10.6611,26.44941
60.753213406,-65.6271399999999,-106.2959,24.94787,0.9765147,-0.1208503,-0.900381,-36.94235,-10.6611,26.44941
60.763212204,-63.0427500000003,-105.1682,26.22825,0.9353684,-0.1095498,-0.9041408,-36.94235,-10.6611,26.44941
60.773210049,-64.88875,-98.9361999999998,27.9964,0.9273407,-0.09234667,-0.7064793,-36.94235,-10.6611,26.44941
60.783207893,-70.3036699999999,-85.1664499999997,30.37426,0.9013602,-0.1579426,-0.5437013,-36.94235,-10.6611,26.44941
60.793206692,-72.3958,-67.5388000000002,36.7762,0.815212,-0.2933926,-0.5559592,-35.80078,-12.14684,29.69088
60.803204536,-67.7192800000003,-49.9705,42.62939,0.8129405,-0.2213978,-0.4368083,-35.80078,-12.14684,29.69088
60.813202858,-74.48793,-25.87344,44.33657,0.8893241,-0.07913633,-0.1905115,-35.80078,-12.14684,29.69088
60.823201179,-80.8258500000001,-3.556944,43.23909,0.8400607,-0.07521857,-0.1339546,-35.80078,-12.14684,29.69088
60.833199501,-79.2875199999998,16.74156,44.09269,0.748899,-0.1772333,-0.1457338,-35.80078,-12.14684,29.69088
60.843197346,-68.2115399999998,36.44655,44.82433,0.7179586,-0.2162076,-0.1427984,-34.29681,-12.8756,32.15707
60.853195667,-57.07402,58.1101699999998,45.37307,0.7523453,-0.1767914,-0.05193903,-34.29681,-12.8756,32.15707
60.863193989,-51.78217,77.8151500000003,45.37307,0.7501392,-0.05840904,-0.01463673,-34.29681,-12.8756,32.15707
60.873191833,-49.4439,94.9086300000002,44.39754,0.7355397,0.01789268,-0.0352097,-34.29681,-12.8756,32.15707
60.883189678,-48.15171,110.6964,43.30006,0.7256469,0.02378104,-0.1136804,-34.29681,-12.8756,32.15707
60.893188477,-46.18264,125.2377,42.44648,0.7449357,0.00628566,-0.2084676,-35.39378,-14.03219,31.31631
60.903186321,-42.55218,138.8887,41.65385,0.8156498,0.08028449,-0.240196,-35.39378,-14.03219,31.31631
60.913184643,-45.50578,152.065,39.8857,0.91374,0.2006948,-0.3040486,-35.39378,-14.03219,31.31631
60.923182964,-57.6278200000001,162.5703,38.91017,0.9536068,0.2565596,-0.3390685,-35.39378,-14.03219,31.31631
60.933181286,-69.1960699999998,169.5146,39.39794,0.9684781,0.2410172,-0.4233198,-39.14282,-13.32684,28.05943
60.943179131,-74.1187300000002,173.9066,40.86124,0.9703099,0.1410001,-0.5237983,-39.14282,-13.32684,28.05943
60.953177929,-68.5807400000002,176.5775,42.87327,0.9840697,0.08142126,-0.5855432,-39.14282,-13.32684,28.05943
60.963175774,-59.0430900000001,177.171,46.16569,1.011424,0.1038071,-0.5879896,-39.14282,-13.32684,28.05943
60.973173618,-50.98223,176.3401,49.58006,1.039147,0.1333325,-0.5545452,-39.14282,-13.32684,28.05943
60.983172417,-43.78285,172.7789,53.60413,1.034777,0.1328962,-0.5397015,-44.73099,-13.79787,22.27922
60.993170261,-35.84506,168.5649,56.04295,1.059019,0.08702643,-0.5598322,-44.73099,-13.79787,22.27922
61.003168106,-25.50747,164.5883,56.04295,1.098127,0.1062429,-0.5622982,-44.73099,-13.79787,22.27922
61.013166904,-20.15409,159.2466,54.88451,1.118622,0.1831688,-0.5374678,-44.73099,-13.79787,22.27922
61.023164749,-20.89248,153.3114,53.29927,1.165617,0.1720803,-0.5231896,-44.73099,-13.79787,22.27922
61.033163071,-19.10802,147.6135,51.34821,1.159961,0.0839956,-0.5250714,-49.56136,-11.23685,14.4893
61.043161392,-8.58583600000001,141.797,48.2387,1.16028,0.0405557,-0.5465966,-49.56136,-11.23685,14.4893
61.053159714,5.62834,137.2269,42.93424,1.157801,0.01814999,-0.4939432,-49.56136,-11.23685,14.4893
61.063157558,20.21172,132.4193,36.28843,1.133909,0.04644157,-0.4307368,-49.56136,-11.23685,14.4893
61.073155403,32.51836,127.4337,29.21582,1.131324,0.08123009,-0.3938909,-49.56136,-11.23685,14.4893
61.083154202,43.53281,123.2197,22.02127,1.141949,0.112707,-0.3757316,-52.56254,-9.792412,8.008914
61.093152046,50.42453,118.9463,15.61934,1.135105,0.1397801,-0.3762052,-52.56254,-9.792412,8.008914
61.103149891,53.19353,114.6136,10.86362,1.127512,0.1553601,-0.3565744,-52.56254,-9.792412,8.008914
61.113148689,55.34719,109.9841,6.96149300000002,1.107896,0.1359945,-0.3594067,-52.56254,-9.792412,8.008914
61.123146534,59.2237800000002,105.0579,4.400721,1.072135,0.1202851,-0.3526402,-52.56254,-9.792412,8.008914
61.133144856,62.66964,100.7252,3.303247,1.047118,0.1289799,-0.3573846,-55.22419,-6.877321,2.684538
61.143143177,63.7772400000001,97.4607800000001,2.632569,1.052116,0.1743282,-0.3511835,-55.22419,-6.877321,2.684538
61.153141499,59.71605,95.2647500000001,2.510627,1.048625,0.2050622,-0.3306065,-55.22419,-6.877321,2.684538
61.163139343,52.57819,92.65324,3.181306,1.007548,0.2131292,-0.3161797,-55.22419,-6.877321,2.684538
61.173138142,44.33274,90.6352600000002,3.973926,0.9923152,0.1938502,-0.3190196,-55.22419,-6.877321,2.684538
61.183135986,37.81022,88.7359800000001,4.400721,1.007587,0.1592124,-0.313773,-56.71011,-6.183431,-3.909672
61.193133831,33.31829,86.5399500000002,5.13237,0.9796621,0.1411361,-0.3170697,-56.71011,-6.183431,-3.909672
61.203132629,27.4111,84.2252000000001,6.22984400000002,0.9617454,0.1612662,-0.3089079,-56.71011,-6.183431,-3.909672
61.213130474,20.45785,81.43565,7.754113,0.9699348,0.1926949,-0.2907444,-56.71011,-6.183431,-3.909672
61.223128796,10.67406,79.18025,9.64420700000001,0.9777811,0.2162848,-0.2787997,-56.71011,-6.183431,-3.909672
61.23312664,0.705681,76.5094,12.02207,0.9943249,0.2175923,-0.2778717,-57.46961,-4.709038,-8.825369
61.243124962,-9.20116899999999,74.1946600000002,13.97313,1.011603,0.2058246,-0.2735916,-57.46961,-4.709038,-8.825369
61.253123283,-15.10836,71.76121,15.00963,1.003027,0.195446,-0.2740526,-57.46961,-4.709038,-8.825369
61.263121128,-19.23109,70.8115699999999,15.43643,1.0163,0.1894787,-0.2645027,-57.46961,-4.709038,-8.825369
61.273119927,-23.10768,70.0399899999998,13.85119,1.077142,0.193864,-0.2354167,-57.46961,-4.709038,-8.825369
61.283117771,-24.95368,69.0310000000002,11.83915,1.118388,0.1779824,-0.2015056,-57.09112,-3.983106,-13.27717
61.293115616,-24.33834,66.4788400000002,9.52226500000001,1.142551,0.1629711,-0.1948438,-57.09112,-3.983106,-13.27717
61.303114414,-23.23075,63.2738200000001,7.99799599999998,1.165293,0.1461239,-0.1733432,-57.09112,-3.983106,-13.27717
61.313112259,-22.12315,59.7720300000002,6.473727,1.200883,0.1198643,-0.1461197,-57.09112,-3.983106,-13.27717
61.323110581,-18.98495,56.56701,4.522663,1.211591,0.09493414,-0.1322532,-57.09112,-3.983106,-13.27717
61.333108902,-14.67763,53.59939,2.449656,1.21164,0.09262821,-0.1188526,-55.98226,-2.4843,-16.95345
61.343107224,-12.64703,51.93752,0.5595631,1.221672,0.103618,-0.1078656,-55.98226,-2.4843,-16.95345
61.353105068,-9.57036899999999,50.75047,-0.964705900000002,1.249824,0.1102994,-0.07585184,-55.98226,-2.4843,-16.95345
61.363103867,-11.60097,50.57241,-1.147618,1.229727,0.1431789,-0.05046074,-55.98226,-2.4843,-16.95345
61.373101711,-16.09289,50.45371,-0.1111153,1.23275,0.1643052,-0.03180699,-55.98226,-2.4843,-16.95345
61.383099556,-26.06128,51.4627,1.90092,1.23454,0.174034,0.01843787,-55.21839,-2.506461,-20.23741
61.393098354,-37.32186,51.70011,3.791013,1.223649,0.1573801,0.02755409,-55.21839,-2.506461,-20.23741
61.403096199,-48.09017,51.93752,5.92499000000001,1.170892,0.138358,0.02765096,-55.21839,-2.506461,-20.23741
61.413094044,-58.4277599999999,49.97889,7.51023000000002,1.096663,0.1223185,0.08138501,-55.21839,-2.506461,-20.23741
61.423092365,-67.1654700000002,47.24868,7.99799599999998,1.068215,0.08053475,0.09053831,-55.21839,-2.506461,-20.23741
61.433090687,-71.9650700000003,44.99329,7.32731800000001,1.031697,0.02745,0.1035372,-54.47391,-1.760827,-22.68691
61.443089008,-71.1036,43.27208,6.22984400000002,0.9888299,0.0009227531,0.1117546,-54.47391,-1.760827,-22.68691
61.453086853,-68.5807400000002,41.66956,5.0714,0.9327826,0.001194292,0.1032378,-54.47391,-1.760827,-22.68691
61.463085652,-66.0578799999999,39.05806,3.973926,0.8625873,0.002048537,0.0827812,-54.47391,-1.760827,-22.68691
61.473083496,-64.0272800000003,37.09943,3.120335,0.8040925,0.003436606,0.09532578,-54.47391,-1.760827,-22.68691
61.483081341,-61.3813499999999,35.37821,1.90092,0.7591491,-0.01634604,0.1016307,-53.36086,-0.635294,-25.52267
61.493080139,-57.13556,34.01311,0.1327677,0.7083866,-0.01132466,0.1227753,-53.36086,-0.635294,-25.52267
61.503077984,-52.0283,31.52031,-2.123151,0.6439494,-0.005374415,0.1157074,-53.36086,-0.635294,-25.52267
61.513075829,-46.30571,28.79009,-4.196156,0.5863365,-0.02555212,0.1062415,-53.36086,-0.635294,-25.52267
61.523074627,-39.72165,25.70377,-5.659454,0.544771,-0.04395496,0.09674721,-52.62005,0.1174221,-27.13367
61.533072472,-33.56833,23.8045,-7.30566500000003,0.5489349,-0.0322408,0.0933869,-52.62005,0.1174221,-27.13367
61.543070793,-27.29194,22.08328,-8.52507999999999,0.5641829,-0.01402112,0.08665556,-52.62005,0.1174221,-27.13367
61.553069115,-22.12315,20.89623,-9.62255399999997,0.5239345,0.001083789,0.07188597,-52.62005,0.1174221,-27.13367
61.563067436,-16.58516,19.41242,-11.20779,0.4924926,0.01447594,0.06332297,-52.62005,0.1174221,-27.13367
61.573065281,-12.64703,17.21638,-12.18333,0.5035942,-0.006419533,0.03938019,-51.51574,1.259845,-27.96992
61.583063126,-9.20116899999999,15.55452,-12.79303,0.5643618,0.001799171,0.06272237,-51.51574,1.259845,-27.96992
61.593061924,-8.03203799999998,14.24877,-13.2808,0.599037,0.02479026,0.1105136,-51.51574,1.259845,-27.96992
61.603059769,-8.33970399999999,10.86568,-14.01245,0.6337932,0.01618264,0.1037552,-51.51574,1.259845,-27.96992
61.613057614,-6.80137299999998,7.36389100000001,-14.68313,0.6623704,-0.02726823,0.07308767,-51.51574,1.259845,-27.96992
61.623056412,-3.909311,4.57433,-15.35381,0.6998397,-0.02386137,0.09886459,-51.88681,1.24995,-28.8112
61.633054256,-1.878715,2.140883,-15.84157,0.7525454,0.02459261,0.1289105,-51.88681,1.24995,-28.8112
61.643052578,-1.447982,0.657073599999999,-16.39031,0.7795593,0.01359093,0.142745,-51.88681,1.24995,-28.8112
61.653050899,-1.571049,-0.589326100000003,-16.45128,0.8329021,0.02721789,0.1359484,-51.88681,1.24995,-28.8112
61.663049221,-2.678647,-1.242202,-16.02448,0.8754597,0.01823899,0.1248693,-51.88681,1.24995,-28.8112
61.673047066,-6.92443900000002,-2.42925,-14.50021,0.9039727,0.0574198,0.1496954,-52.25397,0.8673267,-28.74745
61.683045864,-14.00076,-4.922049,-13.40274,0.959556,0.05632073,0.1749634,-52.25397,0.8673267,-28.74745
61.693043709,-19.23109,-7.29614399999999,-13.21983,1.002245,0.01501882,0.1892568,-52.25397,0.8673267,-28.74745
61.703041553,-19.47722,-9.72959,-13.15886,1.008835,-0.02481663,0.1763341,-52.25397,0.8673267,-28.74745
61.713040352,-18.49269,-12.16304,-12.854,1.050654,-0.02008094,0.1786528,-52.25397,0.8673267,-28.74745
61.723038196,-19.47722,-14.53713,-12.67109,1.082973,-0.002368666,0.1857706,-52.98576,0.0971756,-29.20046
61.733036518,-21.13862,-14.65584,-11.57362,1.08079,0.03671794,0.2135217,-52.98576,0.0971756,-29.20046
61.74303484,-25.93821,-15.90224,-10.17129,1.036866,0.06579427,0.1934906,-52.98576,0.0971756,-29.20046
61.753032684,-32.7684,-17.5641,-8.70799300000002,0.9824724,0.05515776,0.157695,-52.98576,0.0971756,-29.20046
61.763031006,-40.64465,-19.70079,-6.93983999999998,0.9698445,0.02733242,0.1711243,-52.98576,0.0971756,-29.20046
61.773029327,-46.79797,-20.41302,-6.45207400000002,1.005231,0.03883726,0.2366245,-53.36586,0.1047144,-27.97774
61.783027649,-49.75157,-21.54071,-7.42760699999997,0.9892233,0.008799602,0.2280458,-53.36586,0.1047144,-27.97774
61.793025494,-47.78251,-22.49035,-8.34216799999998,0.9379894,-0.06648368,0.1836469,-53.36586,0.1047144,-27.97774
61.803023338,-43.41365,-24.27092,-7.73246000000002,0.8868095,-0.06623001,0.1626787,-53.36586,0.1047144,-27.97774
61.813022137,-40.09085,-25.69538,-6.75692799999998,0.8598363,-0.05703971,0.163202,-53.36586,0.1047144,-27.97774
61.823019981,-36.76806,-25.63603,-5.964308,0.7976516,-0.04134369,0.1542134,-54.88422,0.8612595,-27.15441
61.833018303,-38.98325,-25.93279,-4.805864,0.7319621,-0.02097592,0.1323082,-54.88422,0.8612595,-27.15441
61.843016624,-45.44424,-25.45797,-3.769361,0.7509052,-0.01766408,0.1346672,-54.88422,0.8612595,-27.15441
61.853014946,-51.2899,-23.85546,-2.610917,0.7560216,-0.03071851,0.130833,-54.88422,0.8612595,-27.15441
61.863012791,-56.95096,-22.72776,-1.330531,0.7017154,-0.04634431,0.08068122,-54.88422,0.8612595,-27.15441
61.873011589,-62.3043500000001,-23.26193,0.1937385,0.6552148,-0.06298517,0.008980149,-56.39811,1.243985,-25.55506
61.883009434,-67.84234,-23.7961,2.388686,0.7365142,-0.08465589,0.01410834,-56.39811,1.243985,-25.55506
61.893007278,-67.5346799999998,-23.85546,4.27878,0.755869,-0.1031682,0.02030085,-56.39811,1.243985,-25.55506
61.903006077,-63.47348,-25.22056,5.010429,0.6866645,-0.1033233,-0.006378722,-56.39811,1.243985,-25.55506
61.913003921,-56.39716,-27.65401,3.912955,0.6826271,-0.1226443,-0.03795273,-56.39811,1.243985,-25.55506
61.923001766,-45.32118,-29.37523,2.205774,0.687665,-0.1055675,-0.04131594,-57.92773,2.387423,-23.95975
61.933000565,-35.22973,-33.35183,-0.964705900000002,0.6254299,-0.0627177,-0.1096549,-57.92773,2.387423,-23.95975
61.942998409,-29.75327,-38.81225,-2.976741,0.6361195,-0.03616134,-0.1513164,-57.92773,2.387423,-23.95975
61.952996731,-26.18434,-42.84821,-4.318098,0.7568985,-0.03220322,-0.139085,-57.92773,2.387423,-23.95975
61.962994575,-23.84608,-46.52806,-5.964308,0.7977251,0.05119152,-0.1415706,-57.92773,2.387423,-23.95975
61.972993374,-25.01521,-51.15754,-7.00081100000001,0.7911288,0.01157177,-0.2085495,-60.20093,3.148693,-21.91648
61.982991219,-22.36928,-58.3985299999998,-8.15925599999997,0.8409476,-0.07330304,-0.2449863,-60.20093,3.148693,-21.91648
61.992989063,-70.1805999999999,-17.50475,8.42479100000002,1.969942,-0.08004023,1.462042,-60.20093,3.148693,-21.91648
62.002987862,-124.7606,52.64975,33.36183,3.692619,0.7677811,3.45544,-60.20093,3.148693,-21.91648
62.012985706,-180.0789,45.2307,54.82354,2.144308,-0.329767,1.674291,-60.20093,3.148693,-21.91648
62.022983551,-176.6331,15.31711,41.71482,0.9413227,-0.7573352,0.4058783,-61.36732,4.682382,-19.48193
62.032982349,-153.8043,-24.44898,4.888487,1.350164,-0.4061345,-0.06680084,-61.36732,4.682382,-19.48193
62.042980194,-116.0844,-34.30147,4.766546,2.019806,-0.5587661,0.2862174,-61.36732,4.682382,-19.48193
62.052978516,-74.2418000000002,-23.14323,3.059364,1.42727,-0.4078563,0.1091812,-61.36732,4.682382,-19.48193
62.062976837,-45.19811,-21.1846,-1.879267,0.6541042,-0.2731905,-0.3900962,-62.17721,7.349597,-18.27618
62.072975159,-45.13658,-33.29248,-8.58605100000002,0.3122966,0.09603973,-0.6164405,-62.17721,7.349597,-18.27618
62.082973003,-86.79458,-42.84821,-7.12275300000002,1.027092,0.2597437,-0.415291,-62.17721,7.349597,-18.27618
62.092971802,-113.9307,-32.28349,-0.720822899999998,1.453986,0.1070498,-0.2346156,-62.17721,7.349597,-18.27618
62.102969646,-96.57836,-24.38963,4.27878,1.135358,-0.3913919,-0.3277327,-62.17721,7.349597,-18.27618
62.112967491,-51.41297,-23.26193,0.620533899999998,0.8960024,-0.4626764,-0.2722608,-63.34361,8.883286,-15.84162
62.12296629,-14.92376,-25.27991,-3.70839,1.039999,-0.2381559,-0.1041109,-63.34361,8.883286,-15.84162
62.132964134,-1.386449,-23.6774,-3.464507,1.186678,0.05330393,0.151118,-63.34361,8.883286,-15.84162
62.142961979,-10.67797,-22.60905,-4.318098,1.022439,0.2136532,0.2920643,-63.34361,8.883286,-15.84162
62.152960777,-31.53773,-25.22056,-4.927805,0.8692897,-0.01093033,0.3488611,-63.34361,8.883286,-15.84162
62.162958622,-40.64465,-29.07846,-5.476542,0.8712337,-0.2969677,0.3116025,-64.49258,9.652993,-13.79001
62.172956944,-33.81446,-32.22414,-6.08625000000001,0.9033262,-0.4768383,0.2345421,-64.49258,9.652993,-13.79001
62.182955265,-17.75429,-36.49751,-6.75692799999998,0.8959513,-0.4216612,0.226405,-64.49258,9.652993,-13.79001
62.192953587,-12.7701,-39.34642,-7.91537200000002,0.9780967,-0.307541,0.1999107,-64.49258,9.652993,-13.79001
62.202951431,-11.17023,-40.71152,-7.42760699999997,0.9898792,-0.2616263,0.1472349,-64.49258,9.652993,-13.79001
62.212949276,-8.27817099999997,-41.89857,-6.93983999999998,0.962197,-0.2672914,0.1190487,-64.89011,10.42451,-12.18434
62.222948074,-0.6480501,-43.02627,-6.93983999999998,0.9859076,-0.2850616,0.09077593,-64.89011,10.42451,-12.18434
62.232945919,9.935666,-43.79785,-7.91537200000002,0.9977314,-0.2417118,0.02326493,-64.89011,10.42451,-12.18434
62.242944241,15.59672,-45.04425,-8.76896300000003,1.003963,-0.1336711,-0.02558851,-64.89011,10.42451,-12.18434
62.252942562,12.76619,-46.70612,-9.56158399999997,0.98801,-0.06483533,-0.1155507,-64.89011,10.42451,-12.18434
62.262940884,5.751406,-47.65575,-9.25672899999999,1.052056,0.001432157,-0.1281224,-66.37621,9.292901,-9.738363
62.272938728,-2.986313,-46.76547,-8.40313799999999,1.092473,0.05541762,-0.104278,-66.37621,9.292901,-9.738363
62.28293705,-14.73916,-45.22231,-6.45207400000002,1.030712,0.07453238,-0.112311,-66.37621,9.292901,-9.738363
62.292935371,-27.59961,-43.26368,-5.84236700000003,1.044406,0.04625959,-0.0984489,-66.37621,9.292901,-9.738363
62.302933216,-32.52227,-40.05865,-5.476542,1.041627,-0.09218433,-0.1400445,-66.37621,9.292901,-9.738363
62.312932015,-28.8918,-38.15937,-4.379068,1.022325,-0.2328239,-0.173475,-67.13641,9.307977,-7.292912
62.322929859,-18.12349,-37.32844,-4.196156,1.014057,-0.2597798,-0.1806323,-67.13641,9.307977,-7.292912
62.332927704,-7.29363900000002,-35.96334,-5.110718,1.030188,-0.2094696,-0.1342515,-67.13641,9.307977,-7.292912
62.342926502,-1.755648,-33.82665,-5.110718,1.028239,-0.05180769,-0.05340932,-67.13641,9.307977,-7.292912
62.352924347,-6.73984000000002,-29.19717,-6.14722099999998,1.047225,0.08104713,0.03266706,-67.13641,9.307977,-7.292912
62.362922669,-16.70822,-27.06048,-6.02527899999998,0.9880889,0.03558163,-0.08159781,-67.50616,8.565156,-4.840625
62.372920513,-16.33902,-29.55328,-5.659454,0.9787882,-0.04142132,-0.1389909,-67.50616,8.565156,-4.840625
62.382919312,-21.01555,-28.7817,-5.415571,1.074081,0.1295017,0.01250757,-67.50616,8.565156,-4.840625
62.392917156,-29.01487,-26.11085,-5.171688,1.06329,0.1074738,0.01827497,-67.50616,8.565156,-4.840625
62.402915001,-33.62986,-26.2889,-4.683922,1.017318,0.01214371,0.002108072,-67.50616,8.565156,-4.840625
62.412913799,-34.12213,-29.9094,-5.537513,1.00565,-0.09228353,0.03278417,-67.89581,8.956319,-3.232926
62.422911644,-23.90761,-32.16478,-7.366636,1.017615,-0.2099335,0.05432953,-67.89581,8.956319,-3.232926
62.432909489,-14.30843,-35.19176,-8.829934,1.004409,-0.260085,0.01895083,-67.89581,8.956319,-3.232926
62.442908287,-7.35517199999998,-37.44715,-10.04935,1.054931,-0.3031102,0.04040976,-67.89581,8.956319,-3.232926
62.452906132,2.490145,-37.5065,-10.84197,1.048417,-0.3222232,-0.06916787,-67.89581,8.956319,-3.232926
62.462904453,8.52040099999998,-39.93995,-11.63459,0.9428918,-0.3100861,-0.1608736,-68.26974,8.586772,-1.621171
62.472902775,13.44306,-42.19534,-13.21983,0.953177,-0.2350567,-0.161868,-68.26974,8.586772,-1.621171
62.482901096,15.16599,-41.42376,-13.64662,1.004733,-0.2038658,-0.1571802,-68.26974,8.586772,-1.621171
62.492898941,18.30419,-41.60181,-13.03692,0.9870876,-0.2248082,-0.1772442,-68.26974,8.586772,-1.621171
62.50289774,22.73458,-41.2457,-13.76857,0.9699498,-0.1689311,-0.1939789,-68.26974,8.586772,-1.621171
62.512895584,26.61117,-41.42376,-15.29283,0.9657604,-0.1278405,-0.2083395,-68.63162,7.463594,0.8331442
62.522893429,29.13403,-40.83023,-15.84157,0.9722314,-0.1092995,-0.2140984,-68.63162,7.463594,0.8331442
62.532892227,32.39529,-39.70254,-15.17089,0.9673747,-0.1361354,-0.2155188,-68.63162,7.463594,0.8331442
62.542890072,36.76415,-39.10901,-14.19536,0.9584637,-0.1548561,-0.2241128,-68.63162,7.463594,0.8331442
62.552887917,40.88688,-39.82124,-13.58565,0.9263126,-0.1547861,-0.200128,-68.63162,7.463594,0.8331442
62.562886715,43.10207,-40.41476,-12.97595,0.8963162,-0.1651843,-0.1565226,-68.63278,7.100673,2.899182
62.57288456,44.51734,-40.23671,-11.93944,0.9546463,-0.2347776,-0.1345918,-68.63278,7.100673,2.899182
62.582882881,51.03986,-37.68456,-9.50061200000003,1.028182,-0.3364584,-0.1471368,-68.63278,7.100673,2.899182
62.592881203,65.5617099999999,-33.29248,-6.695957,1.025589,-0.3555194,-0.2064708,-68.63278,7.100673,2.899182
62.602879524,72.8226199999998,-30.44357,-2.976741,0.99928,-0.1230767,-0.2380708,-68.63197,6.733937,4.513718
62.612877369,52.76279,-28.7817,0.986358399999998,1.008938,0.1937911,-0.2022761,-68.63197,6.733937,4.513718
62.622876167,23.78064,-29.49393,2.937423,1.035781,0.191318,-0.2118937,-68.63197,6.733937,4.513718
62.632874012,15.59672,-29.96875,1.047329,0.9982389,0.1389603,-0.2764226,-68.63197,6.733937,4.513718
62.642871857,14.85832,-30.0281,-1.26956,1.025209,0.259433,-0.2860721,-68.63197,6.733937,4.513718
62.652869701,3.290077,-29.85004,-0.4769399,1.084761,0.3321921,-0.2699231,-68.62359,5.987391,6.194782
62.6628685,-13.75463,-27.59465,1.352183,1.122592,0.264006,-0.2623143,-68.62359,5.987391,6.194782
62.672866344,-25.81514,-24.44898,1.535095,1.165934,0.109904,-0.2561287,-68.62359,5.987391,6.194782
62.682864666,-25.63054,-19.52273,2.937423,1.173604,0.01209613,-0.2872243,-68.62359,5.987391,6.194782
62.692862987,-28.64567,-16.85188,5.376253,1.10502,0.1086732,-0.3120155,-68.62359,5.987391,6.194782
62.702861309,-41.32152,-16.25835,4.644604,1.102319,0.1242192,-0.2536286,-69.76442,6.376198,8.183922
62.712859154,-43.84438,-15.48677,1.169271,1.105824,-0.01097001,-0.2717858,-69.76442,6.376198,8.183922
62.722857952,-40.02932,-16.02094,-1.635384,1.088073,-0.05081701,-0.2334585,-69.76442,6.376198,8.183922
62.732855797,-37.38339,-17.5641,-4.379068,1.078019,-0.0578959,-0.1358096,-69.76442,6.376198,8.183922
62.742853641,-30.5532,-19.58208,-6.63498599999997,1.088678,-0.1317624,-0.1061375,-69.76442,6.376198,8.183922
62.75285244,-25.26134,-22.01553,-9.07381699999998,1.114486,-0.1035924,-0.05737495,-69.02619,6.768717,8.961458
62.762850285,-28.7072,-25.22056,-10.72003,1.167315,-0.08616508,0.03345792,-69.02619,6.768717,8.961458
62.772848606,-20.64635,-27.59465,-12.79303,1.188206,-0.1613189,0.006640595,-69.02619,6.768717,8.961458
62.782846928,-15.60063,-26.2889,-12.73206,1.197952,-0.2153783,-0.08046332,-69.02619,6.768717,8.961458
62.792845249,-6.55523999999999,-25.93279,-11.51265,1.133046,-0.2655242,-0.2157743,-69.02619,6.768717,8.961458
62.802843094,0.2749484,-23.73675,-12.54915,1.08661,-0.1565681,-0.3162223,-69.01752,6.021626,10.57802
62.812841415,-9.07810300000001,-18.92921,-12.67109,1.046897,0.01006366,-0.3946825,-69.01752,6.021626,10.57802
62.822839737,-18.67729,-14.77454,-12.12236,0.9501145,-0.0009858203,-0.4371042,-69.01752,6.021626,10.57802
62.832837582,-21.63088,-8.66124800000001,-11.93944,0.9023349,-0.0266085,-0.4786505,-69.01752,6.021626,10.57802
62.84283638,-19.53875,-2.013783,-12.06138,0.8987269,-0.04232202,-0.4886902,-69.01752,6.021626,10.57802
62.852834225,-10.30877,2.31894,-12.36624,0.9059529,-0.08904802,-0.4594976,-68.61131,4.503016,10.58891
62.862832069,-3.232446,7.304539,-12.06138,0.9290144,-0.01799394,-0.3915983,-68.61131,4.503016,10.58891
62.872830391,-6.49370699999998,11.28115,-10.72003,0.9378901,0.055542,-0.3404251,-68.61131,4.503016,10.58891
62.882828712,-12.09323,13.952,-10.23226,0.9270917,0.06047319,-0.3093001,-68.61131,4.503016,10.58891
62.892827034,-17.20049,16.02934,-9.80546599999998,0.909107,0.03259026,-0.2905971,-68.61131,4.503016,10.58891
62.902824879,-17.56969,16.68221,-9.92740700000002,0.8714735,0.01305292,-0.2732977,-69.35294,4.117035,10.58538
62.912823677,-17.87736,16.56351,-10.04935,0.8127269,0.001744514,-0.2669709,-69.35294,4.117035,10.58538
62.922821522,-17.56969,13.952,-10.53712,0.7753584,-0.03263779,-0.2793399,-69.35294,4.117035,10.58538
62.932819366,-17.20049,10.98439,-10.781,0.7346912,-0.07363498,-0.317066,-69.35294,4.117035,10.58538
62.942818165,-15.23143,7.24518699999998,-11.08585,0.69919,-0.1556378,-0.3332545,-69.35294,4.117035,10.58538
62.95281601,-9.13963599999997,2.55635,-12.18333,0.6950594,-0.2214487,-0.3471091,-68.92228,1.820823,8.600821
62.962813854,-0.4019172,-1.598316,-11.57362,0.7275242,-0.2907575,-0.3973983,-68.92228,1.820823,8.600821
62.972812653,15.47366,-4.269173,-11.8175,0.7340909,-0.3041254,-0.4385639,-68.92228,1.820823,8.600821
62.982810497,28.08797,-7.29614399999999,-12.73206,0.7187586,-0.1634097,-0.4811667,-68.92228,1.820823,8.600821
62.992808819,26.11891,-10.32311,-11.26876,0.701077,-0.0005704244,-0.4907493,-68.92228,1.820823,8.600821
63.00280714,16.02746,-14.71519,-9.68352500000001,0.6123851,0.02366277,-0.5714803,-69.29533,1.814741,8.211039
63.012805462,8.95113399999999,-19.99755,-9.378671,0.5388397,0.0465585,-0.618737,-69.29533,1.814741,8.211039
63.022803307,3.597743,-25.16121,-10.29323,0.5760871,0.08794775,-0.5838766,-69.29533,1.814741,8.211039
63.032802105,-0.2788507,-27.95077,-11.45168,0.6648355,0.1113677,-0.5529298,-69.29533,1.814741,8.211039
63.04279995,-7.29363900000002,-28.72235,-11.51265,0.7293616,0.0002262089,-0.4118337,-69.29533,1.814741,8.211039
63.052797794,1.813279,-29.67199,-9.25672899999999,0.8801704,-0.1926058,-0.3565322,-68.91781,1.447005,9.376852
63.062796593,15.71979,-28.72235,-5.720425,0.9536874,-0.214846,-0.343733,-68.91781,1.447005,9.376852
63.072794437,20.64245,-31.51191,-3.769361,0.971949,-0.120644,-0.2318023,-68.91781,1.447005,9.376852
63.082792282,20.39631,-32.93637,-4.927805,0.9813591,0.00258258,-0.1681999,-68.91781,1.447005,9.376852
63.09279108,17.13505,-36.2601,-6.45207400000002,0.9151905,0.1785957,-0.1733942,-68.91781,1.447005,9.376852
63.102788925,8.82806800000001,-41.06764,-7.18372300000002,0.816965,0.243486,-0.2512475,-69.28585,0.7009153,11.44214
63.112787247,4.643808,-45.69712,-9.31770000000002,0.726281,0.1124573,-0.4075501,-69.28585,0.7009153,11.44214
63.122785568,13.99686,-47.12158,-14.50021,0.6520516,-0.01234034,-0.5557472,-69.28585,0.7009153,11.44214
63.13278389,16.82739,-47.12158,-16.63419,0.6435981,-0.05685619,-0.6227216,-69.28585,0.7009153,11.44214
63.142781734,14.73526,-47.5964,-14.56119,0.7949788,-0.1444509,-0.3267243,-69.28585,0.7009153,11.44214
63.152779579,9.87413200000002,-42.84821,-7.54954800000001,1.037475,-0.5766618,-0.3423502,-68.53922,0.3468876,13.90074
63.162778378,32.08763,-39.70254,1.778978,1.143211,-0.6799563,-0.3353293,-68.53922,0.3468876,13.90074
63.172776222,39.65622,-40.83023,7.38828800000001,1.022302,-0.3112286,-0.2447626,-68.53922,0.3468876,13.90074
63.182774067,31.53383,-40.59282,4.827517,0.9376976,0.1224001,-0.1499687,-68.53922,0.3468876,13.90074
63.192772865,18.11959,-45.51907,-2.610917,0.8257906,0.3434134,-0.2895747,-68.55949,0.751215,16.73672
63.20277071,0.5210813,-47.71511,-5.964308,0.8867953,0.4928562,-0.33997,-68.55949,0.751215,16.73672
63.212769032,0.951813900000003,-47.00288,-10.72003,0.7801367,0.3258819,-0.6723515,-68.55949,0.751215,16.73672
63.222767353,10.9202,-42.4921,-11.02488,0.6266482,0.4285039,-0.7027392,-68.55949,0.751215,16.73672
63.232765675,-8.89350299999999,-40.23671,-8.22022599999998,0.6063591,0.450561,-0.4792145,-68.55949,0.751215,16.73672
63.242763519,-26.73814,-36.14139,-5.964308,1.016678,-0.06803495,-0.4204528,-67.82243,0.7808123,19.5803
63.252762318,-11.23177,-29.79069,0.3766508,1.379937,-0.2590896,-0.311443,-67.82243,0.7808123,19.5803
63.262760162,2.797811,-27.06048,2.327715,1.421664,-0.249527,-0.3124753,-67.82243,0.7808123,19.5803
63.272758007,19.84252,-25.39862,2.144803,1.196977,-0.2728609,-0.3058561,-67.82243,0.7808123,19.5803
63.282756805,28.8879,-28.36624,-1.26956,1.041873,-0.03144839,-0.3003836,-67.82243,0.7808123,19.5803
63.29275465,22.42691,-32.58025,-6.08625000000001,1.025011,0.1917428,-0.3013688,-67.09349,1.19131,22.48635
63.302752972,1.874812,-37.38779,-7.61051899999998,1.012581,0.2836736,-0.264999,-67.09349,1.19131,22.48635
63.312751293,-15.90829,-42.6108,-9.68352500000001,0.9639046,0.2006779,-0.3610866,-67.09349,1.19131,22.48635
63.322749138,-17.38509,-42.01728,-15.65866,1.050351,-0.01954659,-0.4516315,-67.09349,1.19131,22.48635
63.332747459,-2.494047,-39.34642,-18.03652,1.142862,-0.09586082,-0.5474883,-67.09349,1.19131,22.48635
63.342745781,2.305545,-34.95435,-18.58526,1.274141,0.05211463,-0.4324184,-67.09438,0.8278427,24.48788
63.352744103,-4.155444,-33.29248,-19.13399,1.272731,0.07702865,-0.3620717,-67.09438,0.8278427,24.48788
63.362741947,-9.63190200000001,-33.64859,-18.40234,1.265734,-0.01735594,-0.3591637,-67.09438,0.8278427,24.48788
63.372740746,-8.15510499999999,-35.31046,-17.12196,1.177702,-3.818888e-05,-0.3475289,-67.09438,0.8278427,24.48788
63.38273859,-10.61643,-38.33743,-19.43885,1.195544,0.03725998,-0.293012,-67.09438,0.8278427,24.48788
63.392736435,-8.093571,-41.54246,-25.47495,1.274108,-0.09816633,-0.2868925,-66.34159,0.09672785,27.33551
63.402734757,6.79747099999997,-44.80684,-31.08426,1.272967,0.01536888,-0.250548,-66.34159,0.09672785,27.33551
63.412733078,8.45886800000002,-49.61438,-31.69397,1.257248,0.1786856,-0.2122766,-66.34159,0.09672785,27.33551
63.4227314,0.0903486900000002,-56.14314,-31.26718,1.143681,0.2581019,-0.2097062,-66.34159,0.09672785,27.33551
63.432729244,-10.12417,-64.0370099999998,-31.2062,1.222972,0.2663279,-0.1725176,-66.34159,0.09672785,27.33551
63.442728043,-16.95436,-73.4146900000002,-32.60853,1.21535,0.2840748,-0.1284798,-65.5854,-0.6409245,29.40914
63.452725887,-25.01521,-78.3409299999999,-33.76698,1.169027,0.2870875,-0.07097076,-65.5854,-0.6409245,29.40914
63.462723732,-33.81446,-84.69164,-33.40115,1.159625,0.2682254,-0.09392115,-65.5854,-0.6409245,29.40914
63.47272253,-48.45937,-90.5675199999997,-31.633,1.210559,0.2810917,-0.07247733,-65.5854,-0.6409245,29.40914
63.482720375,-60.4583499999998,-95.01894,-29.49902,1.261052,0.1602354,-0.1127346,-65.5854,-0.6409245,29.40914
63.49271822,-59.8430200000002,-99.2329599999999,-26.45049,1.232743,0.03045766,-0.21411,-64.80902,-2.513107,32.26286
63.502717018,-50.61304,-103.3876,-25.41398,1.134363,-0.1053675,-0.3469477,-64.80902,-2.513107,32.26286
63.512714863,-26.30741,-107.4236,-26.6334,1.075661,-0.1742768,-0.4750859,-64.80902,-2.513107,32.26286
63.522713184,-1.386449,-109.0855,-29.07223,1.0768,-0.1588718,-0.5463998,-64.80902,-2.513107,32.26286
63.532711506,21.01165,-107.3642,-31.38912,1.077101,-0.09798815,-0.5847021,-64.80902,-2.513107,32.26286
63.542709828,38.05635,-106.5927,-33.70601,0.9414804,0.01093476,-0.7084449,-62.88965,-5.873757,38.03554
63.552707672,40.39462,-107.8391,-34.68154,0.8168114,0.05685871,-0.7838544,-62.88965,-5.873757,38.03554
63.562706471,34.42589,-108.7887,-33.15727,0.7926636,0.07000897,-0.8345448,-62.88965,-5.873757,38.03554
63.572704315,24.76517,-105.3463,-28.76737,0.7973623,0.0529491,-0.8503415,-62.88965,-5.873757,38.03554
63.58270216,22.11925,-101.3103,-25.96272,0.7245348,0.06533592,-0.826289,-62.88965,-5.873757,38.03554
63.592700958,12.2124,-90.8642799999998,-24.68233,0.7055562,0.04221229,-0.6573126,-59.49124,-8.089173,42.97475
63.602698803,2.674744,-73.8301499999999,-21.63379,0.6965919,-0.04816821,-0.5314082,-59.49124,-8.089173,42.97475
63.612696648,10.24333,-56.61796,-20.84118,0.6062108,-0.1672159,-0.6006135,-59.49124,-8.089173,42.97475
63.622695446,23.47298,-42.37339,-19.68273,0.5756793,-0.2016859,-0.5842798,-59.49124,-8.089173,42.97475
63.632693291,32.14916,-26.05149,-18.09749,0.5926092,-0.1150273,-0.4972308,-59.49124,-8.089173,42.97475
63.642691612,34.79509,-8.89865800000003,-16.69516,0.6056412,-0.05488845,-0.4321826,-55.74379,-8.730582,46.2958
63.652689934,32.21069,7.60130100000003,-14.37827,0.5855457,-0.02118527,-0.3699414,-55.74379,-8.730582,46.2958
63.662688255,27.10344,23.32968,-11.39071,0.5462891,-0.006283527,-0.3559981,-55.74379,-8.730582,46.2958
63.6726861,19.71945,38.93935,-8.22022599999998,0.5535697,0.02177392,-0.3325678,-55.74379,-8.730582,46.2958
63.682684898,10.7356,53.9555,-4.744893,0.5995739,0.06298966,-0.33553,-55.74379,-8.730582,46.2958
63.692682743,0.02881546,68.4374800000001,-2.610917,0.617209,0.1092393,-0.3642873,-55.36118,-9.108126,46.30061
63.702680588,-13.44696,82.3852799999998,-0.7817937,0.6025208,0.1112375,-0.4326985,-55.36118,-9.108126,46.30061
63.712679386,-27.96881,94.31511,3.181306,0.6537639,0.1324358,-0.4572007,-55.36118,-9.108126,46.30061
63.722677231,-40.46005,106.6604,7.022464,0.7126139,0.1120811,-0.4721339,-55.36118,-9.108126,46.30061
63.732675075,-49.0747,118.9463,10.13197,0.7236992,0.0922142,-0.4898555,-57.23454,-8.39253,42.60613
63.742673874,-54.4281,128.8582,14.15604,0.7505355,0.1415964,-0.514801,-57.23454,-8.39253,42.60613
63.752671719,-57.3816899999997,137.7017,18.48497,0.7853412,0.1563281,-0.5201297,-57.23454,-8.39253,42.60613
63.76267004,-56.52023,145.1207,22.87486,0.8201098,0.146569,-0.5465095,-57.23454,-8.39253,42.60613
63.772667885,-51.59757,151.5901,26.9599,0.8662676,0.1530622,-0.5738705,-57.23454,-8.39253,42.60613
63.782666683,-46.12111,157.3473,30.86203,0.9247763,0.1505666,-0.6012506,-61.28522,-10.38736,35.23264
63.792664528,-42.36758,162.8671,33.54474,0.9571428,0.1651361,-0.6190181,-61.28522,-10.38736,35.23264
63.802662373,-39.41399,165.5973,35.67872,0.9702326,0.1944941,-0.6252701,-61.28522,-10.38736,35.23264
63.812661171,-38.55252,166.6063,38.30046,0.9951793,0.2154053,-0.6243618,-61.28522,-10.38736,35.23264
63.822659016,-39.78319,166.9624,41.22706,1.035229,0.2374649,-0.5837583,-61.28522,-10.38736,35.23264
63.832657337,-42.79832,167.0811,43.30006,1.074036,0.2222009,-0.5302215,-67.23206,-10.89225,25.77314
63.842655659,-44.45971,166.4282,44.51948,1.084906,0.241285,-0.4862163,-67.23206,-10.89225,25.77314
63.852653503,-47.72097,164.2915,45.25113,1.09068,0.2453261,-0.4819203,-67.23206,-10.89225,25.77314
63.862651825,-50.3669,161.502,45.25113,1.085732,0.171317,-0.4871569,-67.23206,-10.89225,25.77314
63.872650146,-46.67491,158.4157,44.58045,1.099175,0.1039402,-0.4976917,-67.23206,-10.89225,25.77314
63.882648468,-39.29092,155.5668,42.99521,1.104982,0.1067215,-0.4718594,-71.3394,-9.491117,15.15639
63.892646313,-33.19913,152.8959,40.67832,1.123646,0.1516223,-0.4379246,-71.3394,-9.491117,15.15639
63.902645111,-29.56867,150.1657,37.62978,1.136095,0.1900393,-0.4087631,-71.3394,-9.491117,15.15639
63.912642956,-28.58414,146.7233,34.94707,1.08098,0.2192805,-0.38666,-71.3394,-9.491117,15.15639
63.9226408,-27.84574,141.6783,32.56921,1.074648,0.1927479,-0.404828,-71.3394,-9.491117,15.15639
63.932639599,-25.63054,137.2862,30.37426,1.109899,0.1323473,-0.3905166,-73.95264,-7.765037,4.16207
63.942637444,-19.47722,134.2593,27.56961,1.113674,0.1137641,-0.3584538,-73.95264,-7.765037,4.16207
63.952635765,-11.8471,131.4697,24.09428,1.095394,0.1020781,-0.3215686,-73.95264,-7.765037,4.16207
63.962634087,-5.078443,128.2053,19.39953,1.084103,0.08117881,-0.2976148,-73.95264,-7.765037,4.16207
63.972632408,3.043944,123.7539,13.85119,1.072952,0.05232742,-0.2932807,-73.95264,-7.765037,4.16207
63.982630253,13.07386,119.5992,9.217411,1.071759,0.03833437,-0.2798749,-75.0733,-5.954508,-5.660458
63.992629051,20.64245,115.1478,4.522663,1.042422,0.04432641,-0.2520679,-75.0733,-5.954508,-5.660458
64.002626896,27.71877,110.1028,0.803446099999999,1.02548,0.03806827,-0.2620868,-75.0733,-5.954508,-5.660458
64.012624741,41.00994,106.4823,0.5595631,1.032446,0.05609363,-0.2721537,-75.0733,-5.954508,-5.660458
64.022623539,44.825,103.5147,2.937423,0.9995131,0.1236897,-0.2486635,-75.0733,-5.954508,-5.660458
64.032621384,41.19455,97.7575499999998,4.888487,0.9650486,0.1431517,-0.2246796,-74.31157,-4.877007,-13.85252
64.042619228,36.27189,92.65324,6.04693200000002,0.9702215,0.1280152,-0.1907058,-74.31157,-4.877007,-13.85252
64.052618027,31.84149,87.8456999999999,7.08343500000003,0.9531609,0.1288518,-0.1686618,-74.31157,-4.877007,-13.85252
64.062615871,28.82637,82.2072199999998,7.57120099999999,0.9587062,0.1193873,-0.152876,-74.31157,-4.877007,-13.85252
64.072614193,23.28838,77.3996799999997,6.96149300000002,0.9741591,0.1270519,-0.1452477,-74.31157,-4.877007,-13.85252
64.082612038,16.08899,72.5921400000002,5.376253,0.9758314,0.1159434,-0.1414191,-73.89709,-5.316113,-21.13625
64.092610836,9.935666,68.14072,4.156838,0.9604446,0.07853238,-0.1605257,-73.89709,-5.316113,-21.13625
64.102608681,6.12060500000003,64.4608700000002,3.973926,0.9461924,0.05946138,-0.1427887,-73.89709,-5.316113,-21.13625
64.112606525,5.25914,60.8997199999999,3.791013,0.9241678,0.06500667,-0.1264801,-73.89709,-5.316113,-21.13625
64.122605324,5.136074,57.9321099999999,3.181306,0.9082828,0.08083856,-0.1144921,-73.89709,-5.316113,-21.13625
64.132603169,3.782343,54.72708,2.815481,0.9059106,0.1037889,-0.09726513,-71.63139,-4.967371,-26.86212
64.142601013,1.997879,51.28465,3.242276,0.946134,0.1158655,-0.08585253,-71.63139,-4.967371,-26.86212
64.152599812,-1.447982,49.08861,3.303247,0.9787964,0.1414298,-0.07108019,-71.63139,-4.967371,-26.86212
64.162597656,-3.786245,47.78286,3.973926,0.9806206,0.1747906,-0.0404631,-71.63139,-4.967371,-26.86212
64.172595978,-7.47823899999999,46.18034,3.669072,0.9727141,0.1547196,-0.039487,-71.63139,-4.967371,-26.86212
64.182594299,-7.97050500000002,45.112,3.608101,0.9881849,0.135763,-0.02036605,-70.11267,-4.994258,-31.36602
64.192592621,-6.24757399999999,44.75588,3.730042,0.9843057,0.1346969,-0.02227331,-70.11267,-4.994258,-31.36602
64.202590466,-6.678307,44.75588,3.851984,0.9905053,0.1422357,-0.008407356,-70.11267,-4.994258,-31.36602
64.212589264,-8.03203799999998,44.75588,3.669072,1.001562,0.1509696,0.01932853,-70.11267,-4.994258,-31.36602
64.222587109,-11.60097,44.45912,3.791013,1.000626,0.1490732,0.02650929,-70.11267,-4.994258,-31.36602
64.232584953,-15.60063,43.27208,3.851984,1.017704,0.1479922,0.03078698,-69.36649,-4.251893,-34.20252
64.242583752,-20.52328,40.83863,4.461692,1.029255,0.1297766,0.03316442,-69.36649,-4.251893,-34.20252
64.252581596,-22.73848,37.57425,4.888487,1.029406,0.09576365,0.03317291,-69.36649,-4.251893,-34.20252
64.262579441,-22.92308,34.01311,4.644604,1.049903,0.04222472,0.03267239,-69.36649,-4.251893,-34.20252
64.27257824,-18.55422,31.57966,3.303247,1.065865,0.02340947,0.06614974,-67.48456,-3.888529,-37.86716
64.282576084,-10.30877,28.9088,2.144803,1.060104,0.01975902,0.1044468,-67.48456,-3.888529,-37.86716
64.292574406,-2.494047,25.28831,0.1937385,1.061515,0.02282097,0.1173651,-67.48456,-3.888529,-37.86716
64.302572727,5.25914,21.4304,-1.086647,1.078098,0.02228199,0.1288222,-67.48456,-3.888529,-37.86716
64.312571049,11.16633,17.98796,-2.367033,1.072505,0.03412704,0.1077715,-67.48456,-3.888529,-37.86716
64.322568894,14.11993,15.96998,-2.123151,1.073972,0.05996355,0.1135052,-66.74008,-3.142896,-40.31667
64.332567692,11.6586,14.07071,-1.574414,1.06493,0.07435439,0.1125601,-66.74008,-3.142896,-40.31667
64.342565537,7.53587,12.46819,0.1327677,1.068934,0.04288677,0.1168684,-66.74008,-3.142896,-40.31667
64.352563381,1.936346,11.4592,1.535095,1.073452,0.00996272,0.1202191,-66.74008,-3.142896,-40.31667
64.36256218,-0.3403839,11.57791,3.242276,1.088142,-0.01918334,0.142694,-66.74008,-3.142896,-40.31667
64.372560024,-2.74018,12.40884,5.13237,1.095056,-0.04945051,0.1656614,-64.49244,-2.759285,-41.91453
64.382557869,-2.801713,12.40884,6.41275599999997,1.073964,-0.06774618,0.1767101,-64.49244,-2.759285,-41.91453
64.392556667,-1.878715,11.93402,8.30284999999999,1.057074,-0.1034054,0.1398984,-64.49244,-2.759285,-41.91453
64.402554512,0.4595481,11.3405,10.13197,1.047577,-0.1167529,0.1356112,-64.49244,-2.759285,-41.91453
64.412552834,2.613211,10.68762,11.35139,1.042228,-0.1181156,0.1045135,-64.49244,-2.759285,-41.91453
64.422551155,3.905409,10.80633,12.63177,1.072494,-0.09443714,0.1307763,-64.1202,-2.386468,-43.13928
64.432549477,3.782343,10.86568,13.42439,1.085407,-0.08082911,0.1561148,-64.1202,-2.386468,-43.13928
64.442547321,6.12060500000003,10.68762,14.58284,1.082266,-0.1212901,0.1489521,-64.1202,-2.386468,-43.13928
64.45254612,10.85866,9.67863400000001,15.19255,1.056981,-0.1506532,0.1279463,-64.1202,-2.386468,-43.13928
64.462543964,18.67338,7.423244,16.16808,1.027629,-0.1451484,0.1026316,-64.1202,-2.386468,-43.13928
64.472541809,21.38085,6.473606,17.20458,1.022472,-0.1030908,0.1428301,-63.39063,-1.246859,-43.97831
64.482540608,20.33478,5.88008199999999,18.11914,1.041221,-0.06247406,0.1863374,-63.39063,-1.246859,-43.97831
64.492538452,20.76551,5.702025,18.48497,0.9904059,-0.08164645,0.1658522,-63.39063,-1.246859,-43.97831
64.502536774,22.05771,4.633682,18.97273,0.9507234,-0.09665435,0.1515679,-63.39063,-1.246859,-43.97831
64.512535095,23.53451,4.336921,19.52147,0.9126624,-0.09408808,0.1425407,-63.39063,-1.246859,-43.97831
64.52253294,24.94977,4.871092,19.58244,0.8845164,-0.07416005,0.1507204,-62.63776,-1.247772,-44.74675
64.532531262,25.07284,4.693035,19.58244,0.8464363,-0.04423667,0.1574791,-62.63776,-1.247772,-44.74675
64.542529106,23.84218,4.930444,19.64341,0.8060144,-0.01991108,0.1417503,-62.63776,-1.247772,-44.74675
64.552527905,21.87311,4.633682,20.19215,0.7557518,-0.01679383,0.1131226,-62.63776,-1.247772,-44.74675
64.562525749,17.68885,4.752387,21.5335,0.7234432,-0.03495236,0.1103121,-62.63776,-1.247772,-44.74675
64.572523594,12.82773,5.049149,22.75292,0.719305,-0.04817209,0.1084084,-61.15086,-0.4828925,-45.57819
64.582522392,7.53587,4.871092,25.19175,0.7121653,-0.05774782,0.08640885,-61.15086,-0.4828925,-45.57819
64.592520237,0.2134152,4.871092,28.11835,0.668179,-0.07650458,0.09654046,-61.15086,-0.4828925,-45.57819
64.602518559,-6.678307,3.56534,30.61815,0.6250134,-0.08770692,0.08082558,-61.15086,-0.4828925,-45.57819
64.61251688,-11.4779,1.666064,32.20339,0.5807887,-0.1202853,0.06798951,-61.15086,-0.4828925,-45.57819
64.622515201,-13.6931,0.3603118,33.17892,0.5843244,-0.1006594,0.08089985,-60.40753,-0.1001806,-45.96165
64.632513046,-13.26236,-0.886087999999999,32.99601,0.55643,-0.09445554,0.07568254,-60.40753,-0.1001806,-45.96165
64.642511845,-12.5855,-2.19184,32.75212,0.5371146,-0.0777941,0.07954053,-60.40753,-0.1001806,-45.96165
64.652509689,-12.09323,-3.378887,32.26436,0.5604525,-0.07482874,0.08763488,-60.40753,-0.1001806,-45.96165
64.662507534,-9.38576900000002,-3.20083,31.77659,0.5741307,-0.07641894,0.09670439,-60.40753,-0.1001806,-45.96165
64.672506332,-8.70890300000002,-3.260183,31.83756,0.5771071,-0.05289017,0.1124861,-59.32851,2.186577,-46.41698
64.682504177,-12.4009,-3.20083,32.50824,0.6050545,-0.01000408,0.1186479,-59.32851,2.186577,-46.41698
64.692502022,-21.44628,-3.794354,34.52028,0.6404088,0.002033372,0.1362905,-59.32851,2.186577,-46.41698
64.70250082,-33.75293,-5.515573,37.20299,0.663211,-0.0183195,0.146306,-59.32851,2.186577,-46.41698
64.712498665,-44.82891,-7.94901899999999,39.70279,0.6916224,-0.07794912,0.1534505,-59.32851,2.186577,-46.41698
64.722496986,-51.8437,-10.67923,41.349,0.7120182,-0.1254,0.1811846,-60.13134,4.840175,-46.82374
64.732495308,-52.70517,-13.05332,41.40997,0.7000778,-0.138266,0.1816873,-60.13134,4.840175,-46.82374
64.742493629,-49.87464,-16.37706,40.86124,0.6343465,-0.116122,0.1415958,-60.13134,4.840175,-46.82374
64.752491474,-51.90524,-17.62346,40.37347,0.7148446,-0.09422633,0.1830859,-60.13134,4.840175,-46.82374
64.762490272,-53.25896,-14.71519,40.19056,0.8489536,-0.09831756,0.2426752,-60.13134,4.840175,-46.82374
64.772488117,-50.61304,-10.56052,40.3125,0.8794779,-0.1153619,0.2258762,-59.83691,8.649814,-46.45424
64.782485962,-50.67457,-10.26376,40.19056,0.8184655,-0.1111834,0.1771667,-59.83691,8.649814,-46.45424
64.79248476,-54.92036,-12.16304,39.94667,0.8688725,-0.1493129,0.1498099,-59.83691,8.649814,-46.45424
64.802482605,-56.64329,-12.51915,40.73929,0.98676,-0.1980374,0.1993888,-59.83691,8.649814,-46.45424
64.81248045,-52.5821,-11.86628,41.10512,0.9741047,-0.1979892,0.231954,-59.83691,8.649814,-46.45424
64.822479248,-48.58244,-15.13066,39.70279,0.8791674,-0.1780993,0.1679852,-60.31137,13.22162,-45.25585
64.832477093,-46.92104,-18.98856,38.66629,0.9158252,-0.2106867,0.1387365,-60.31137,13.22162,-45.25585
64.842475414,-39.90625,-21.12525,37.32493,0.9794574,-0.2516582,0.1439005,-60.31137,13.22162,-45.25585
64.852473736,-26.92274,-23.61805,34.09348,0.961046,-0.2061294,0.1142492,-60.31137,13.22162,-45.25585
64.862472057,-15.53909,-26.58566,29.8865,0.923425,-0.124246,0.06308603,-60.42512,18.55368,-44.44574
64.872469902,-8.46277000000003,-29.67199,26.53311,0.9093961,-0.07790789,0.05926995,-60.42512,18.55368,-44.44574
64.8824687,0.4595481,-33.64859,23.11874,0.8822209,-0.1380815,-0.03207521,-60.42512,18.55368,-44.44574
64.892466545,13.62766,-41.12699,17.63138,0.8372638,-0.0821384,-0.140648,-60.42512,18.55368,-44.44574
64.90246439,17.25812,-49.13956,11.65624,0.8574787,0.03404571,-0.1794778,-60.42512,18.55368,-44.44574
64.912463188,11.8432,-57.21148,6.59566799999998,0.9741394,0.1023343,-0.1380627,-61.25323,22.35162,-44.47158
64.922461033,-35.78353,-25.45797,13.11954,1.743736,-0.0819187,1.161891,-61.25323,22.35162,-44.47158
64.932458878,-43.84438,9.79733799999999,15.13157,2.706632,0.263381,2.561395,-61.25323,22.35162,-44.47158
64.942457676,-49.38237,36.68396,22.02127,2.276361,-0.1492781,1.623763,-61.25323,22.35162,-44.47158
64.952455521,9.935666,22.97356,17.44846,1.661427,-0.7117264,0.9655024,-61.25323,22.35162,-44.47158
64.962453842,84.2678099999998,-4.803344,-17.60972,1.280105,0.1164778,0.3208333,-63.55224,24.62341,-43.72643
64.972452164,97.6820500000002,-34.24212,-37.36425,1.640973,0.7745664,0.2448983,-63.55224,24.62341,-43.72643
64.982450485,54.73186,-52.99747,-35.53513,1.765043,1.100356,0.4240642,-63.55224,24.62341,-43.72643
64.99244833,1.44408,-58.3391800000003,-32.60853,1.240905,0.4844492,0.04658284,-63.55224,24.62341,-43.72643
65.002447128,-5.01691,-69.4974299999998,-34.25474,0.7157998,-0.4256655,-0.6701316,-63.55224,24.62341,-43.72643
65.012444973,16.88892,-76.1448900000003,-35.96192,0.7911708,-0.9939712,-0.9117975,-62.05775,25.00848,-44.49133
65.022442818,53.87039,-69.5567799999999,-34.1328,1.184075,-0.6574969,-0.6239877,-62.05775,25.00848,-44.49133
65.032441616,57.8700499999997,-51.57301,-30.53553,1.033821,-0.2542802,-0.4185205,-62.05775,25.00848,-44.49133
65.042439461,24.94977,-40.65217,-24.31651,0.854497,-0.07043646,-0.3325901,-62.05775,25.00848,-44.49133
65.052437305,-11.53943,-36.49751,-17.85361,0.9845632,-0.2478825,-0.250456,-62.05775,25.00848,-44.49133
65.062436104,-9.878035,-32.04608,-14.92701,1.127079,-0.4638166,-0.09989741,-65.00351,21.96384,-42.04635
65.072433949,31.2877,-25.63603,-16.45128,1.101007,-0.4996808,0.01980129,-65.00351,21.96384,-42.04635
65.08243227,83.8370699999999,-21.65942,-19.92661,0.9342934,-0.2870226,0.09421644,-65.00351,21.96384,-42.04635
65.092430115,105.4968,-23.6774,-21.14603,0.950438,0.1001419,0.1510392,-65.00351,21.96384,-42.04635
65.102428913,93.68239,-27.29789,-18.76817,1.068856,0.2828107,0.2086934,-65.00351,21.96384,-42.04635
65.112426758,68.08456,-30.62162,-15.7806,0.9853883,0.3417157,0.188245,-66.8396,20.05127,-41.66311
65.122424603,36.57955,-33.64859,-13.03692,0.9475888,0.2523915,0.173498,-66.8396,20.05127,-41.66311
65.132423401,9.75106599999998,-36.3788,-11.14682,0.9579837,0.01001556,0.1630136,-66.8396,20.05127,-41.66311
65.142421246,4.028476,-38.21873,-10.04935,0.9695988,-0.2726528,0.1013298,-66.8396,20.05127,-41.66311
65.152419567,10.85866,-39.04966,-9.92740700000002,0.9646174,-0.371065,0.0846137,-66.8396,20.05127,-41.66311
65.162417889,18.30419,-39.46513,-10.781,0.9663016,-0.2792282,0.08027994,-67.89842,16.62998,-40.42769
65.17241621,15.10446,-39.9993,-10.90294,0.9644181,-0.1536434,0.05440777,-67.89842,16.62998,-40.42769
65.182414055,2.797811,-40.83023,-10.29323,0.9869926,-0.05849148,0.048601,-67.89842,16.62998,-40.42769
65.192412376,-7.66283799999999,-42.25469,-9.01284600000001,0.9737727,-0.08267002,-0.01597749,-67.89842,16.62998,-40.42769
65.202410698,-10.86257,-43.20433,-7.61051899999998,0.9845325,-0.08495294,-0.0231743,-67.89842,16.62998,-40.42769
65.212408543,-10.7395,-42.55145,-8.03731400000003,1.022939,-0.08035925,-0.02898535,-69.00809,15.49791,-38.36594
65.222407341,-6.30910700000001,-41.95792,-7.85440200000002,0.9985717,-0.1332838,-0.07774399,-69.00809,15.49791,-38.36594
65.232405186,-2.186381,-41.89857,-7.54954800000001,1.005375,-0.132103,-0.06962037,-69.00809,15.49791,-38.36594
65.24240303,0.2749484,-42.25469,-8.098285,1.011491,-0.120245,-0.0614983,-69.00809,15.49791,-38.36594
65.252401829,1.997879,-42.6108,-7.91537200000002,0.9935043,-0.1225529,-0.0624235,-69.00809,15.49791,-38.36594
65.262399674,2.305545,-41.95792,-7.42760699999997,0.9944401,-0.119881,-0.03801844,-70.50626,15.11992,-36.76253
65.272397995,4.090009,-41.60181,-7.30566500000003,0.9961995,-0.1359744,-0.04806746,-70.50626,15.11992,-36.76253
65.282396317,7.28973700000001,-40.35541,-6.87886999999998,0.9871017,-0.1707657,-0.06000704,-70.50626,15.11992,-36.76253
65.292394638,13.31999,-38.81225,-7.00081100000001,0.9973908,-0.199732,-0.06145325,-70.50626,15.11992,-36.76253
65.302392483,18.79645,-36.79427,-6.39110400000002,0.9877175,-0.2039423,-0.07579258,-70.50626,15.11992,-36.76253
65.312391281,23.34991,-35.36981,-5.90333699999997,0.9821623,-0.167602,-0.07531367,-71.62547,14.37148,-34.3158
65.322389126,24.51904,-34.65759,-5.537513,0.978493,-0.127008,-0.03894596,-71.62547,14.37148,-34.3158
65.332386971,22.91918,-34.95435,-5.110718,0.9681565,-0.1213107,-0.03127219,-71.62547,14.37148,-34.3158
65.342385769,23.53451,-35.54787,-5.110718,0.9779826,-0.125433,-0.02506677,-71.62547,14.37148,-34.3158
65.352383614,23.71911,-36.20074,-5.29363,0.9675333,-0.1388818,0.01467673,-71.62547,14.37148,-34.3158
65.362381458,22.79611,-37.56585,-5.171688,0.9807327,-0.1930508,0.01418909,-72.74104,13.61595,-32.70758
65.372380257,24.82671,-37.86261,-5.049747,0.9641722,-0.1925719,0.04915388,-72.74104,13.61595,-32.70758
65.382378101,24.33444,-38.69355,-5.29363,0.9817736,-0.1691612,0.07352456,-72.74104,13.61595,-32.70758
65.392376423,21.75005,-37.80326,-4.196156,1.014416,-0.1411315,0.1452468,-72.74104,13.61595,-32.70758
65.402374745,18.36572,-37.5065,-3.159653,0.9808126,-0.2495501,-0.0001537851,-73.11694,13.25021,-30.64432
65.412373066,28.27257,-45.22231,0.2547093,0.9863131,-0.5207137,-0.1719024,-73.11694,13.25021,-30.64432
65.422370911,52.82433,-42.31404,-7.61051899999998,1.102981,-0.3504089,-0.1869854,-73.11694,13.25021,-30.64432
65.432369709,74.7301600000002,-43.02627,-9.25672899999999,1.038115,-0.06595088,-0.3453543,-73.11694,13.25021,-30.64432
65.442367554,64.3310399999998,-45.99389,-9.378671,1.001031,0.3019068,-0.2654622,-73.11694,13.25021,-30.64432
65.452365399,37.01028,-45.69712,-7.366636,1.056917,0.3353409,-0.2904541,-73.84988,12.11714,-29.03129
65.462364197,21.31931,-43.44173,-4.196156,0.9706143,0.233045,-0.3433993,-73.84988,12.11714,-29.03129
65.472362042,10.30486,-42.6108,-1.330531,1.008233,0.09671661,-0.4003803,-73.84988,12.11714,-29.03129
65.482359886,13.38153,-37.6252,0.864416900000002,1.052334,-0.02074153,-0.4272272,-73.84988,12.11714,-29.03129
65.492358685,12.58159,-33.70795,4.095867,1.044062,0.03066626,-0.420526,-73.84988,12.11714,-29.03129
65.502356529,3.474676,-30.44357,6.59566799999998,1.008183,0.1269546,-0.3353017,-74.95956,10.98507,-26.96954
65.512354851,-10.43183,-27.59465,7.937025,0.9624179,0.07395036,-0.2935721,-74.95956,10.98507,-26.96954
65.522353172,-15.16989,-25.81408,8.54673300000003,1.010871,-0.0661987,-0.2605987,-74.95956,10.98507,-26.96954
65.532351494,-12.15476,-23.08387,8.72964499999998,1.005341,-0.1354959,-0.2806715,-74.95956,10.98507,-26.96954
65.542349339,-11.35483,-20.17561,9.64420700000001,1.012859,-0.1464757,-0.2754174,-74.95956,10.98507,-26.96954
65.552348137,-9.63190200000001,-18.6918,8.72964499999998,0.9756499,-0.1369184,-0.2657835,-75.70654,10.60944,-25.74757
65.562345982,-9.508835,-17.74216,8.60770299999997,0.9830938,-0.1168599,-0.2141154,-75.70654,10.60944,-25.74757
65.572343826,-8.77043599999998,-17.4454,8.72964499999998,0.9707533,-0.1083129,-0.2093104,-75.70654,10.60944,-25.74757
65.582342625,-9.93956800000001,-18.45439,8.48576300000002,0.969583,-0.07108428,-0.1743818,-75.70654,10.60944,-25.74757
65.592340469,-12.5855,-20.0569,8.668674,0.9838362,-0.1032686,-0.1643483,-75.70654,10.60944,-25.74757
65.602338314,-14.67763,-21.48136,8.91255800000001,1.014398,-0.1471039,-0.1351971,-75.72146,11.00342,-24.13709
65.612337113,-13.01623,-22.01553,7.937025,1.011048,-0.2276258,-0.1121989,-75.72146,11.00342,-24.13709
65.622334957,-3.355512,-23.49934,6.71760999999998,1.003833,-0.258273,-0.1002141,-75.72146,11.00342,-24.13709
65.632333279,4.090009,-24.62704,5.742078,1.037903,-0.2048516,-0.124216,-75.72146,11.00342,-24.13709
65.6423316,2.674744,-25.63603,5.13237,1.019316,-0.1237385,-0.1414332,-75.72146,11.00342,-24.13709
65.652329922,-4.770776,-26.52631,5.13237,1.038925,-0.07896472,-0.176415,-75.75826,12.53519,-22.91969
65.662327766,-10.49337,-26.94178,5.681107,1.052955,-0.1003979,-0.2123271,-75.75826,12.53519,-22.91969
65.672326565,-5.87837500000002,-25.93279,5.254312,1.050092,-0.131175,-0.276922,-75.75826,12.53519,-22.91969
65.682324409,0.705681,-25.45797,6.53469799999998,1.018089,-0.03546808,-0.2634907,-75.75826,12.53519,-22.91969
65.692322254,2.244012,-25.45797,7.57120099999999,1.010654,0.02324099,-0.2572714,-75.75826,12.53519,-22.91969
65.702321052,0.02881546,-26.2889,7.38828800000001,1.034969,0.02553793,-0.2711931,-76.15159,12.93344,-20.47349
65.712318897,-0.586516899999998,-27.83206,7.57120099999999,1.024246,0.02664887,-0.2328886,-76.15159,12.93344,-20.47349
65.722316742,0.890280700000001,-28.84105,7.022464,1.052922,0.005777927,-0.1860327,-76.15159,12.93344,-20.47349
65.73231554,-0.0942510000000003,-28.12883,7.937025,1.1143,-0.07294603,-0.2655631,-76.15159,12.93344,-20.47349
65.742313385,-4.709243,-28.24753,9.94906,1.114894,-0.07732439,-0.2143554,-76.15159,12.93344,-20.47349
65.752311706,-11.17023,-29.79069,9.217411,1.088338,-0.1154323,-0.1793632,-76.15525,12.94052,-19.63499
65.762310028,-13.63156,-30.85903,8.36382100000002,1.107769,-0.1377297,-0.1621626,-76.15525,12.94052,-19.63499
65.77230835,-15.84676,-30.26551,8.97352800000002,1.107908,-0.1728868,-0.2339402,-76.15525,12.94052,-19.63499
65.782306194,-22.98461,-30.50292,11.41236,1.089884,-0.09404224,-0.1817643,-76.15525,12.94052,-19.63499
65.792304993,-35.72199,-31.3932,11.35139,1.098703,-0.1474083,-0.1382155,-76.15525,12.94052,-19.63499
65.802302837,-38.79866,-34.36082,9.40032399999997,1.142295,-0.1847566,-0.1186603,-76.18956,14.10229,-17.19006
65.812300682,-34.799,-36.85362,8.79061600000001,1.174841,-0.1784437,-0.083304,-76.18956,14.10229,-17.19006
65.82229948,-36.58346,-39.10901,9.217411,1.198736,-0.1017665,-0.09293691,-76.18956,14.10229,-17.19006
65.832297325,-48.09017,-38.10002,11.22945,1.194094,-0.1411634,-0.1398191,-76.18956,14.10229,-17.19006
65.842295647,-59.5353500000002,-34.24212,12.44886,1.155518,-0.1410091,-0.3048607,-76.18956,14.10229,-17.19006
65.852293968,-71.0420700000001,-29.37523,15.55837,1.095698,-0.07234454,-0.4248967,-76.58459,14.5038,-14.35685
65.86229229,-84.8870499999999,-20.82848,17.75332,1.018595,-0.01771548,-0.5544704,-76.58459,14.5038,-14.35685
65.872290134,-84.7024499999999,-10.26376,17.50943,0.9291576,-0.05920972,-0.7002695,-76.58459,14.5038,-14.35685
65.882288456,-81.2565799999998,0.2416071,17.08264,0.8462451,0.01899288,-0.8432394,-76.58459,14.5038,-14.35685
65.892286777,-83.7179100000002,11.16244,16.16808,0.8198586,0.1269462,-0.8312568,-76.58459,14.5038,-14.35685
65.902284622,-84.7024499999999,19.88724,14.33895,0.8046457,0.08417856,-0.6929108,-75.51209,16.43799,-11.52064
65.912283421,-82.4257100000003,26.00053,12.93663,0.8571169,0.06918983,-0.5857974,-75.51209,16.43799,-11.52064
65.922281265,-78.73372,29.73973,11.5343,0.8840195,0.01498292,-0.4609219,-75.51209,16.43799,-11.52064
65.93227911,-76.0262599999998,31.87642,10.43683,0.9302793,-0.0327875,-0.3647965,-75.51209,16.43799,-11.52064
65.942277908,-76.0262599999998,33.53829,10.01003,0.951347,-0.06345303,-0.3097891,-75.51209,16.43799,-11.52064
65.952275753,-78.1799200000003,34.78469,10.19294,0.9500647,-0.09817665,-0.2781918,-74.41931,17.96785,-11.52041
65.962274075,-80.5797200000003,35.43756,10.61974,0.9241726,-0.119745,-0.2427265,-74.41931,17.96785,-11.52041
65.972272396,-81.2565799999998,34.66598,10.43683,0.8722637,-0.1326657,-0.2679972,-74.41931,17.96785,-11.52041
65.982270718,-77.9337899999999,33.18217,9.46129399999998,0.7881116,-0.1670925,-0.2903347,-74.41931,17.96785,-11.52041
65.992268562,-72.6419299999997,29.79909,7.26634699999998,0.6980532,-0.1725059,-0.3155409,-73.69172,19.11128,-11.90793
66.002267361,-66.6732100000001,26.11924,5.254312,0.6677641,-0.1961112,-0.3867899,-73.69172,19.11128,-11.90793
66.012265205,-60.5198899999999,20.71817,3.54713,0.6005681,-0.2261629,-0.4455298,-73.69172,19.11128,-11.90793
66.02226305,-55.28956,13.89265,2.022861,0.5283018,-0.2968576,-0.4741002,-73.69172,19.11128,-11.90793
66.032261848,-47.72097,6.473606,0.620533899999998,0.5161629,-0.3766778,-0.4616155,-73.69172,19.11128,-11.90793
66.042259693,-37.62952,0.657073599999999,1.839949,0.4904152,-0.4596703,-0.5007926,-73.33101,19.87153,-12.29621
66.052257538,-26.79967,-6.16844799999999,2.815481,0.4506488,-0.4719055,-0.5835137,-73.33101,19.87153,-12.29621
66.062255859,-19.90795,-13.23138,4.949458,0.4217937,-0.3619519,-0.5600415,-73.33101,19.87153,-12.29621
66.072254181,-20.64635,-21.60007,4.949458,0.4183166,-0.2289647,-0.5701197,-73.33101,19.87153,-12.29621
66.082252502,-28.64567,-29.73134,4.949458,0.5238857,-0.1907507,-0.4458838,-73.33101,19.87153,-12.29621
66.092250824,-25.50747,-35.48852,4.461692,0.644806,-0.2180417,-0.3441509,-72.23572,21.03139,-11.06845
66.102249146,-15.84676,-40.17735,5.681107,0.7373836,-0.1399769,-0.3505539,-72.23572,21.03139,-11.06845
66.11224699,-9.44730199999998,-46.11259,5.92499000000001,0.758045,-0.0196586,-0.3104205,-72.23572,21.03139,-11.06845
66.122245789,-13.63156,-50.97948,6.59566799999998,0.8501602,0.05994019,-0.2014862,-72.23572,21.03139,-11.06845
66.132243633,-14.30843,-52.22588,6.65663900000001,0.8733803,0.04128837,-0.2718726,-72.23572,21.03139,-11.06845
66.142241478,-12.9547,-53.41293,7.38828800000001,0.9007666,0.06160391,-0.2881972,-72.6403,21.81653,-7.850267
66.152239323,-9.07810300000001,-55.66832,6.96149300000002,0.8452846,0.1063633,-0.4278561,-72.6403,21.81653,-7.850267
66.162238121,-9.26270200000001,-58.3391800000003,4.766546,0.7358834,0.2706181,-0.6153095,-72.6403,21.81653,-7.850267
66.172235966,-20.70788,-60.8913300000001,0.0717969800000001,0.559971,0.5299887,-0.620334,-72.6403,21.81653,-7.850267
66.182234287,-45.62885,-65.81758,-7.12275300000002,0.6099344,0.2134477,-0.2719362,-72.6403,21.81653,-7.850267
66.192232609,-37.07573,-61.3068,-6.26916200000001,0.91627,-0.3246029,-0.3618255,-73.4199,22.5994,-4.570369
66.20223093,-10.12417,-56.55861,-4.440039,1.098336,-0.5965757,-0.2074927,-73.4199,22.5994,-4.570369
66.212228775,9.25880099999997,-54.95609,1.535095,1.250087,-0.7655283,-0.3058219,-73.4199,22.5994,-4.570369
66.222227573,37.13335,-49.25827,6.16887299999999,1.243068,-0.7821109,-0.3503129,-73.4199,22.5994,-4.570369
66.232225418,44.45581,-51.15754,9.88808900000002,1.167368,-0.1986704,-0.2062798,-73.4199,22.5994,-4.570369
66.242223263,19.28872,-54.30322,9.15644099999999,1.120114,0.135957,-0.2838129,-74.18914,22.63191,-0.06090832
66.252222061,2.244012,-57.27084,6.10790299999999,0.9760442,0.3582181,-0.3769413,-74.18914,22.63191,-0.06090832
66.262219906,-4.770776,-58.9326999999999,-0.903735200000002,0.8864581,0.6336626,-0.6171013,-74.18914,22.63191,-0.06090832
66.272217751,-14.36996,-54.59998,-10.65906,0.917133,0.5584758,-0.5625777,-74.18914,22.63191,-0.06090832
66.282216549,11.96626,-51.98848,-14.37827,1.211318,-0.05127329,-0.3370457,-74.18914,22.63191,-0.06090832
66.292214394,45.19421,-37.92197,-9.01284600000001,1.438772,-0.4679079,-0.6354878,-74.20772,23.03297,2.388075
66.302212715,62.1773799999999,-34.24212,4.034896,1.304339,-0.3661557,-0.5898149,-74.20772,23.03297,2.388075
66.312211037,18.48878,-31.2745,15.19255,1.254352,0.1453525,-0.4496367,-74.20772,23.03297,2.388075
66.322209358,-34.49133,-29.43458,17.63138,1.167349,0.08052599,-0.4954116,-74.20772,23.03297,2.388075
66.332207203,-49.32084,-30.26551,13.97313,1.058139,0.05660967,-0.5363727,-74.20772,23.03297,2.388075
66.342206001,-43.72131,-30.91838,7.32731800000001,0.9922858,0.1377871,-0.550636,-74.21844,23.05367,4.839087
66.352203846,-33.19913,-33.52989,2.69354,0.9521057,0.2793873,-0.5491667,-74.21844,23.05367,4.839087
66.362202644,-39.04479,-37.44715,-0.903735200000002,1.033193,0.4001293,-0.4871242,-74.21844,23.05367,4.839087
66.372200489,-56.02796,-38.51549,-1.879267,1.170334,0.3894913,-0.4591246,-74.21844,23.05367,4.839087
66.382198334,-78.2414599999999,-43.08562,0.1937385,1.203171,0.3025224,-0.4223091,-74.21844,23.05367,4.839087
66.392196179,-92.9479000000001,-39.93995,3.791013,1.230835,0.4653217,-0.3750202,-73.87183,23.84117,7.675825
66.402194977,-113.5,-34.95435,5.559165,1.098421,0.4023231,-0.5475391,-73.87183,23.84117,7.675825
66.412192822,-123.4684,-32.5209,10.80265,0.9934735,0.3070225,-0.5923178,-73.87183,23.84117,7.675825
66.42219162,-130.9754,-29.49393,13.30245,0.9151751,0.481212,-0.5582473,-73.87183,23.84117,7.675825
66.432189465,-149.3739,-28.84105,12.32692,0.805148,0.5034502,-0.4924962,-73.87183,23.84117,7.675825
66.442187786,-167.157,-30.56227,10.13197,0.7931674,0.3385461,-0.4321323,-74.2579,23.49505,12.06109
66.452186108,-163.4034,-30.14681,6.35178600000003,0.8756464,0.1765931,-0.4126128,-74.2579,23.49505,12.06109
66.462184429,-155.7733,-28.95976,1.1083,0.9301313,-0.000978027,-0.4461623,-74.2579,23.49505,12.06109
66.472182274,-137.9902,-30.38422,-3.647419,0.9997928,-0.1548486,-0.4184867,-74.2579,23.49505,12.06109
66.482181072,-110.6079,-30.32486,-8.829934,0.987343,-0.2958685,-0.4021571,-74.2579,23.49505,12.06109
66.492178917,-82.7949100000001,-30.74033,-12.36624,0.9813774,-0.4202567,-0.4408793,-73.88298,22.40201,17.42348
66.502176762,-54.18196,-34.83564,-12.91498,1.046932,-0.5132923,-0.5003132,-73.88298,22.40201,17.42348
66.51217556,-33.19913,-42.96692,-10.781,1.124335,-0.4580822,-0.5286983,-73.88298,22.40201,17.42348
66.522173405,-22.43081,-50.38596,-10.90294,1.027775,-0.4037489,-0.5955446,-73.88298,22.40201,17.42348
66.532171726,-19.23109,-60.0603999999999,-8.22022599999998,1.004473,-0.435871,-0.6567535,-73.47633,19.78701,22.72948
66.542169571,-18.12349,-68.0136200000003,-1.879267,0.962494,-0.3291504,-0.6926009,-73.47633,19.78701,22.72948
66.552167893,-26.92274,-77.0945299999998,4.27878,0.9549574,-0.2666927,-0.7543402,-73.47633,19.78701,22.72948
66.562166214,-41.81378,-84.7509799999998,13.72925,0.9395516,-0.251097,-0.7691532,-73.47633,19.78701,22.72948
66.572164059,-56.52023,-88.4901899999999,22.93583,0.8972768,-0.2307648,-0.739413,-73.47633,19.78701,22.72948
66.582162857,-71.9035300000001,-88.9650000000003,32.32533,0.8933358,-0.2796508,-0.7097219,-72.33674,18.30508,26.42246
66.592160702,-83.0410500000002,-85.8193300000003,44.70239,0.8034841,-0.3748066,-0.771277,-72.33674,18.30508,26.42246
66.6021595,-87.9637099999999,-76.2636000000001,58.0549899999998,0.7624583,-0.1584423,-0.6166812,-72.33674,18.30508,26.42246
66.612157345,-110.7925,-60.0010499999998,68.0541999999997,0.8530242,0.1886983,-0.3685474,-72.33674,18.30508,26.42246
66.622155189,-151.5891,-43.56044,75.5536000000001,0.9342067,0.2549528,-0.2074259,-72.33674,18.30508,26.42246
66.632153988,-180.6943,-27.11983,85.0040700000002,0.899864,0.06073891,-0.1685513,-69.73837,18.37271,32.11795
66.642151832,-178.356,-10.56052,92.3205600000002,0.8226452,-0.08336497,-0.1899155,-69.73837,18.37271,32.11795
66.652150154,-159.5884,7.304539,95.0032699999998,0.8007273,-0.05809135,-0.1951482,-69.73837,18.37271,32.11795
66.662148476,-142.9744,24.63543,93.0522099999998,0.8055516,0.07492919,-0.1664763,-69.73837,18.37271,32.11795
66.672146797,-134.2367,40.66057,90.3695000000002,0.8476272,0.1702174,-0.146474,-69.73837,18.37271,32.11795
66.682144642,-127.5911,54.48967,88.0526000000001,0.849264,0.1867279,-0.1512668,-66.78994,19.9515,36.2601
66.692142963,-115.8383,66.2414399999999,86.9551300000002,0.8335638,0.1649607,-0.2124916,-66.78994,19.9515,36.2601
66.702141285,-101.2549,75.5004000000002,85.9796000000002,0.8400992,0.1529272,-0.2670576,-66.78994,19.9515,36.2601
66.71213913,-88.8866999999998,84.9967899999999,83.9065900000001,0.8474664,0.2008564,-0.3024974,-66.78994,19.9515,36.2601
66.722137928,-79.7797900000002,93.4841799999998,81.0409700000001,0.8619745,0.2319801,-0.3312452,-66.78994,19.9515,36.2601
66.732135773,-74.1802600000001,101.0813,77.3217500000003,0.8524454,0.2455902,-0.3632967,-65.29347,20.33275,35.04369
66.742133617,-71.0420700000001,107.61,73.2976800000002,0.8588676,0.2408138,-0.3680924,-65.29347,20.33275,35.04369
66.752132416,-64.7041500000001,113.0111,69.0907000000002,0.8608516,0.1868214,-0.3781321,-65.29347,20.33275,35.04369
66.76213026,-53.07436,118.1154,65.0056600000002,0.8656007,0.1410657,-0.3967931,-65.29347,20.33275,35.04369
66.772128582,-39.35246,123.2791,61.04256,0.8710428,0.1360857,-0.4216872,-65.29347,20.33275,35.04369
66.782126427,-27.29194,127.7305,56.89655,0.8966059,0.1494831,-0.4466212,-66.06084,22.1875,30.12597
66.792125225,-20.33868,131.8852,53.11636,0.9407377,0.1604545,-0.4581868,-66.06084,22.1875,30.12597
66.80212307,-16.64669,136.1585,49.51908,0.9734781,0.1815196,-0.4572921,-66.06084,22.1875,30.12597
66.812121868,-17.69275,139.8384,44.58045,0.9803783,0.2292958,-0.4554021,-66.06084,22.1875,30.12597
66.822119713,-25.50747,140.9661,39.76376,0.9867989,0.250883,-0.4468046,-66.06084,22.1875,30.12597
66.832117557,-34.49133,140.3132,35.43484,1.001849,0.2278201,-0.4506534,-67.97145,25.53126,22.35377
66.842116356,-40.09085,138.2952,30.74009,1.003578,0.1618101,-0.4458537,-67.97145,25.53126,22.35377
66.852114201,-38.61406,135.1496,25.31369,1.002871,0.06930927,-0.4630574,-67.97145,25.53126,22.35377
66.862112045,-29.8148,132.1226,20.43603,1.014839,0.003024373,-0.4573182,-67.97145,25.53126,22.35377
66.872110844,-16.27749,129.0956,16.10711,1.013665,-0.03758544,-0.4319412,-67.97145,25.53126,22.35377
66.882108688,2.920877,125.7125,13.18051,1.028163,-0.005226863,-0.4319748,-69.83947,26.90604,14.14056
66.89210701,18.30419,122.3294,11.04653,1.03106,0.04841554,-0.4176364,-69.83947,26.90604,14.14056
66.902105331,29.19557,118.1748,9.03449899999999,0.997892,0.102269,-0.4084995,-69.83947,26.90604,14.14056
66.912103653,35.96422,113.2485,7.99799599999998,1.007873,0.1419503,-0.395127,-69.83947,26.90604,14.14056
66.922101498,39.59468,107.3726,7.81508400000003,1.030206,0.1726691,-0.3789023,-69.83947,26.90604,14.14056
66.932100296,41.87141,101.2593,8.05896700000001,1.051899,0.185255,-0.3779862,-70.20504,28.3462,4.84162
66.942098141,42.30214,95.6208599999997,9.15644099999999,1.070208,0.1963206,-0.3765852,-70.20504,28.3462,4.84162
66.952095985,41.19455,90.5759100000002,10.19294,1.065449,0.1904786,-0.3674825,-70.20504,28.3462,4.84162
66.962094784,40.45615,85.2341900000003,11.41236,1.058182,0.188479,-0.3578978,-70.20504,28.3462,4.84162
66.972092628,40.14848,79.89248,11.9611,1.019459,0.1753514,-0.3281552,-70.20504,28.3462,4.84162
66.982090473,40.64075,74.1352999999999,10.98556,0.9986381,0.1423907,-0.3271532,-69.8102,29.04053,-3.351194
66.992089272,46.97867,69.1496999999998,9.217411,1.006402,0.1182778,-0.3238105,-69.8102,29.04053,-3.351194
67.002087116,53.62426,64.9356799999999,7.205376,0.9909345,0.137344,-0.3309671,-69.8102,29.04053,-3.351194
67.012085438,56.33172,60.7810199999998,5.681107,0.9932663,0.1954628,-0.3041859,-69.8102,29.04053,-3.351194
67.022083759,54.79339,56.74506,4.522663,0.9983072,0.2382726,-0.3099486,-69.8102,29.04053,-3.351194
67.032082081,50.97833,54.01485,3.973926,1.016056,0.2795959,-0.29324,-68.29648,29.75365,-10.31016
67.042079926,44.57887,52.05622,4.156838,1.000332,0.3129906,-0.2740781,-68.29648,29.75365,-10.31016
67.052078724,35.96422,50.45371,4.461692,0.9882978,0.3313327,-0.2616189,-68.29648,29.75365,-10.31016
67.062076569,26.24197,49.38537,5.0714,0.9656699,0.3432579,-0.2371752,-68.29648,29.75365,-10.31016
67.072074413,15.96592,47.96091,5.0714,0.9580932,0.3578005,-0.2247227,-66.76651,29.33987,-15.58604
67.082073212,4.889941,46.18034,5.315282,0.9343736,0.3496401,-0.2155863,-66.76651,29.33987,-15.58604
67.092071056,-6.370641,44.10301,5.681107,0.9405483,0.332299,-0.2122426,-66.76651,29.33987,-15.58604
67.102068901,-15.78522,42.44114,6.22984400000002,0.9514353,0.3231978,-0.2213522,-66.76651,29.33987,-15.58604
67.112067699,-24.64601,41.55086,7.44925899999998,0.9610052,0.3326505,-0.2180213,-66.76651,29.33987,-15.58604
67.122065544,-35.84506,40.30445,8.85158600000001,0.962436,0.360452,-0.2098951,-65.2436,28.93971,-19.2494
67.132063866,-48.09017,40.48251,10.43683,0.956086,0.3613203,-0.2074914,-65.2436,28.93971,-19.2494
67.142062187,-59.4738199999998,39.77029,11.83915,0.9568446,0.3474579,-0.1840389,-65.2436,28.93971,-19.2494
67.152060509,-67.84234,38.82065,11.83915,0.9743623,0.3231351,-0.1716202,-65.2436,28.93971,-19.2494
67.162058353,-70.7959399999997,37.98972,10.43683,0.9892869,0.2813022,-0.1553639,-65.2436,28.93971,-19.2494
67.172057152,-69.8114,37.21813,8.48576300000002,0.9856446,0.2675975,-0.1582255,-62.99176,28.95005,-20.00672
67.182054997,-68.5192000000001,36.86202,6.53469799999998,0.9960579,0.2845446,-0.1343192,-62.99176,28.95005,-20.00672
67.192052841,-69.0730100000001,36.56526,4.827517,1.013443,0.2932807,-0.1199945,-62.99176,28.95005,-20.00672
67.20205164,-69.1960699999998,36.44655,2.998394,1.028394,0.2755918,-0.1204945,-62.99176,28.95005,-20.00672
67.212049484,-67.2885400000003,36.44655,1.596066,1.045391,0.2789661,-0.1071249,-62.99176,28.95005,-20.00672
67.222047329,-67.5346799999998,35.31886,0.1937385,1.076805,0.2934168,-0.08277602,-61.8779,29.70885,-21.22794
67.232046127,-68.5192000000001,33.8944,-1.574414,1.100321,0.28728,-0.06080093,-61.8779,29.70885,-21.22794
67.242043972,-70.3651999999998,32.46994,-2.8548,1.121338,0.2845349,-0.03451518,-61.8779,29.70885,-21.22794
67.252042294,-72.3958,30.74873,-3.647419,1.172353,0.2665911,-0.03459949,-61.8779,29.70885,-21.22794
67.262040615,-73.9956699999998,30.2739,-3.70839,1.196195,0.2685551,-0.03081295,-61.8779,29.70885,-21.22794
67.272038937,-78.4875900000002,30.63002,-3.403537,1.203007,0.2692282,-0.02508209,-60.41994,31.62514,-20.83996
67.282036781,-84.2101800000001,31.93577,-2.793829,1.225159,0.2576445,-0.01123902,-60.41994,31.62514,-20.83996
67.29203558,-87.65604,34.42857,-2.732858,1.216459,0.2541983,0.002655741,-60.41994,31.62514,-20.83996
67.302033424,-91.8403000000001,37.33684,-2.488975,1.229023,0.2349089,0.0447535,-60.41994,31.62514,-20.83996
67.312031269,-96.0245600000002,38.82065,-2.732858,1.268642,0.2269184,0.04181504,-60.41994,31.62514,-20.83996
67.322030068,-100.8857,38.52388,-2.488975,1.267487,0.2117841,0.08967856,-59.68367,32.02148,-19.61092
67.332027912,-104.5161,37.45554,-3.098683,1.246588,0.1833445,0.106951,-59.68367,32.02148,-19.61092
67.342026234,-104.5161,36.20914,-3.403537,1.234451,0.1292222,0.1132076,-59.68367,32.02148,-19.61092
67.352024555,-102.4855,34.78469,-3.830332,1.197821,0.107524,0.1046627,-59.68367,32.02148,-19.61092
67.3620224,-101.501,34.30987,-3.952273,1.170504,0.109629,0.12816,-59.68367,32.02148,-19.61092
67.372020722,-99.2242899999997,33.59764,-4.561981,1.120259,0.1125502,0.1311183,-59.33421,33.16862,-19.22722
67.382019043,-93.3171,32.94476,-6.63498599999997,1.057864,0.06168997,0.1245401,-59.33421,33.16862,-19.22722
67.392017365,-84.1486399999999,32.29189,-10.04935,1.027854,0.0252295,0.1346519,-59.33421,33.16862,-19.22722
67.402015209,-71.7189300000002,31.34225,-13.03692,1.017333,0.04056738,0.1341877,-59.33421,33.16862,-19.22722
67.412014008,-61.50442,29.50232,-15.84157,0.9584973,0.05982766,0.1357211,-59.33421,33.16862,-19.22722
67.422011852,-54.2435,26.23794,-17.85361,0.8932235,0.006437025,0.1243628,-58.99208,34.32994,-17.16652
67.432009697,-44.39818,23.27032,-19.68273,0.8571861,-0.04760667,0.08471769,-58.99208,34.32994,-17.16652
67.442008495,-34.12213,21.96457,-21.32894,0.8303838,-0.02130853,0.09576491,-58.99208,34.32994,-17.16652
67.45200634,-29.56867,20.89623,-22.60933,0.7740315,0.02128654,0.09298071,-58.99208,34.32994,-17.16652
67.462004662,-32.7684,18.64084,-22.18253,0.7121602,0.04543743,0.05144623,-58.99208,34.32994,-17.16652
67.472002983,-40.70618,16.97897,-20.96312,0.6830924,0.03594512,0.03283488,-58.60947,33.95239,-17.16171
67.482001305,-50.48997,16.56351,-19.56079,0.6970499,0.04559852,0.04860107,-58.60947,33.95239,-17.16171
67.491999149,-60.2737499999999,15.0797,-17.48778,0.6703201,0.09287159,0.01513517,-58.60947,33.95239,-17.16171
67.501997948,-73.7495299999998,13.59589,-14.50021,0.6213904,0.07715556,-0.003439948,-58.60947,33.95239,-17.16171
67.511995793,-86.0561799999998,11.87467,-12.00041,0.6385361,0.02075319,0.008987663,-58.60947,33.95239,-17.16171
67.521993637,-88.9482399999999,11.16244,-10.47614,0.6147017,-0.06021388,-0.02540742,-58.58141,32.43751,-16.37959
67.531992436,-83.2256500000001,10.03475,-9.68352500000001,0.5641909,-0.1217449,-0.05545381,-58.58141,32.43751,-16.37959
67.54199028,-77.3799900000002,8.72899499999998,-9.31770000000002,0.5737073,-0.0829175,-0.02820156,-58.58141,32.43751,-16.37959
67.551988125,-73.38033,7.60130100000003,-9.13478800000001,0.5971029,-0.05636262,0.008601173,-58.58141,32.43751,-16.37959
67.561986923,-70.4267300000002,5.702025,-9.07381699999998,0.5630409,-0.05901005,0.005311202,-58.58141,32.43751,-16.37959
67.571984768,-71.5958699999998,3.268578,-8.52507999999999,0.5562254,-0.0590175,0.01920179,-59.35198,33.20295,-15.1637
67.58198309,-77.1338599999998,1.07254,-6.513045,0.6071409,0.006110796,0.01670338,-59.35198,33.20295,-15.1637
67.591981411,-89.6866400000002,0.06354995,-2.488975,0.6394262,0.0258539,0.03339218,-59.35198,33.20295,-15.1637
67.601979733,-105.5007,0.4196641,2.144803,0.6884587,0.009889253,0.0414466,-59.35198,33.20295,-15.1637
67.611977577,-117.0074,1.547359,5.620136,0.7126734,-0.08580929,0.04573622,-59.35198,33.20295,-15.1637
67.621976375,-116.6382,1.606712,5.98596099999998,0.7142631,-0.1966778,0.03427617,-59.35145,32.83676,-13.48467
67.63197422,-105.5622,1.013188,5.559165,0.7625878,-0.2531037,0.02989927,-59.35145,32.83676,-13.48467
67.641972065,-90.1788999999997,0.1229023,3.730042,0.7404109,-0.1615146,0.05001454,-59.35145,32.83676,-13.48467
67.651970863,-84.27171,-3.141478,1.90092,0.7434918,-0.09191148,0.05573416,-59.35145,32.83676,-13.48467
67.661968708,-78.5491299999998,-5.515573,-0.4769399,0.8269936,-0.1264222,0.08670493,-60.13863,33.99944,-10.2713
67.671966553,-69.5037399999998,-8.66124800000001,-2.488975,0.808817,-0.1184721,0.0919989,-60.13863,33.99944,-10.2713
67.681965351,-64.0888100000002,-9.67023799999998,-2.91577,0.8231531,-0.07730396,0.09914196,-60.13863,33.99944,-10.2713
67.691963196,-64.2118800000002,-10.0857,-1.635384,0.900984,-0.04342216,0.1286693,-60.13863,33.99944,-10.2713
67.701961517,-67.1654700000002,-9.848295,0.2547093,0.8741291,-0.04055553,0.1282368,-60.13863,33.99944,-10.2713
67.711959839,-71.8420000000002,-11.51016,1.474125,0.8340334,-0.03378756,0.1048547,-60.92074,35.15232,-8.218931
67.72195816,-78.73372,-14.47778,1.291212,0.7802651,-0.02525385,0.0915461,-60.92074,35.15232,-8.218931
67.731956005,-83.6563799999998,-17.38605,1.352183,0.7515742,-0.08176634,0.03178865,-60.92074,35.15232,-8.218931
67.741954803,-83.4717799999999,-18.33569,1.291212,0.7341571,-0.1412471,-0.005016022,-60.92074,35.15232,-8.218931
67.751952648,-81.7488500000002,-18.39504,1.718008,0.7038825,-0.06105709,-0.04470571,-60.92074,35.15232,-8.218931
67.761950493,-89.74817,-18.45439,2.75451,0.6985372,0.01462568,-0.09975212,-60.9604,36.32444,-4.548497
67.771949291,-105.5622,-18.86986,4.705575,0.7394603,-0.01310227,-0.1912244,-60.9604,36.32444,-4.548497
67.781947136,-121.0686,-19.70079,7.87605399999997,0.7738791,-0.05810266,-0.2975166,-60.9604,36.32444,-4.548497
67.791944981,-134.5444,-23.02452,11.65624,0.7640391,-0.1080142,-0.4200021,-60.9604,36.32444,-4.548497
67.801943779,-138.9132,-29.73134,13.18051,0.7340969,-0.2829221,-0.6170782,-60.9604,36.32444,-4.548497
67.811941624,-122.1146,-39.46513,10.74168,0.7085672,-0.4312073,-0.7289823,-61.75912,37.87456,-0.4986515
67.821939945,-105.8699,-33.05507,10.68071,1.533008,-0.75209,0.8681071,-61.75912,37.87456,-0.4986515
67.831938267,-122.3608,26.89082,35.25193,3.24193,0.3278759,3.618577,-61.75912,37.87456,-0.4986515
67.841936588,-123.0377,61.2558399999998,47.68996,3.155311,-0.01975557,2.407063,-61.75912,37.87456,-0.4986515
67.85193491,-78.6106600000003,39.47352,45.00725,1.282035,-0.7451539,1.105917,-61.75912,37.87456,-0.4986515
67.861933231,-2.001781,-14.35908,2.022861,1.186522,-0.6524625,-0.3981054,-62.18085,39.05803,4.84601
67.871931076,67.7768999999997,-49.55503,-11.63459,2.154612,-0.5017415,0.1199018,-62.18085,39.05803,4.84601
67.881929874,84.88314,-51.57301,-18.58526,1.695073,0.1457503,0.02147093,-62.18085,39.05803,4.84601
67.891927719,53.07046,-55.31221,-17.73167,0.7140908,0.2423567,-0.4176123,-62.18085,39.05803,4.84601
67.901925564,-25.81514,-58.6359399999998,-14.62216,0.7358058,0.07307026,-0.3778848,-62.18085,39.05803,4.84601
67.911924362,-74.2418000000002,-49.25827,-2.91577,1.083467,-0.4868506,-0.5042123,-61.47855,41.34579,4.839403
67.921922207,-52.0283,-35.72593,-0.903735200000002,1.044084,-0.7005554,-0.5663034,-61.47855,41.34579,4.839403
67.931920052,-11.35483,-25.10185,-4.318098,1.110953,-0.4454928,-0.5047494,-61.47855,41.34579,4.839403
67.94191885,15.10446,-19.87885,-4.074214,1.126761,-0.1157268,-0.3474103,-61.47855,41.34579,4.839403
67.951916695,28.08797,-16.61447,-4.805864,1.088094,0.1075549,-0.07939781,-61.47855,41.34579,4.839403
67.961915016,31.41076,-13.7062,-5.537513,1.031323,0.1771302,0.1054136,-62.22642,40.6067,8.062913
67.971913338,20.33478,-14.83389,-3.891303,0.9375857,0.1886979,0.1912391,-62.22642,40.6067,8.062913
67.981911659,1.013347,-18.63245,-2.245092,0.9715821,0.04082587,0.26109,-62.22642,40.6067,8.062913
67.991909504,-5.632242,-19.58208,-2.428004,0.9877951,-0.1471403,0.2893462,-62.22642,40.6067,8.062913
68.001908302,-2.186381,-20.47237,-3.891303,0.9406484,-0.2831022,0.2961634,-62.22642,40.6067,8.062913
68.011906147,6.36673800000001,-21.06589,-5.84236700000003,0.9348298,-0.3880445,0.3110365,-61.46906,40.23196,8.070502
68.021903992,17.81192,-23.55869,-7.54954800000001,0.9135758,-0.4247136,0.279497,-61.46906,40.23196,8.070502
68.03190279,23.47298,-28.30688,-8.52507999999999,0.9136794,-0.3017386,0.2296932,-61.46906,40.23196,8.070502
68.041900635,22.11925,-32.04608,-9.80546599999998,0.9513006,-0.1512814,0.2343746,-61.46906,40.23196,8.070502
68.051898479,14.36606,-34.89499,-9.80546599999998,0.9776724,-0.0763324,0.2429237,-61.46906,40.23196,8.070502
68.061897278,12.52006,-36.61621,-10.29323,0.947202,-0.09018737,0.1755012,-62.22194,40.23288,8.838945
68.071895123,14.61219,-38.57484,-10.90294,0.9717111,-0.2013557,0.1879301,-62.22194,40.23288,8.838945
68.081893444,23.34991,-37.5065,-11.39071,1.005727,-0.198597,0.09741918,-62.22194,40.23288,8.838945
68.091891766,29.68783,-38.8716,-13.46371,0.9242356,-0.1170032,0.003260747,-62.22194,40.23288,8.838945
68.101890087,23.47298,-40.29606,-13.34177,1.028399,-0.1112113,-0.01367249,-62.22194,40.23288,8.838945
68.111887932,22.18078,-39.22772,-12.06138,1.042222,-0.1734326,-0.04574516,-62.22729,40.24323,10.06445
68.12188673,26.61117,-38.81225,-12.00041,0.9744889,-0.1219567,-0.0623905,-62.22729,40.24323,10.06445
68.131884575,26.98037,-38.8716,-11.93944,0.995171,-0.0289516,-0.03325737,-62.22729,40.24323,10.06445
68.14188242,24.08831,-36.08204,-11.39071,1.033002,0.008531904,0.05137499,-62.22729,40.24323,10.06445
68.151881218,22.11925,-31.86802,-9.50061200000003,1.014074,-0.04868063,0.0002150849,-62.22729,40.24323,10.06445
68.161879063,23.16531,-27.65401,-7.30566500000003,0.9922717,-0.004173221,-0.02751578,-61.84808,39.87222,10.84326
68.171877384,19.16565,-24.09286,-7.79343099999999,0.9787048,0.07011396,-0.005018182,-61.84808,39.87222,10.84326
68.181875706,15.84286,-25.33926,-6.87886999999998,0.935831,0.01463777,-0.1331875,-61.84808,39.87222,10.84326
68.19187355,13.99686,-29.19717,-5.29363,1.05562,-0.0588463,-0.1381632,-61.84808,39.87222,10.84326
68.201871872,18.79645,-28.60365,-5.659454,1.049945,-0.04186273,-0.1285862,-61.83772,39.12186,12.07282
68.211870194,20.27325,-29.13782,-5.537513,1.015556,0.02581862,-0.09265044,-61.83772,39.12186,12.07282
68.221868515,16.08899,-31.09644,-5.964308,1.005867,0.04911032,-0.0754108,-61.83772,39.12186,12.07282
68.23186636,12.2124,-31.45256,-5.476542,1.011922,-0.01249686,-0.02371928,-61.83772,39.12186,12.07282
68.241865158,15.16599,-31.80867,-5.049747,1.000459,-0.0769334,-0.03086135,-61.83772,39.12186,12.07282
68.251863003,16.15052,-30.74033,-5.3546,1.004966,-0.005310059,-0.0198804,-62.21246,39.11905,12.07004
68.261860848,11.90473,-27.95077,-4.927805,1.000488,-0.0006224529,-0.02896675,-62.21246,39.11905,12.07004
68.271859646,2.428612,-26.88243,-3.464507,0.9599378,0.03047746,-0.04756853,-62.21246,39.11905,12.07004
68.281857491,-9.26270200000001,-28.54429,-2.245092,0.9854873,-0.008612454,-0.1260895,-62.21246,39.11905,12.07004
68.291855812,-16.95436,-28.663,-1.086647,1.037648,-0.03506565,-0.1027234,-62.21246,39.11905,12.07004
68.301854134,-19.41569,-27.00113,-1.391501,0.9983487,-0.0696957,-0.08493862,-61.47816,39.5192,13.75059
68.311852455,-17.38509,-26.94178,-0.659852100000001,0.9964461,-0.1506277,-0.1098004,-61.47816,39.5192,13.75059
68.3218503,-12.89316,-24.74574,-0.4769399,0.9937556,-0.110645,-0.08922726,-61.47816,39.5192,13.75059
68.331848621,-12.52396,-22.84646,-0.4159691,0.970602,0.006495399,-0.08921706,-61.47816,39.5192,13.75059
68.341846943,-20.52328,-22.5497,0.925387699999998,0.9881284,0.08501685,-0.0959679,-61.47816,39.5192,13.75059
68.351844788,-27.66114,-22.431,1.291212,1.001894,0.05202986,-0.1194336,-61.47905,39.15573,15.75212
68.361843586,-28.83027,-22.01553,1.474125,1.008119,-0.01963929,-0.1055473,-61.47905,39.15573,15.75212
68.371841431,-22.86155,-22.60905,0.31568,0.9846281,-0.06634244,-0.1136301,-61.47905,39.15573,15.75212
68.381839275,-17.50816,-23.7961,0.1327677,1.017665,-0.1383748,-0.0911761,-61.47905,39.15573,15.75212
68.391838074,-12.83163,-23.26193,-0.4159691,1.004519,-0.08639751,-0.06484489,-61.47905,39.15573,15.75212
68.401835919,-14.55456,-24.62704,-1.025677,0.9885976,-0.06939364,-0.08396455,-61.48022,38.79281,17.81816
68.411834717,-19.60028,-26.46696,-0.5379106,0.9882678,-0.07836203,-0.1074119,-61.48022,38.79281,17.81816
68.421832562,-20.40022,-25.33926,-0.7817937,1.001242,-0.120308,-0.09928792,-61.48022,38.79281,17.81816
68.431830883,-15.10836,-26.2889,-1.940238,0.986718,-0.1006329,-0.1480824,-61.48022,38.79281,17.81816
68.441829205,-9.13963599999997,-28.48494,-2.123151,0.9979467,-0.1275843,-0.1437879,-61.48022,38.79281,17.81816
68.451827526,-2.247914,-28.36624,-2.549946,0.9770805,-0.1309068,-0.09015013,-60.7319,38.43551,19.88976
68.461825371,4.705341,-29.37523,-2.732858,0.9706673,-0.1273916,-0.1169401,-60.7319,38.43551,19.88976
68.471824169,7.22820399999999,-31.80867,-3.159653,0.9968656,-0.04244648,-0.07776441,-60.7319,38.43551,19.88976
68.481822014,3.659276,-32.6396,-2.91577,0.9766605,0.02350213,0.003611753,-60.7319,38.43551,19.88976
68.491819859,-4.216978,-31.68997,-1.574414,0.9695426,0.09230912,0.0505069,-60.7319,38.43551,19.88976
68.501818657,-11.90863,-31.51191,-0.3549984,0.9706731,0.1089841,0.01173597,-60.73895,38.44913,21.50227
68.511816502,-19.35415,-30.50292,1.1083,1.010495,0.03752255,-0.02420825,-60.73895,38.44913,21.50227
68.521814346,-23.35381,-27.77271,3.669072,1.063277,-0.04986817,-0.07644255,-60.73895,38.44913,21.50227
68.531813145,-18.92342,-30.79968,4.400721,0.9928609,-0.06999747,-0.3711175,-60.73895,38.44913,21.50227
68.54181099,-19.84642,-35.0137,4.522663,1.031098,-0.03041495,-0.3764586,-60.73895,38.44913,21.50227
68.551809311,-20.03102,-31.21515,2.876452,1.038181,-0.1213337,-0.3439044,-60.36538,38.08902,23.57109
68.561807633,-13.3239,-30.08745,4.217809,1.023986,-0.1447956,-0.3812025,-60.36538,38.08902,23.57109
68.571805954,-12.52396,-27.11983,1.96189,1.027196,-0.1075725,-0.3563318,-60.36538,38.08902,23.57109
68.581803799,-14.06229,-23.91481,1.047329,0.9763476,-0.1239562,-0.3375745,-60.36538,38.08902,23.57109
68.591802597,-17.38509,-22.31229,0.01082622,1.010424,-0.06879073,-0.2773475,-60.36538,38.08902,23.57109
68.601800442,-26.73814,-22.07488,0.681504599999997,1.041241,-0.04544507,-0.1295272,-59.6308,38.48862,25.18713
68.611798287,-30.06093,-18.09828,1.291212,1.089076,-0.07478973,-0.09418841,-59.6308,38.48862,25.18713
68.621797085,-26.30741,-16.0803,1.169271,0.9908639,-0.1423175,-0.2514513,-59.6308,38.48862,25.18713
68.631794929,-19.41569,-15.96159,0.1327677,1.013904,-0.1239833,-0.2625035,-59.6308,38.48862,25.18713
68.641792774,-10.5549,-13.52814,-0.1720861,0.9333255,-0.06298977,-0.2733859,-59.6308,38.48862,25.18713
68.651791572,-9.26270200000001,-15.01195,0.1937385,0.9573457,0.0068253,-0.2897174,-58.49791,37.74997,26.81203
68.661789417,-9.63190200000001,-14.65584,-0.659852100000001,0.9717299,0.04641468,-0.2428522,-58.49791,37.74997,26.81203
68.671787739,-8.46277000000003,-17.14864,-2.671887,0.9478347,-0.03028883,-0.2360907,-58.49791,37.74997,26.81203
68.68178606,-2.432514,-17.80151,-3.647419,1.027111,-0.1514991,-0.2180118,-58.49791,37.74997,26.81203
68.691784382,3.290077,-18.15763,-3.403537,0.982708,-0.1493696,-0.2610068,-58.49791,37.74997,26.81203
68.701782226,0.951813900000003,-19.16662,-3.281595,0.8805794,-0.08397836,-0.3288034,-58.49372,37.3767,27.65257
68.711781025,-11.60097,-21.95618,-3.037712,0.8844362,-0.002827932,-0.2843235,-58.49372,37.3767,27.65257
68.72177887,-22.06161,-22.90582,-2.001209,0.9138908,0.09204173,-0.1767196,-58.49372,37.3767,27.65257
68.731776714,-22.80001,-23.08387,-5.3546,0.8900385,-0.04077765,-0.2484303,-58.49372,37.3767,27.65257
68.741775513,-9.01656900000002,-25.57667,-7.18372300000002,0.9366806,-0.1633511,-0.2556587,-58.4929,37.00996,29.2671
68.751773357,7.843536,-26.58566,-8.64702100000002,1.035315,-0.1732263,-0.2204134,-58.4929,37.00996,29.2671
68.761771202,10.98173,-27.11983,-8.829934,1.017546,-0.05748121,-0.225198,-58.4929,37.00996,29.2671
68.77177,-5.386109,-28.95976,-9.92740700000002,1.049128,0.04940949,-0.2951527,-58.4929,37.00996,29.2671
68.781767845,-28.76874,-28.7817,-10.11032,1.136351,0.07465439,-0.3268973,-58.4929,37.00996,29.2671
68.791766167,-43.29058,-28.663,-8.829934,1.089663,0.06988392,-0.3225075,-58.1061,36.25914,30.11244
68.801764488,-45.38271,-28.30688,-7.366636,1.008636,0.05051722,-0.352033,-58.1061,36.25914,30.11244
68.81176281,-37.50646,-25.22056,-6.81789900000001,0.9783431,0.02756007,-0.4055748,-58.1061,36.25914,30.11244
68.821760654,-27.53807,-20.76913,-4.744893,0.9630452,0.06292362,-0.4376218,-58.1061,36.25914,30.11244
68.831759453,-24.58448,-16.13965,-2.367033,0.9215424,0.1195588,-0.425121,-58.1061,36.25914,30.11244
68.841757297,-29.19947,-12.4598,-1.696355,0.9082181,0.07650198,-0.4284368,-56.97857,35.53085,32.96285
68.851755142,-30.98393,-8.72059999999997,-1.147618,0.8881717,-0.02418665,-0.4489546,-56.97857,35.53085,32.96285
68.861753941,-31.53773,-6.761972,-0.1111153,0.8869658,-0.06346209,-0.436978,-56.97857,35.53085,32.96285
68.871751785,-32.7684,-6.04974400000001,-0.2940276,0.9224502,-0.08302048,-0.3676413,-56.97857,35.53085,32.96285
68.881750584,-30.184,-4.743992,-0.964705900000002,0.9446751,-0.1241355,-0.3418264,-56.97857,35.53085,32.96285
68.891748428,-22.86155,-3.260183,-1.513443,0.9585279,-0.13492,-0.3289262,-56.96989,34.78375,34.57941
68.901746273,-14.98529,-2.844716,-1.818297,0.9520074,-0.07267727,-0.3102664,-56.96989,34.78375,34.57941
68.911745071,-10.61643,-2.369897,-2.367033,0.9454137,-0.03296471,-0.3107437,-56.96989,34.78375,34.57941
68.921742916,-8.89350299999999,-2.013783,-3.098683,0.9549415,-0.02097351,-0.295449,-56.96989,34.78375,34.57941
68.931741238,-7.232106,-2.607306,-3.159653,0.9704986,-0.04494129,-0.2930771,-56.96989,34.78375,34.57941
68.941739559,-2.863246,-2.132488,-2.976741,0.9812307,-0.07142533,-0.2897389,-57.33089,34.02404,35.0322
68.951737881,0.2134152,-1.95443,-2.06218,0.9930807,-0.05289994,-0.2557854,-57.33089,34.02404,35.0322
68.961735725,1.813279,-1.717021,-1.635384,0.9957933,-0.01526217,-0.2376139,-57.33089,34.02404,35.0322
68.971734524,1.07488,-0.411269,-0.903735200000002,0.9608757,0.001401497,-0.2528718,-57.33089,34.02404,35.0322
68.981732368,1.567146,-0.2925643,-0.3549984,0.9319638,0.009318436,-0.2810594,-57.33089,34.02404,35.0322
68.991730213,3.228544,-0.5299737,0.01082622,0.9395341,-0.005426068,-0.3155263,-56.95953,34.03339,35.80898
69.001729012,4.520741,-1.420259,0.4376215,0.9293174,0.01963666,-0.3159935,-56.95953,34.03339,35.80898
69.011726856,7.843536,-2.369897,0.864416900000002,0.9158,0.03878971,-0.3178892,-56.95953,34.03339,35.80898
69.021724701,10.1818,-2.726011,1.657037,0.9186625,0.06801153,-0.3169446,-56.95953,34.03339,35.80898
69.031723499,11.474,-2.132488,2.632569,0.9357898,0.09027869,-0.3102801,-56.95953,34.03339,35.80898
69.041721344,11.6586,-2.132488,3.669072,0.9529595,0.08437087,-0.3026513,-56.94997,33.64977,35.424
69.051719666,12.2124,-2.488602,4.766546,0.9531267,0.07571933,-0.2925993,-56.94997,33.64977,35.424
69.061717987,11.78166,-1.479612,5.98596099999998,0.9514179,0.06313004,-0.2839787,-56.94997,33.64977,35.424
69.071716309,12.39699,-0.9454404,7.08343500000003,0.9450596,0.03808981,-0.2983184,-56.94997,33.64977,35.424
69.081714153,14.85832,-1.598316,7.937025,0.9176939,0.06662134,-0.3604929,-56.94997,33.64977,35.424
69.091712952,8.08966899999999,-2.19184,8.668674,0.9115265,0.1362523,-0.3317855,-56.58308,34.03294,35.42476
69.101710796,-3.170913,-2.904068,9.58323599999998,0.9513528,0.118548,-0.2815999,-56.58308,34.03294,35.42476
69.111708641,-9.01656900000002,-2.963421,11.22945,0.9837595,-0.02411184,-0.2758768,-56.58308,34.03294,35.42476
69.121707439,-7.60130500000002,-1.479612,13.91216,1.005418,-0.1120542,-0.2151127,-56.58308,34.03294,35.42476
69.131705284,-0.1557842,-0.9454404,13.91216,0.925249,-0.1506617,-0.2250131,-56.58308,34.03294,35.42476
69.141703606,8.58193500000002,-2.963421,13.18051,0.8985461,-0.1305044,-0.2479434,-56.21452,34.41283,35.03851
69.151701927,10.551,-5.396868,11.83915,0.9937648,-0.08702325,-0.1629341,-56.21452,34.41283,35.03851
69.161699772,11.04326,-6.34650599999999,10.13197,1.034472,-0.1519912,-0.1285308,-56.21452,34.41283,35.03851
69.171698093,18.48878,-9.31412399999998,11.04653,1.034376,-0.2257475,-0.1696692,-56.21452,34.41283,35.03851
69.181696415,25.87277,-14.06231,9.88808900000002,1.004127,-0.2496396,-0.1662603,-56.21452,34.41283,35.03851
69.191694737,32.82603,-17.86087,8.85158600000001,0.9917857,-0.2146983,-0.1447119,-55.85719,35.17963,35.42423
69.201692581,36.45649,-19.58208,7.44925899999998,0.9736471,-0.1294028,-0.07770155,-55.85719,35.17963,35.42423
69.21169138,36.88722,-20.11626,5.92499000000001,1.015206,-0.08557417,-0.104107,-55.85719,35.17963,35.42423
69.221689224,35.34889,-22.31229,6.65663900000001,1.022445,-0.08445679,-0.2098852,-55.85719,35.17963,35.42423
69.231687069,40.51768,-20.82848,4.827517,1.056557,-0.03203615,-0.184115,-55.85719,35.17963,35.42423
69.241685867,41.93295,-22.90582,6.53469799999998,0.9612342,0.160506,-0.3907433,-55.51221,36.7006,35.0319
69.251683712,14.36606,-25.81408,11.1075,0.9503105,0.4838975,-0.3410356,-55.51221,36.7006,35.0319
69.26168251,-23.23075,-26.58566,14.58284,1.063725,0.4648928,-0.3263926,-55.51221,36.7006,35.0319
69.271680355,-47.35178,-26.1702,20.74088,1.122508,0.3957628,-0.3609347,-55.51221,36.7006,35.0319
69.281678677,-62.9812199999998,-28.30688,21.9603,1.105487,0.3139794,-0.4460705,-55.51221,36.7006,35.0319
69.291676998,-64.2118800000002,-26.88243,19.27759,1.117608,0.05907419,-0.3957756,-54.81945,39.37198,35.41027
69.301674843,-53.01283,-27.4166,17.63138,1.180814,-0.1136168,-0.3398479,-54.81945,39.37198,35.41027
69.311673164,-42.36758,-26.82307,13.11954,1.17082,-0.1280435,-0.4077845,-54.81945,39.37198,35.41027
69.321671486,-46.18264,-27.35724,13.79022,1.155563,0.03605242,-0.3915286,-54.81945,39.37198,35.41027
69.331669808,-68.0884699999998,-27.06048,14.09507,1.290361,0.2287592,-0.3343841,-53.66833,37.50261,38.26676
69.341667652,-81.3181199999999,-22.96517,13.72925,1.259086,-0.104484,-0.3605654,-53.66833,37.50261,38.26676
69.351666451,-69.8114,-15.54612,10.92459,1.244166,-0.2986932,-0.4691262,-53.66833,37.50261,38.26676
69.361664295,-54.18196,-4.625287,6.83955100000002,1.213859,-0.4223484,-0.4283625,-53.66833,37.50261,38.26676
69.37166214,-37.69106,6.05813900000001,4.156838,1.238606,-0.5469087,-0.4460809,-53.66833,37.50261,38.26676
69.381660938,-26.18434,14.78294,5.92499000000001,1.160799,-0.4782388,-0.4737204,-52.90795,36.39169,41.18092
69.391658783,-31.4762,16.56351,6.22984400000002,1.106563,-0.2088145,-0.3865944,-52.90795,36.39169,41.18092
69.401657105,-38.79866,19.35307,3.48616,1.099805,-0.2124373,-0.3961532,-52.90795,36.39169,41.18092
69.411655426,-36.33733,19.05631,2.388686,1.027011,-0.2020769,-0.3811931,-52.90795,36.39169,41.18092
69.421653748,-27.53807,17.51315,-0.3549984,1.027025,-0.2272745,-0.3204075,-52.90795,36.39169,41.18092
69.43415165,-14.36996,16.80092,-2.91577,1.010973,-0.1499453,-0.2787633,-52.87033,34.49317,41.57806
69.444149494,-11.6625,16.38545,-4.622952,1.025405,-0.1142786,-0.2888477,-52.87033,34.49317,41.57806
69.454147339,-14.86223,16.91962,-5.110718,0.9992336,-0.04374288,-0.2773344,-52.87033,34.49317,41.57806
69.46164608,-17.69275,16.74156,-6.45207400000002,0.936729,-0.03670362,-0.2757916,-52.87033,34.49317,41.57806
69.471644878,-18.49269,17.45379,-7.79343099999999,0.8755154,-0.1244325,-0.2780551,-52.87033,34.49317,41.57806
69.481642723,-10.06263,16.97897,-8.15925599999997,0.8220985,-0.134984,-0.3066739,-53.21193,32.96567,41.1964
69.491640568,-0.4634504,17.92861,-8.52507999999999,0.752444,-0.08578369,-0.3553798,-53.21193,32.96567,41.1964
69.501639366,3.843876,16.62286,-7.12275300000002,0.7185557,-0.04481922,-0.3194381,-53.21193,32.96567,41.1964
69.511637211,5.25914,15.91063,-4.135185,0.6858074,-0.04048494,-0.359104,-53.21193,32.96567,41.1964
69.521635533,10.24333,13.41783,-1.574414,0.5751888,-0.04176968,-0.41969,-53.21193,32.96567,41.1964
69.531633854,12.58159,9.559929,-0.8427644,0.49702,-0.03204624,-0.4626281,-53.54201,31.05073,39.97825
69.541632176,11.22786,3.802749,-0.720822899999998,0.4860985,-0.02093622,-0.4463403,-53.54201,31.05073,39.97825
69.551630497,8.82806800000001,-2.073135,0.925387699999998,0.4865576,-0.1484798,-0.4190294,-53.54201,31.05073,39.97825
69.561628819,11.35093,-5.69363,3.608101,0.5039848,-0.3528284,-0.5372155,-53.54201,31.05073,39.97825
69.571626663,25.38051,-8.00837199999998,6.59566799999998,0.470193,-0.4494029,-0.6093967,-53.54201,31.05073,39.97825
69.584124565,31.59536,-13.29073,10.19294,0.4504082,-0.3024341,-0.5433565,-54.64514,30.27123,38.74846
69.591623306,29.4417,-15.48677,10.98556,0.5055291,-0.2281522,-0.5635719,-54.64514,30.27123,38.74846
69.601621151,27.28804,-19.16662,12.44886,0.5322795,-0.1729789,-0.539704,-54.64514,30.27123,38.74846
69.611619949,26.8573,-23.14323,14.09507,0.5941615,-0.03984929,-0.410152,-54.64514,30.27123,38.74846
69.624117374,19.16565,-27.11983,13.91216,0.7267694,0.06276247,-0.3166087,-54.64514,30.27123,38.74846
69.631615639,20.95011,-29.37523,13.11954,0.7721968,0.1368285,-0.2334347,-53.94453,32.56225,39.12885
69.641614437,19.04258,-35.48852,9.40032399999997,0.8560324,0.2124479,-0.275715,-53.94453,32.56225,39.12885
69.651612282,13.38153,-39.88059,7.26634699999998,0.9521152,0.2586712,-0.3175305,-53.94453,32.56225,39.12885
69.661610603,6.36673800000001,-42.07663,5.80304899999998,0.9243815,0.2544751,-0.3974033,-53.94453,32.56225,39.12885
69.674108505,1.44408,-44.15396,4.217809,0.9029859,0.1480163,-0.4083459,-53.94453,32.56225,39.12885
69.68410635,-2.309447,-42.43274,5.13237,0.9778534,0.07798649,-0.4697161,-52.09021,33.34411,39.9772
69.694105148,-6.92443900000002,-39.82124,6.10790299999999,1.007376,-0.01532224,-0.4812293,-52.09021,33.34411,39.9772
69.701603889,-12.7701,-38.27808,6.90052199999999,1.048141,-0.05743665,-0.4453964,-52.09021,33.34411,39.9772
69.714100838,-4.032378,-34.89499,6.41275599999997,1.106691,-0.06097262,-0.4273116,-52.09021,33.34411,39.9772
69.724099636,-4.032378,-33.82665,5.559165,1.141891,-0.09040366,-0.3211215,-52.09021,33.34411,39.9772
69.734097481,6.98206999999997,-33.7673,4.217809,1.182153,-0.1299394,-0.2149376,-51.39862,35.65257,42.42161
69.744095802,14.61219,-34.30147,2.083832,1.154317,-0.02473493,-0.2876598,-51.39862,35.65257,42.42161
69.754094124,7.53587,-35.84463,2.510627,1.144892,0.06134836,-0.3125515,-51.39862,35.65257,42.42161
69.764092445,-2.309447,-35.54787,1.839949,1.113815,0.05454778,-0.3512602,-51.39862,35.65257,42.42161
69.77409029,-5.263042,-34.06406,1.047329,1.067962,-0.1263548,-0.4257916,-49.53812,36.05734,43.65899
69.784089088,4.459208,-31.57126,1.413154,1.01531,-0.2298288,-0.4677878,-49.53812,36.05734,43.65899
69.794086933,7.53587,-31.92738,2.510627,1.063417,-0.1688961,-0.3917938,-49.53812,36.05734,43.65899
69.804084778,5.751406,-31.03709,1.596066,1.062,-0.1442059,-0.3458543,-49.53812,36.05734,43.65899
69.814083576,1.07488,-31.15579,1.291212,1.01287,-0.123568,-0.37401,-49.53812,36.05734,43.65899
69.824081421,0.3364816,-30.14681,0.803446099999999,0.9546698,-0.1414962,-0.5079053,-48.7999,36.44986,44.43652
69.834079266,0.8287475,-29.37523,0.681504599999997,0.8933285,-0.06701526,-0.5202605,-48.7999,36.44986,44.43652
69.844078064,-3.417045,-29.25652,0.620533899999998,0.8848767,0.07342689,-0.4484955,-48.7999,36.44986,44.43652
69.854075909,-10.43183,-29.73134,0.986358399999998,0.9052343,0.1040311,-0.493525,-48.7999,36.44986,44.43652
69.864074707,-19.78489,-30.68097,1.535095,0.9296451,0.05032917,-0.467232,-48.7999,36.44986,44.43652
69.874072552,-25.26134,-30.26551,4.095867,0.9169656,-0.02654219,-0.4499614,-47.75332,36.85235,46.11938
69.884070873,-28.21494,-29.13782,5.98596099999998,0.9045738,-0.1198607,-0.4781517,-47.75332,36.85235,46.11938
69.894069195,-26.79967,-28.24753,7.57120099999999,0.873688,-0.1881703,-0.4948305,-47.75332,36.85235,46.11938
69.904067516,-24.33834,-28.01012,7.32731800000001,0.8525041,-0.1767561,-0.529254,-47.75332,36.85235,46.11938
69.914065361,-21.26168,-27.59465,5.254312,0.8257523,-0.1799205,-0.5516996,-47.75332,36.85235,46.11938
69.924064159,-16.03136,-27.83206,2.571598,0.8216735,-0.1959099,-0.5378097,-46.61873,36.11043,47.35729
69.934062004,-6.678307,-27.83206,0.1327677,0.8055218,-0.1660524,-0.5325249,-46.61873,36.11043,47.35729
69.944059849,1.25948,-28.90041,-1.818297,0.781321,-0.09633126,-0.5080933,-46.61873,36.11043,47.35729
69.954058647,7.41280299999999,-30.56227,-3.037712,0.8022401,-0.06802191,-0.4866011,-46.61873,36.11043,47.35729
69.964056492,9.935666,-32.16478,-4.196156,0.8454388,-0.006810788,-0.4756849,-46.61873,36.11043,47.35729
69.974054337,9.074201,-34.12341,-4.744893,0.8608177,0.03035443,-0.4833785,-45.85441,34.99187,49.36844
69.984053135,6.612871,-36.55686,-4.379068,0.8941208,0.0483932,-0.4427622,-45.85441,34.99187,49.36844
69.99405098,5.013007,-39.93995,-4.318098,0.9138238,0.0635274,-0.4246146,-45.85441,34.99187,49.36844
70.004049301,0.2749484,-44.56943,-4.622952,0.9461918,0.1325199,-0.3366308,-45.85441,34.99187,49.36844
70.014047623,-0.4019172,-48.18993,-4.927805,0.8472425,0.2590164,-0.5307928,-45.85441,34.99187,49.36844
70.024045944,-13.93923,-53.59099,-3.220624,0.75665,0.4370328,-0.5828455,-44.74339,35.39102,50.60026
70.034043789,-33.75293,-57.8050100000001,1.352183,0.750698,0.5733691,-0.5402769,-44.74339,35.39102,50.60026
70.044042587,-61.0121500000001,-60.6539200000001,5.315282,0.8913144,0.4840616,-0.4079334,-44.74339,35.39102,50.60026
70.054040432,-78.3645200000002,-67.3607400000003,7.937025,1.139231,0.09900551,-0.4862744,-44.74339,35.39102,50.60026
70.064038277,-72.8880699999998,-72.2276400000002,9.27838200000003,1.418915,0.100999,-0.4479978,-44.74339,35.39102,50.60026
70.074037075,-66.9193399999999,-75.4326600000002,7.44925899999998,1.363579,0.3539254,-0.249836,-42.88238,35.4296,53.51668
70.08403492,-78.1799200000003,-83.2078200000001,-1.086647,1.247688,0.4803673,-0.2013303,-42.88238,35.4296,53.51668
70.094032764,-94.4862299999999,-86.2941499999997,-4.257127,1.332238,0.3371351,-0.2114909,-42.88238,35.4296,53.51668
70.104031563,-91.7787700000002,-88.9650000000003,-5.659454,1.30609,0.01370573,-0.3444062,-42.88238,35.4296,53.51668
70.114029408,-70.8574700000002,-89.7959400000002,-5.90333699999997,1.236466,-0.09771041,-0.5270723,-42.88238,35.4296,53.51668
70.124027729,-51.2899,-90.5675199999997,-6.75692799999998,1.179568,-0.1587695,-0.6509085,-39.83145,32.06322,57.6207
70.134026051,-33.99906,-91.0423399999998,-7.91537200000002,1.096114,-0.1553644,-0.7885938,-39.83145,32.06322,57.6207
70.144024372,-21.63088,-90.3894700000001,-8.95187600000001,1.039842,-0.09232406,-0.8406768,-39.83145,32.06322,57.6207
70.154022694,-19.60028,-88.9650000000003,-10.11032,1.002438,-0.09829435,-0.828167,-39.83145,32.06322,57.6207
70.164021015,-16.89282,-84.5729300000001,-11.51265,0.9156692,-0.1494353,-0.8658102,-39.83145,32.06322,57.6207
70.17401886,-17.38509,-81.0711400000003,-11.02488,0.9296129,-0.1363567,-0.7414081,-36.39137,28.00233,61.73121
70.184017658,-30.24553,-73.1772800000002,-7.91537200000002,0.9169009,-0.1598717,-0.7346797,-36.39137,28.00233,61.73121
70.194015503,-41.13692,-59.2888199999997,-0.4159691,0.9334814,-0.2569021,-0.435095,-36.39137,28.00233,61.73121
70.204013348,-43.72131,-42.78886,6.29081499999999,0.7514294,-0.2937579,-0.4582184,-36.39137,28.00233,61.73121
70.214012146,-40.27545,-30.20616,12.44886,0.6996701,-0.2615084,-0.4332505,-36.39137,28.00233,61.73121
70.224009991,-41.50612,-16.199,16.59487,0.747901,-0.1297924,-0.3754608,-32.98222,25.76622,64.21941
70.234007835,-50.3669,-1.717021,20.61894,0.7242709,-0.03720663,-0.2964784,-32.98222,25.76622,64.21941
70.244006634,-60.21222,11.93402,25.13078,0.6607209,-0.05343083,-0.3389567,-32.98222,25.76622,64.21941
70.254004479,-64.88875,23.56709,31.28883,0.6294198,-0.1008015,-0.4030191,-32.98222,25.76622,64.21941
70.2640028,-64.2118800000002,37.04008,35.98357,0.6233836,-0.09146507,-0.4317256,-32.98222,25.76622,64.21941
70.274001122,-66.1809499999999,52.11558,38.78823,0.652301,-0.02227511,-0.4207866,-30.6841,23.13095,65.4758
70.283999443,-71.5958699999998,67.8439500000002,39.64182,0.6715903,0.09386192,-0.3567209,-30.6841,23.13095,65.4758
70.293997288,-79.8413200000001,80.4266500000002,38.60532,0.6261494,0.1529894,-0.3288995,-30.6841,23.13095,65.4758
70.303996086,-87.5945100000001,88.2611699999998,36.10551,0.5853413,0.1199224,-0.3493986,-30.6841,23.13095,65.4758
70.313993931,-80.2105199999999,93.1874199999998,34.21542,0.6086906,0.04168117,-0.4532702,-32.12267,20.44687,64.25336
70.323991776,-65.9348099999999,99.47877,33.60571,0.6220147,0.00548908,-0.5073632,-32.12267,20.44687,64.25336
70.333990574,-53.56663,103.8115,32.20339,0.601065,0.05623846,-0.5451472,-32.12267,20.44687,64.25336
70.343988419,-44.52124,105.3546,29.76456,0.6103784,0.1297768,-0.6006972,-32.12267,20.44687,64.25336
70.353986263,-41.69072,106.3636,27.75252,0.6654319,0.1817041,-0.6209068,-32.12267,20.44687,64.25336
70.363985062,-43.53671,107.8475,25.55757,0.7721971,0.2045159,-0.6421561,-36.89291,15.83241,62.62905
70.373982906,-44.39818,109.6874,23.05777,0.8828306,0.1767654,-0.6744064,-36.89291,15.83241,62.62905
70.383981228,-42.85985,110.8744,21.10671,0.9037731,0.1506664,-0.7041079,-36.89291,15.83241,62.62905
70.393979549,-41.01385,109.5093,19.94827,0.875734,0.1118493,-0.7432923,-36.89291,15.83241,62.62905
70.403977871,-38.92172,105.9482,19.76535,0.878266,0.0800192,-0.7753531,-36.89291,15.83241,62.62905
70.413976193,-39.66012,103.4554,20.80186,0.9052366,0.07151656,-0.753862,-42.46651,14.23775,58.91894
70.423974514,-42.61372,100.8439,23.24068,0.9172228,0.1091455,-0.7036421,-42.46651,14.23775,58.91894
70.433972359,-47.78251,97.87625,26.71602,0.9371676,0.1382067,-0.651041,-42.46651,14.23775,58.91894
70.443971157,-53.3205,95.7989200000002,31.10591,0.9617584,0.1531884,-0.6070588,-42.46651,14.23775,58.91894
70.453969002,-60.2737499999999,93.60288,35.61775,0.9625308,0.1902755,-0.5917552,-42.46651,14.23775,58.91894
70.463966847,-70.8574700000002,92.1784199999999,40.3125,0.9762537,0.2126421,-0.5668989,-48.70974,11.87395,54.82078
70.473965645,-82.11805,91.2881400000002,44.03172,0.9714331,0.1846255,-0.5381687,-48.70974,11.87395,54.82078
70.48396349,-87.90218,90.3978500000002,46.3486,0.9638786,0.1462623,-0.5190027,-48.70974,11.87395,54.82078
70.493961334,-88.3944400000002,90.2791399999998,47.93384,0.9749285,0.1291446,-0.5017888,-48.70974,11.87395,54.82078
70.503960133,-87.65604,90.6946099999997,48.11676,0.9828185,0.1510153,-0.4654364,-48.70974,11.87395,54.82078
70.513957977,-87.7175800000001,91.3474899999997,47.62899,1.014895,0.1563032,-0.4348648,-52.42704,11.05732,51.50751
70.523956299,-87.0407099999998,91.8816599999998,46.40957,1.035468,0.1518293,-0.3841704,-52.42704,11.05732,51.50751
70.53395462,-83.4717799999999,92.5345399999998,44.94628,1.043269,0.1265487,-0.3492415,-52.42704,11.05732,51.50751
70.543952942,-77.9953199999998,92.7719499999998,42.75133,1.019013,0.1214689,-0.3209619,-52.42704,11.05732,51.50751
70.553950787,-70.3036699999999,92.89065,40.12959,1.014958,0.1303375,-0.2989426,-52.42704,11.05732,51.50751
70.563949585,-62.7966199999999,92.0597199999998,36.16648,0.9823841,0.1270151,-0.2730418,-56.46318,7.938865,46.20412
70.57394743,-53.8743,90.9320199999998,31.65465,0.9604688,0.07466097,-0.2648543,-56.46318,7.938865,46.20412
70.583945274,-40.27545,90.3385000000002,27.32573,1.010641,0.05002454,-0.2510568,-56.46318,7.938865,46.20412
70.593944073,-25.50747,90.8133200000002,22.02127,1.028755,0.07192174,-0.2338652,-56.46318,7.938865,46.20412
70.603941918,-13.44696,90.6352600000002,17.38749,1.043044,0.1154616,-0.2329442,-56.46318,7.938865,46.20412
70.613940239,-6.73984000000002,91.7036100000002,13.97313,1.072526,0.1545168,-0.2239127,-59.42734,7.120786,42.05791
70.62393856,-6.73984000000002,92.1784199999999,12.63177,1.068731,0.1755567,-0.1999827,-59.42734,7.120786,42.05791
70.633936405,-9.69343500000003,90.6352600000002,12.87566,1.076087,0.1469832,-0.2052525,-59.42734,7.120786,42.05791
70.643934727,-11.78556,88.37987,13.36342,1.09718,0.08680981,-0.2416456,-59.42734,7.120786,42.05791
70.653933048,-9.508835,86.4212399999998,14.09507,1.122349,0.04411529,-0.235457,-59.42734,7.120786,42.05791
70.66393137,-7.17057299999998,86.0057800000001,14.64381,1.139249,0.05291197,-0.2134742,-63.13421,6.284005,36.35814
70.673929691,-5.263042,85.5309600000001,14.58284,1.175245,0.08232879,-0.2097159,-63.13421,6.284005,36.35814
70.683928013,-8.21663800000001,86.2431900000001,15.80225,1.211087,0.1200518,-0.2006952,-63.13421,6.284005,36.35814
70.693925857,-14.06229,86.4806000000001,17.50943,1.262956,0.1347838,-0.1897821,-63.13421,6.284005,36.35814
70.703924656,-19.78489,87.5489300000001,18.72885,1.288789,0.1086201,-0.1840775,-63.13421,6.284005,36.35814
70.713922501,-20.70788,88.1424599999999,20.13118,1.284102,0.09886128,-0.1783239,-65.73061,6.212561,30.21114
70.723920345,-21.93855,88.85469,21.77739,1.284961,0.1317127,-0.1481836,-65.73061,6.212561,30.21114
70.733919144,-25.07674,89.0921,23.17971,1.307381,0.1582264,-0.113772,-65.73061,6.212561,30.21114
70.743916988,-30.98393,89.56692,24.4601,1.327849,0.1589159,-0.08270044,-65.73061,6.212561,30.21114
70.75391531,-32.15306,89.7449700000003,25.67952,1.302932,0.1366088,-0.07690835,-65.73061,6.212561,30.21114
70.763913631,-32.7684,89.50757,26.35019,1.286932,0.1324754,-0.06922217,-68.71915,6.902284,24.44431
70.773911476,-34.42979,87.4302400000002,26.04534,1.263842,0.1428634,-0.05243444,-68.71915,6.902284,24.44431
70.783909798,-34.12213,85.4716000000003,25.4966,1.247831,0.1134652,-0.04426317,-68.71915,6.902284,24.44431
70.793908119,-32.27613,84.34391,24.39913,1.220493,0.1164538,-0.03033757,-68.71915,6.902284,24.44431
70.803906441,-28.7072,82.0885200000002,22.69195,1.198945,0.1224506,-0.01881572,-68.71915,6.902284,24.44431
70.813904285,-24.95368,80.1892499999998,21.10671,1.149495,0.1087997,-0.02303319,-69.4497,7.225258,18.30919
70.823903084,-19.10802,78.4680300000002,19.0337,1.095414,0.1081163,-0.03394599,-69.4497,7.225258,18.30919
70.833900928,-12.5855,76.0939300000001,17.50943,1.037081,0.07425655,-0.05010716,-69.4497,7.225258,18.30919
70.843898773,-7.04750599999997,74.0165999999997,15.68031,0.9966266,0.07501602,-0.03902959,-69.4497,7.225258,18.30919
70.853897572,-2.124848,72.23603,13.24148,0.9769368,0.08593964,-0.02416222,-69.4497,7.225258,18.30919
70.863895416,0.644147799999998,69.9212900000002,10.61974,0.9481264,0.08931938,-0.0174128,-70.22491,9.460362,13.38944
70.873894215,3.228544,66.3007899999999,8.54673300000003,0.9098626,0.05044941,-0.04030774,-70.22491,9.460362,13.38944
70.883892059,6.92053700000001,62.799,7.14440499999997,0.8653887,0.005249164,-0.05122581,-70.22491,9.460362,13.38944
70.893890381,10.1818,60.0687899999997,6.473727,0.8319018,-0.001571766,-0.03393694,-70.22491,9.460362,13.38944
70.903888702,14.61219,57.7540499999999,5.315282,0.8021702,-0.001182907,-0.03340664,-69.46383,9.808751,8.942453
70.913887024,16.70432,55.67672,4.583633,0.7498407,0.008986193,-0.03044658,-69.46383,9.808751,8.942453
70.923884869,17.75039,53.00586,3.791013,0.6977507,0.005829055,-0.05045515,-69.46383,9.808751,8.942453
70.93388319,17.07352,50.69112,3.54713,0.6799392,-0.005646866,-0.04467823,-69.46383,9.808751,8.942453
70.943881512,17.75039,49.08861,2.998394,0.6776533,-0.01335305,-0.03222929,-69.46383,9.808751,8.942453
70.953879356,18.98105,47.01127,2.510627,0.6453303,-0.004776308,-0.03408945,-68.69685,9.780597,4.948996
70.963878155,18.79645,44.93394,2.083832,0.616716,-0.01222817,-0.0431306,-68.69685,9.780597,4.948996
70.973875999,18.55032,42.67855,1.90092,0.6045964,-0.01604905,-0.0627301,-68.69685,9.780597,4.948996
70.983873844,16.88892,40.60122,1.535095,0.5948523,-0.01630297,-0.06941311,-68.69685,9.780597,4.948996
70.993872643,16.21206,38.58324,1.96189,0.5974208,0.002752132,-0.06367958,-68.69685,9.780597,4.948996
71.003870487,12.70466,36.68396,1.90092,0.5830337,0.01667424,-0.05121512,-68.68246,9.752812,1.65948
71.013868809,7.47433699999998,33.36023,2.327715,0.5844393,0.01958695,-0.05456835,-68.68246,9.752812,1.65948
71.02386713,3.16701,29.44297,3.242276,0.6014008,-0.002283063,-0.09144264,-68.68246,9.752812,1.65948
71.033865452,-0.5249836,25.58507,4.095867,0.632359,-0.01635055,-0.1025002,-68.68246,9.752812,1.65948
71.043863297,-3.786245,22.02393,5.193341,0.6598135,-0.02494453,-0.09201721,-68.68246,9.752812,1.65948
71.053862095,-5.87837500000002,18.64084,5.498195,0.6841728,-0.02434044,-0.0786597,-67.56324,10.50126,-0.7872458
71.06385994,-6.18604100000003,14.72359,6.16887299999999,0.6716321,-0.03073438,-0.05997173,-67.56324,10.50126,-0.7872458
71.073857784,-5.263042,10.33151,6.10790299999999,0.6420808,-0.04012658,-0.06661785,-67.56324,10.50126,-0.7872458
71.083856583,-2.309447,6.88907200000001,5.437224,0.6637341,-0.05131311,-0.06138839,-67.56324,10.50126,-0.7872458
71.093854427,-0.4019172,4.218216,4.400721,0.7111096,-0.005175785,-0.0605257,-67.56324,10.50126,-0.7872458
71.103853226,-5.693775,3.32793,4.827517,0.78056,0.05955298,-0.04056325,-67.94048,10.86845,-2.01756
71.11385107,-16.64669,2.615702,6.35178600000003,0.8430178,0.05568286,-0.01434945,-67.94048,10.86845,-2.01756
71.123848915,-27.16887,0.953835399999999,8.60770299999997,0.8824891,0.003350314,-0.03019779,-67.94048,10.86845,-2.01756
71.133847714,-33.01453,-2.666659,11.04653,0.8343561,-0.05453916,-0.03919192,-67.94048,10.86845,-2.01756
71.143845558,-32.27613,-7.71161000000001,12.5708,0.8270894,-0.1078073,-0.003272334,-67.94048,10.86845,-2.01756
71.15384388,-25.26134,-11.0947,10.98556,0.8591278,-0.0998404,0.05457747,-67.57978,11.62871,-2.405837
71.163842201,-14.18536,-14.65584,8.668674,0.8013137,-0.05651632,0.08146736,-67.57978,11.62871,-2.405837
71.173840523,-7.47823899999999,-18.45439,6.65663900000001,0.7829598,-0.03946399,0.07288059,-67.57978,11.62871,-2.405837
71.183838368,-1.201849,-21.12525,4.949458,0.7948932,-0.0524583,0.06089874,-67.57978,11.62871,-2.405837
71.193837166,5.689873,-22.60905,4.33975,0.7912406,-0.03930039,0.07286611,-67.57978,11.62871,-2.405837
71.203835011,7.90506900000002,-23.20258,3.48616,0.8426604,-3.890018e-05,0.1100953,-67.96577,12.01278,-1.636642
71.213832855,7.28973700000001,-23.55869,3.851984,0.8479478,0.02966413,0.1052927,-67.96577,12.01278,-1.636642
71.223831654,-0.3403839,-24.21157,5.254312,0.8498672,0.05752354,0.1186823,-67.96577,12.01278,-1.636642
71.233829498,-12.33936,-25.0425,7.32731800000001,0.9345146,0.06580266,0.1501186,-67.96577,12.01278,-1.636642
71.243827343,-23.53841,-26.70437,9.27838200000003,1.002108,0.02152979,0.1576694,-67.96577,12.01278,-1.636642
71.253826141,-32.3992,-29.01911,11.5343,1.038019,-0.02247172,0.1571395,-68.36776,13.15812,-0.807003
71.263823986,-38.12179,-31.3932,12.81469,1.051765,-0.08016316,0.1422946,-68.36776,13.15812,-0.807003
71.273822308,-36.15273,-35.60722,14.21701,1.001356,-0.2006105,0.04621968,-68.36776,13.15812,-0.807003
71.283820629,-33.19913,-37.56585,15.19255,1.061089,-0.1617092,0.1322492,-68.36776,13.15812,-0.807003
71.293818951,-30.24553,-36.61621,13.91216,1.088891,-0.03177574,0.1986894,-68.36776,13.15812,-0.807003
71.303817272,-31.23007,-36.91298,13.24148,0.9946144,0.005306186,0.1533794,-69.13583,13.55356,1.636419
71.313815594,-32.52227,-38.63419,13.11954,0.9589608,-0.04347668,0.1036823,-69.13583,13.55356,1.636419
71.323813438,-28.27647,-38.8716,12.38789,1.056188,-0.0578638,0.07384476,-69.13583,13.55356,1.636419
71.333812237,-24.52294,-38.51549,10.92459,1.116286,0.01135978,0.07420073,-69.13583,13.55356,1.636419
71.343810082,-29.69173,-39.82124,10.92459,1.123921,0.0709349,0.03636457,-69.13583,13.55356,1.636419
71.353807926,-38.18332,-42.72951,11.77818,1.172609,-0.005758272,-0.006293824,-69.53533,14.32889,3.693593
71.363806725,-38.98325,-46.52806,12.32692,1.215086,-0.08879051,-0.03793251,-69.53533,14.32889,3.693593
71.373804569,-32.5838,-50.92013,11.47333,1.164082,-0.09844519,-0.0799558,-69.53533,14.32889,3.693593
71.383802414,-47.41331,-35.48852,15.4974,1.712035,-0.1117272,0.9470737,-69.53533,14.32889,3.693593
71.393801212,-48.39784,-11.56951,17.87526,2.10946,0.3845356,1.692832,-69.53533,14.32889,3.693593
71.403799057,-69.9344700000001,18.04732,22.02127,1.919023,0.4560975,1.640502,-70.31295,15.10795,6.521989
71.413797379,-40.70618,8.254177,19.39953,1.357716,-0.2382779,0.9467669,-70.31295,15.10795,6.521989
71.4237957,-0.832649800000001,-7.29614399999999,3.364218,0.854664,-0.1639303,0.4412912,-70.31295,15.10795,6.521989
71.433794022,40.21001,-30.85903,-12.36624,0.8330155,-0.1657068,-0.07696847,-70.31295,15.10795,6.521989
71.443791866,50.23993,-46.05324,-18.21943,1.23021,-0.0582367,0.1879212,-70.33572,15.88228,8.130441
71.453790665,35.41042,-41.83922,-17.2439,1.292348,0.05898719,0.2251116,-70.33572,15.88228,8.130441
71.463788509,7.720469,-36.43816,-9.01284600000001,0.9882339,-0.07479787,-0.0365835,-70.33572,15.88228,8.130441
71.473786354,-17.01589,-34.36082,-1.696355,0.8408462,-0.2233952,-0.2377688,-70.33572,15.88228,8.130441
71.483785153,-26.30741,-30.56227,1.352183,0.8609557,-0.2846223,-0.3339819,-70.33572,15.88228,8.130441
71.493782997,-19.53875,-25.33926,3.364218,0.9441566,-0.2487194,-0.2015706,-69.96437,15.89163,8.907226
71.503781796,-7.60130500000002,-20.11626,4.27878,1.008357,-0.2374091,-0.007383569,-69.96437,15.89163,8.907226
71.51377964,16.08899,-16.85188,3.730042,1.035841,-0.2963455,0.1304136,-69.96437,15.89163,8.907226
71.523777485,50.67066,-17.74216,0.3766508,1.025655,-0.2446807,0.2223047,-69.96437,15.89163,8.907226
71.533776283,71.89963,-21.60007,-3.464507,1.014471,-0.06247522,0.2969351,-69.96437,15.89163,8.907226
71.543774128,71.59196,-26.40761,-5.171688,1.03946,0.03437089,0.3117025,-69.60624,16.29169,10.90749
71.55377245,57.8700499999997,-30.32486,-4.135185,1.015573,0.03406906,0.2772867,-69.60624,16.29169,10.90749
71.563770771,41.00994,-33.58924,-3.098683,0.9817288,0.07026085,0.2165572,-69.60624,16.29169,10.90749
71.573769093,20.88858,-35.84463,-1.086647,0.9284204,0.1307809,0.1481982,-69.60624,16.29169,10.90749
71.583766937,-2.801713,-36.49751,1.778978,0.9696392,0.11481,0.1194159,-69.60624,16.29169,10.90749
71.593765736,-14.24689,-36.43816,2.937423,0.9834971,-0.02788481,0.05529928,-69.60624,16.29169,10.90749
71.60376358,-9.69343500000003,-34.71694,3.303247,1.010136,-0.1238995,0.01986294,-69.60624,16.29169,10.90749
71.613761425,-1.509515,-31.68997,3.181306,1.034966,-0.1222441,0.04087657,-69.60624,16.29169,10.90749
71.623760223,4.151542,-29.49393,3.425189,1.017169,-0.1091867,0.01936831,-69.60624,16.29169,10.90749
71.633758068,3.16701,-29.07846,4.27878,0.995895,-0.0672214,-0.02176295,-69.60624,16.29169,10.90749
71.643755913,-5.139976,-30.14681,4.217809,1.020021,0.02382461,-0.001728255,-68.86409,16.31148,12.59006
71.653754711,-15.60063,-30.32486,3.730042,1.03535,0.0640668,0.008284757,-68.86409,16.31148,12.59006
71.663752556,-24.52294,-30.20616,3.303247,1.042626,0.01351033,-0.009422224,-68.86409,16.31148,12.59006
71.673751354,-25.13828,-30.20616,2.571598,1.046298,-0.1824139,-0.02708549,-68.86409,16.31148,12.59006
71.683749199,-12.15476,-31.09644,1.96189,1.024307,-0.3622714,-0.09208719,-68.86409,16.31148,12.59006
71.69374752,6.24367199999998,-30.74033,0.0717969800000001,1.043169,-0.3017024,-0.04571379,-68.88856,17.08908,14.58551
71.703745842,14.36606,-29.49393,-1.391501,1.014252,-0.2147122,-0.03563568,-68.88856,17.08908,14.58551
71.713744163,11.96626,-29.43458,-1.025677,1.005212,-0.1746234,-0.04280888,-68.88856,17.08908,14.58551
71.723742008,6.36673800000001,-28.12883,-0.903735200000002,1.027726,-0.1529059,-0.00169618,-68.88856,17.08908,14.58551
71.733740807,7.10513699999998,-26.88243,-1.513443,0.9908713,-0.2151609,-0.03415908,-68.88856,17.08908,14.58551
71.743738651,13.62766,-27.59465,-1.757326,0.9759112,-0.2234114,-0.05375249,-68.13855,16.72851,16.27011
71.753736496,18.18112,-28.72235,-2.306063,1.004558,-0.1387854,-0.001659429,-68.13855,16.72851,16.27011
71.763735294,18.85798,-30.79968,-3.586449,0.9646763,-0.01406536,-0.0399081,-68.13855,16.72851,16.27011
71.773733139,9.32033300000002,-34.06406,-3.098683,1.0072,0.08385438,0.001150094,-68.13855,16.72851,16.27011
71.783730984,-3.293979,-35.19176,-2.732858,1.025406,0.07452595,0.00447079,-68.13855,16.72851,16.27011
71.793729782,-11.4779,-36.2601,-1.696355,0.9892082,0.02934008,-0.02273331,-68.51079,16.3557,17.49486
71.803727627,-17.32355,-36.91298,-1.26956,0.9949719,-0.01821218,-0.02751687,-68.51079,16.3557,17.49486
71.813725948,-18.18502,-36.91298,-0.4159691,1.006489,-0.1657074,-0.08014233,-68.51079,16.3557,17.49486
71.82372427,-10.80103,-36.3788,-0.720822899999998,0.9965062,-0.2062037,-0.1294078,-68.51079,16.3557,17.49486
71.833722591,-4.032378,-35.1324,-0.8427644,0.995778,-0.1672901,-0.1236737,-68.51079,16.3557,17.49486
71.843720436,-3.417045,-33.58924,-0.5379106,0.9966286,-0.0562242,-0.09594635,-67.77989,16.76238,19.94941
71.853719234,-8.33970399999999,-33.17377,0.0717969800000001,0.9901259,0.004262811,-0.1098293,-67.77989,16.76238,19.94941
71.863717079,-15.84676,-33.70795,0.864416900000002,0.995581,-0.0003133731,-0.09069458,-67.77989,16.76238,19.94941
71.873715878,-20.40022,-33.35183,1.230241,1.016314,-0.06651721,-0.09502086,-67.77989,16.76238,19.94941
71.883713722,-16.58516,-31.3932,1.169271,1.03342,-0.1202889,-0.06057936,-67.77989,16.76238,19.94941
71.893711567,-9.26270200000001,-29.67199,0.1327677,0.9969261,-0.1236545,-0.0839651,-67.39816,16.02137,21.95575
71.903710365,-4.46311,-30.68097,-0.720822899999998,0.9550866,-0.1026147,-0.1370195,-67.39816,16.02137,21.95575
71.91370821,-7.47823899999999,-32.46155,-0.903735200000002,0.9916916,-0.05298156,-0.1026386,-67.39816,16.02137,21.95575
71.923706055,-10.9241,-33.47054,-1.025677,1.006667,-0.123506,-0.08876788,-67.39816,16.02137,21.95575
71.933704853,-11.41637,-33.11442,-0.4769399,1.008226,-0.179432,-0.04377005,-67.39816,16.02137,21.95575
71.943702698,-8.58583600000001,-32.99572,-0.964705900000002,0.992422,-0.2472341,-0.09062549,-66.65601,16.04116,23.63832
71.953701019,-3.293979,-33.52989,-0.598881400000002,0.9975586,-0.3132557,-0.09444606,-66.65601,16.04116,23.63832
71.963699341,5.81293900000002,-31.15579,-1.574414,1.017874,-0.3562952,-0.06240579,-66.65601,16.04116,23.63832
71.973697662,14.36606,-26.40761,-0.5379106,1.018159,-0.4489729,-0.04802515,-66.65601,16.04116,23.63832
71.983695507,28.1495,-21.60007,-0.1720861,0.9982347,-0.5558623,-0.05609868,-65.5467,16.44357,25.25714
71.993694305,47.16327,-20.11626,-1.208589,0.9312595,-0.6503435,-0.1464085,-65.5467,16.44357,25.25714
72.00369215,72.2072900000002,-20.88784,-4.257127,0.8773963,-0.5850091,-0.1654744,-65.5467,16.44357,25.25714
72.013689995,88.1444,-22.60905,-8.40313799999999,0.9001414,-0.3158155,-0.1105472,-65.5467,16.44357,25.25714
72.023688793,92.0825299999998,-24.56768,-9.62255399999997,0.9213042,-0.1973531,-0.1149217,-65.5467,16.44357,25.25714
72.033686638,95.5899200000001,-29.49393,-10.96391,0.9036788,-0.09098372,-0.1886191,-65.17563,16.45347,26.09843
72.043685436,99.5895799999998,-36.73492,-13.64662,0.9488477,-0.0305959,-0.1657418,-65.17563,16.45347,26.09843
72.053683281,106.2967,-39.82124,-14.7441,1.078388,0.0502561,-0.2128888,-65.17563,16.45347,26.09843
72.063681126,114.7268,-40.59282,-15.04895,1.092604,0.09767767,-0.2124473,-65.17563,16.45347,26.09843
72.073679924,115.5267,-43.38238,-14.86604,1.065875,0.3011617,-0.221546,-65.17563,16.45347,26.09843
72.083677769,92.3286600000001,-44.92554,-8.03731400000003,1.026552,0.5291774,-0.1248638,-64.83036,17.97389,25.64159
72.09367609,50.23993,-48.01187,-4.866835,1.046118,0.4979681,-0.178969,-64.83036,17.97389,25.64159
72.103674412,26.11891,-47.06223,-2.732858,1.077281,0.1043059,-0.4105528,-64.83036,17.97389,25.64159
72.113672733,16.88892,-46.35,1.474125,1.062693,0.02403818,-0.4416141,-64.83036,17.97389,25.64159
72.123670578,6.612871,-40.83023,2.69354,1.048946,-0.02011102,-0.3511279,-64.83036,17.97389,25.64159
72.133669376,2.428612,-36.20074,5.86401899999998,1.074588,-0.06478132,-0.4554906,-63.74911,19.89119,26.4783
72.143667221,-9.63190200000001,-31.21515,8.79061600000001,1.081308,0.04639271,-0.3756088,-63.74911,19.89119,26.4783
72.153665066,-19.78489,-28.24753,9.339353,1.085477,0.03260648,-0.3512051,-63.74911,19.89119,26.4783
72.163663864,-25.99974,-26.22955,10.31489,1.074771,0.00706114,-0.3052366,-63.74911,19.89119,26.4783
72.173661709,-27.35347,-24.80509,9.27838200000003,1.063857,-0.03519988,-0.3329641,-63.74911,19.89119,26.4783
72.18366003,-26.55354,-22.49035,9.27838200000003,1.082237,-0.05296915,-0.2966198,-63.01653,20.2946,28.54584
72.193658352,-27.23041,-20.47237,9.03449899999999,1.08955,-0.07750146,-0.2320185,-63.01653,20.2946,28.54584
72.203656197,-26.43047,-21.06589,8.60770299999997,1.113113,-0.1124175,-0.2220004,-63.01653,20.2946,28.54584
72.213654995,-25.63054,-23.02452,7.51023000000002,1.164825,-0.03585466,-0.1450596,-63.01653,20.2946,28.54584
72.22365284,-23.29228,-21.71877,5.92499000000001,1.187114,-0.08114105,-0.1503511,-63.01653,20.2946,28.54584
72.233651161,-20.52328,-21.89683,6.22984400000002,1.146239,-0.08604328,-0.2258936,-62.27579,20.31712,30.55091
72.243649483,-23.96914,-21.48136,5.13237,1.141987,-0.01584997,-0.2460045,-62.27579,20.31712,30.55091
72.253647804,-30.24553,-21.42201,3.851984,1.124632,-0.02518887,-0.2201287,-62.27579,20.31712,30.55091
72.263645649,-33.38373,-20.70978,3.730042,1.140641,-0.0471601,-0.2129723,-62.27579,20.31712,30.55091
72.273644447,-39.96778,-20.35367,3.120335,1.21398,-0.008289267,-0.2126316,-62.27579,20.31712,30.55091
72.283642292,-43.29058,-18.39504,1.96189,1.171565,-0.0592187,-0.2168517,-61.51424,19.56911,31.39903
72.293640137,-38.86019,-16.61447,2.205774,1.123372,-0.06229885,-0.2368671,-61.51424,19.56911,31.39903
72.303638935,-42.98291,-12.87527,3.120335,1.138461,-0.03672396,-0.2890648,-61.51424,19.56911,31.39903
72.31363678,-45.13658,-7.05873399999998,3.303247,1.108017,-0.07847006,-0.3775375,-61.51424,19.56911,31.39903
72.323635101,-49.19777,-1.538964,5.86401899999998,1.034132,0.0151612,-0.394183,-61.51424,19.56911,31.39903
72.333633423,-58.6738900000002,4.989797,6.53469799999998,0.9945031,0.02206902,-0.4563306,-60.39905,19.59499,33.47139
72.343631268,-61.4428799999998,11.87467,6.29081499999999,0.9483674,-0.06529278,-0.5040853,-60.39905,19.59499,33.47139
72.353629589,-54.9819,16.74156,4.644604,0.9334233,-0.04739764,-0.4810922,-60.39905,19.59499,33.47139
72.363627911,-46.49031,21.84587,1.596066,0.9290407,-0.04590264,-0.4145628,-60.39905,19.59499,33.47139
72.373626232,-36.46039,25.94118,0.2547093,0.9562652,-0.04163419,-0.3787182,-60.39905,19.59499,33.47139
72.383624554,-33.01453,29.56168,0.2547093,0.9748682,-0.0181194,-0.2921344,-59.2355,17.70164,33.48987
72.393622875,-31.41467,31.99512,0.803446099999999,0.9905957,0.002190453,-0.2309093,-59.2355,17.70164,33.48987
72.40362072,-30.98393,34.66598,1.291212,0.9728699,0.03773851,-0.2375876,-59.2355,17.70164,33.48987
72.413619518,-33.5068,35.67497,0.986358399999998,0.9387507,0.08999257,-0.2418488,-59.2355,17.70164,33.48987
72.423617363,-35.66046,35.55627,-0.964705900000002,0.8769987,0.05733109,-0.2259397,-59.2355,17.70164,33.48987
72.433615208,-31.23007,34.30987,-3.769361,0.8087952,-0.02275306,-0.2803579,-59.58299,16.55068,32.65467
72.443614006,-19.53875,31.93577,-7.366636,0.7292386,-0.06898419,-0.3280649,-59.58299,16.55068,32.65467
72.453611851,-3.663178,28.13722,-11.14682,0.6358931,-0.03090415,-0.4255415,-59.58299,16.55068,32.65467
72.463610172,7.04360400000002,22.14263,-13.34177,0.5191246,0.06208947,-0.4722623,-59.58299,16.55068,32.65467
72.473608494,4.520741,15.49516,-12.854,0.4284243,0.09058285,-0.5080048,-59.58299,16.55068,32.65467
72.483606815,-6.98597300000001,6.948425,-11.20779,0.3900095,0.008036559,-0.5241882,-59.92092,15.0161,31.43449
72.49360466,-18.67729,-2.310545,-9.19575899999999,0.385592,-0.2246642,-0.5604923,-59.92092,15.0161,31.43449
72.503602982,-17.69275,-10.14506,-8.95187600000001,0.4522614,-0.4553833,-0.6399927,-59.92092,15.0161,31.43449
72.513601303,-8.15510499999999,-14.00296,-7.18372300000002,0.4398541,-0.4948142,-0.6208179,-59.92092,15.0161,31.43449
72.523599148,-4.340044,-18.63245,-4.622952,0.4376062,-0.4531291,-0.6275248,-59.92092,15.0161,31.43449
72.533597946,-2.432514,-21.54071,-1.26956,0.4406053,-0.352729,-0.6017128,-60.65718,14.61976,30.20545
72.543595791,-6.18604100000003,-26.34826,2.144803,0.4364171,-0.155423,-0.5912276,-60.65718,14.61976,30.20545
72.553594589,-15.66216,-33.88601,2.449656,0.4839902,0.06329427,-0.5301091,-60.65718,14.61976,30.20545
72.563592434,-25.44594,-40.53347,0.803446099999999,0.5838933,0.3262303,-0.370028,-60.65718,14.61976,30.20545
72.573590279,-55.35109,-41.06764,0.803446099999999,0.8010738,0.2629844,-0.104302,-59.90887,14.26247,32.27705
72.583589077,-61.7505499999997,-38.81225,4.705575,1.059421,-0.2040595,0.07483391,-59.90887,14.26247,32.27705
72.593586922,-39.35246,-33.94535,10.86362,1.272727,-0.7219126,-0.1555997,-59.90887,14.26247,32.27705
72.603585243,-2.55558,-29.25652,17.81429,1.198568,-0.717836,-0.1870575,-59.90887,14.26247,32.27705
72.613583565,8.76653499999999,-30.50292,16.71681,0.8362328,-0.4988593,-0.326705,-59.90887,14.26247,32.27705
72.623581886,-8.03203799999998,-35.0137,15.4974,0.6167388,-0.2795222,-0.3110644,-59.88982,12.76501,35.12318
72.633579731,-21.01555,-41.95792,9.76614900000002,0.543578,-0.146454,-0.3210212,-59.88982,12.76501,35.12318
72.643578052,-38.61406,-46.11259,6.16887299999999,0.7305913,0.1194923,-0.2855225,-59.88982,12.76501,35.12318
72.653576374,-35.10666,-54.36257,2.937423,0.9693227,0.2562616,-0.08736483,-59.88982,12.76501,35.12318
72.663574219,-34.55286,-55.0748,-0.659852100000001,1.152247,0.4515102,-0.1748348,-59.88982,12.76501,35.12318
72.673573017,-43.90591,-51.63236,-3.159653,1.147956,0.4660954,-0.4299121,-59.53956,13.54543,37.12141
72.683570862,-40.64465,-43.67915,-5.598484,1.090914,0.02513336,-0.4890426,-59.53956,13.54543,37.12141
72.693568706,-22.61541,-33.11442,-2.06218,1.329682,-0.1585561,-0.580341,-59.53956,13.54543,37.12141
72.703567505,-14.36996,-17.26734,5.742078,1.467855,-0.2776582,-0.6183587,-59.53956,13.54543,37.12141
72.71356535,-7.60130500000002,-4.803344,12.38789,1.187519,-0.3260677,-0.7887092,-59.53956,13.54543,37.12141
72.723564148,-19.47722,1.131893,17.08264,0.9506581,-0.1654114,-0.6696508,-58.02801,12.43686,39.65413
72.733561993,-33.1376,4.930444,16.29002,0.7028658,-0.04370493,-0.4821269,-58.02801,12.43686,39.65413
72.743560314,-48.27477,4.218216,12.75372,0.5884243,-0.1717421,-0.2607923,-58.02801,12.43686,39.65413
72.753558636,-54.73576,-4.803344,10.4978,0.7125649,-0.3425571,-0.07862725,-58.02801,12.43686,39.65413
72.763556957,-47.53637,-15.36807,8.85158600000001,1.088875,-0.3974736,0.06334654,-58.02801,12.43686,39.65413
72.773554802,-35.59893,-13.11268,6.16887299999999,1.683039,-0.609107,0.2389598,-57.65244,12.07294,41.27145
72.7835536,1.874812,-9.07671499999999,9.88808900000002,2.047031,-0.4044771,0.09517834,-57.65244,12.07294,41.27145
72.793551445,21.99618,-14.24037,1.90092,1.608589,0.3663319,0.04501512,-57.65244,12.07294,41.27145
72.80354929,13.99686,-24.09286,-12.67109,1.290749,0.6055133,-0.0009142592,-57.65244,12.07294,41.27145
72.813548088,7.720469,-33.70795,-14.19536,1.137283,0.3444463,-0.0005795051,-57.65244,12.07294,41.27145
72.823545933,15.84286,-41.30505,-16.14643,0.9529218,-0.09168702,-0.1595116,-58.00896,10.93941,42.50026
72.833543777,26.91884,-42.90756,-18.46332,0.9769116,-0.3872333,-0.3274575,-58.00896,10.93941,42.50026
72.843542576,35.34889,-39.82124,-18.09749,0.9670939,-0.3874739,-0.491592,-58.00896,10.93941,42.50026
72.85354042,22.18078,-35.25111,-16.02448,0.9262043,-0.236648,-0.5954105,-58.00896,10.93941,42.50026
72.863538742,-0.03271778,-29.55328,-15.04895,0.9528659,-0.1260231,-0.6184571,-58.00896,10.93941,42.50026
72.873537064,-10.24723,-23.43999,-14.43924,0.9791888,-0.1256775,-0.5845243,-56.89599,11.33474,43.28057
72.883535385,-2.309447,-17.26734,-14.43924,0.9880589,-0.07795799,-0.5400444,-56.89599,11.33474,43.28057
72.893533707,13.31999,-13.94361,-14.43924,0.9617116,0.08096388,-0.4811745,-56.89599,11.33474,43.28057
72.903532028,17.07352,-14.00296,-15.04895,0.9671986,0.3353654,-0.4123347,-56.89599,11.33474,43.28057
72.913529873,2.244012,-15.54612,-14.13439,0.9950631,0.332082,-0.3535175,-56.89599,11.33474,43.28057
72.923528671,-8.52430299999999,-18.75115,-13.34177,0.9896371,0.1798488,-0.3563403,-55.77711,11.35353,44.51442
72.933526516,-15.90829,-21.3033,-12.79303,0.976231,0.1155273,-0.3467289,-55.77711,11.35353,44.51442
72.943524361,-21.81548,-24.09286,-13.76857,0.9578903,0.02888232,-0.3232244,-55.77711,11.35353,44.51442
72.953523159,-22.86155,-26.05149,-15.59769,0.9748933,-0.09889142,-0.3567214,-55.77711,11.35353,44.51442
72.963521004,-15.78522,-25.33926,-17.06099,0.9789047,-0.1845055,-0.4280142,-55.77711,11.35353,44.51442
72.973518848,-9.01656900000002,-23.6774,-16.93905,0.9619112,-0.1628652,-0.4691477,-55.39987,10.98633,45.74474
72.983517647,-6.43217400000002,-21.60007,-16.87807,0.9595847,-0.1695267,-0.5016851,-55.39987,10.98633,45.74474
72.993515491,-5.87837500000002,-19.34468,-16.57322,0.9714842,-0.1284374,-0.4978878,-55.39987,10.98633,45.74474
73.003513813,-7.41670600000002,-18.27633,-16.87807,0.9688796,-0.09270804,-0.4643922,-55.39987,10.98633,45.74474
73.013512135,-5.87837500000002,-17.68281,-17.36584,0.9838126,-0.08299152,-0.4438419,-55.39987,10.98633,45.74474
73.023510456,-4.032378,-17.80151,-18.21943,1.010539,0.0001519134,-0.3903094,-54.99734,9.474809,46.59413
73.033508778,-5.01691,-19.16662,-19.86564,1.021352,0.04697647,-0.3946475,-54.99734,9.474809,46.59413
73.043507099,-10.98563,-21.60007,-20.84118,1.049918,0.1360095,-0.3387268,-54.99734,9.474809,46.59413
73.053504944,-16.95436,-24.74574,-22.06059,1.067148,0.1009639,-0.3291763,-54.99734,9.474809,46.59413
73.063503742,-17.20049,-27.11983,-22.97515,1.09262,0.04227437,-0.3191555,-54.99734,9.474809,46.59413
73.073501587,-15.04683,-28.48494,-23.7068,1.113183,0.06309895,-0.3182396,-54.60269,8.343635,47.44151
73.083499432,-16.46209,-31.3932,-23.88971,1.072528,0.07378727,-0.3368359,-54.60269,8.343635,47.44151
73.09349823,-19.66182,-34.06406,-23.88971,1.054608,0.06816243,-0.3286674,-54.60269,8.343635,47.44151
73.103496075,-21.07708,-36.55686,-24.43845,1.039775,0.05386918,-0.3185878,-54.60269,8.343635,47.44151
73.113493919,-22.12315,-39.16837,-24.80427,1.038456,0.07236592,-0.3123688,-53.44451,6.460645,48.68549
73.123492718,-23.04615,-42.4921,-24.43845,1.020996,0.06821678,-0.3032443,-53.44451,6.460645,48.68549
73.133490562,-22.24621,-45.51907,-24.68233,1.033335,0.1116918,-0.3051913,-53.44451,6.460645,48.68549
73.143488884,-24.89214,-47.89316,-23.7068,1.024554,0.1639255,-0.3133252,-53.44451,6.460645,48.68549
73.153487206,-29.9994,-52.04783,-22.42641,1.014621,0.200381,-0.2908242,-53.44451,6.460645,48.68549
73.163485527,-34.36826,-55.13415,-22.36544,0.977465,0.1805548,-0.3060688,-51.93856,5.728074,50.70018
73.173483372,-34.42979,-60.35716,-22.30447,0.9463301,0.1516893,-0.3131857,-51.93856,5.728074,50.70018
73.18348217,-30.184,-63.9182999999999,-24.49942,0.9241319,0.1400433,-0.3164941,-51.93856,5.728074,50.70018
73.193480015,-24.21528,-67.0639800000002,-26.75534,0.9366797,0.1210159,-0.2988037,-51.93856,5.728074,50.70018
73.203478813,-16.64669,-69.2006699999997,-29.19417,0.9552222,0.09212388,-0.3629578,-51.93856,5.728074,50.70018
73.213476658,-7.90897099999997,-71.69347,-31.38912,0.970563,0.05347708,-0.3711104,-49.63454,2.716268,52.4101
73.223474503,0.5210813,-73.7114499999998,-34.43765,0.9938002,0.009715495,-0.3711396,-49.63454,2.716268,52.4101
73.233473301,9.62799900000003,-72.1089299999997,-37.73008,1.017606,-0.03844343,-0.3749973,-49.63454,2.716268,52.4101
73.243471146,28.8879,-70.9218800000002,-41.14444,0.9733171,-0.06838816,-0.4184628,-49.63454,2.716268,52.4101
73.25346899,48.517,-69.2006699999997,-44.49783,0.8918228,-0.01406517,-0.5719577,-49.63454,2.716268,52.4101
73.263467789,63.7772400000001,-68.0136200000003,-47.42443,0.8700462,0.003291427,-0.5929815,-46.68958,1.624473,55.66297
73.273465633,77.3145499999999,-62.4345,-50.10714,0.8338746,0.1376632,-0.6465536,-46.68958,1.624473,55.66297
73.283463955,80.8834799999998,-57.21148,-51.99723,0.7745883,0.2334487,-0.6187175,-46.68958,1.624473,55.66297
73.293462277,69.6229,-52.46329,-52.42403,0.7856783,0.1880814,-0.6086751,-46.68958,1.624473,55.66297
73.303460598,69.2537000000002,-46.58741,-53.09471,0.7361586,0.1255629,-0.6425515,-46.68958,1.624473,55.66297
73.31345892,72.4534300000003,-41.2457,-54.00927,0.6591466,0.09917849,-0.7041469,-42.58063,2.046117,56.91704
73.323457241,73.1918299999999,-36.43816,-55.10674,0.6234527,0.1042773,-0.7600793,-42.58063,2.046117,56.91704
73.333455086,70.8535599999998,-33.29248,-56.02131,0.6643904,0.156246,-0.7453281,-42.58063,2.046117,56.91704
73.343453884,66.1770400000001,-30.20616,-54.92383,0.7765306,0.1276332,-0.7158446,-42.58063,2.046117,56.91704
73.353451729,62.85424,-27.35724,-52.30209,0.7603222,0.1611105,-0.6866318,-42.58063,2.046117,56.91704
73.363449574,57.07012,-27.23854,-53.70441,0.6276603,0.1406842,-0.7203742,-39.99674,3.967583,56.92636
73.373448372,53.93192,-30.0281,-53.46053,0.6032001,0.118994,-0.7543048,-39.99674,3.967583,56.92636
73.383446217,50.97833,-33.23313,-53.33859,0.6737534,0.07208233,-0.7759517,-39.99674,3.967583,56.92636
73.393444061,46.97867,-35.25111,-54.67995,0.755102,0.07450885,-0.7397224,-39.99674,3.967583,56.92636
73.40344286,42.79441,-35.90398,-55.96033,0.7761814,0.0177957,-0.6636509,-39.99674,3.967583,56.92636
73.413440704,41.50221,-34.77629,-54.07024,0.7515793,-0.0472855,-0.6597627,-39.27085,5.114275,56.92584
73.423439026,43.22514,-34.53888,-49.68034,0.7441486,-0.1182175,-0.6420241,-39.27085,5.114275,56.92584
73.433437348,40.64075,-32.16478,-42.79065,0.7923279,-0.1917277,-0.6014102,-39.27085,5.114275,56.92584
73.443435669,34.42589,-27.5353,-33.21824,0.813641,-0.2091233,-0.5306137,-39.27085,5.114275,56.92584
73.453433514,26.6727,-19.16662,-23.88971,0.8236805,-0.1730179,-0.5363834,-39.27085,5.114275,56.92584
73.463432312,17.81192,-13.64685,-14.43924,0.810945,-0.1172502,-0.5215396,-37.78958,5.890051,57.38441
73.473430157,2.059412,-7.94901899999999,-5.415571,0.8169751,-0.02034787,-0.4067169,-37.78958,5.890051,57.38441
73.483428955,-19.10802,1.07254,3.425189,0.8061896,0.03627761,-0.355505,-37.78958,5.890051,57.38441
73.4934268,-40.21392,9.38187199999997,11.83915,0.792932,0.01554911,-0.361698,-37.78958,5.890051,57.38441
73.503424645,-55.84336,17.98796,20.31409,0.8013355,-0.01612014,-0.3358614,-37.78958,5.890051,57.38441
73.513423443,-65.0733400000002,27.78111,27.20378,0.7781736,-0.001810889,-0.3152459,-36.29649,6.277843,56.942
73.523421288,-72.3958,38.16777,33.60571,0.7521256,0.03536298,-0.3386603,-36.29649,6.277843,56.942
73.533419132,-80.02592,48.19832,38.72726,0.7669949,0.09977473,-0.3415743,-36.29649,6.277843,56.942
73.543417931,-85.5639099999999,59.17851,42.14162,0.7754399,0.1424807,-0.3660074,-36.29649,6.277843,56.942
73.553415775,-90.05584,69.4464599999999,44.09269,0.7858373,0.1589318,-0.39618,-36.29649,6.277843,56.942
73.563414097,-90.1788999999997,78.2899699999997,44.94628,0.7686659,0.1896568,-0.4531086,-36.258,4.742799,55.33761
73.573412418,-86.67151,85.5309600000001,45.7389,0.7512358,0.2082369,-0.5090764,-36.258,4.742799,55.33761
73.58341074,-81.5642499999997,92.2971299999998,46.28763,0.7386329,0.2037538,-0.5468608,-36.258,4.742799,55.33761
73.593408585,-73.2572599999999,97.2827299999998,46.40957,0.76234,0.159462,-0.6057556,-36.258,4.742799,55.33761
73.603407383,-59.7814899999997,102.0309,46.65346,0.7715473,0.1348205,-0.6631944,-36.258,4.742799,55.33761
73.613405228,-47.65944,107.0759,46.40957,0.782714,0.1618503,-0.7072498,-38.45472,2.800174,52.49305
73.623404026,-43.53671,110.0435,46.47055,0.7813625,0.2072915,-0.7302308,-38.45472,2.800174,52.49305
73.633401871,-41.81378,112.2989,46.47055,0.8095718,0.2360028,-0.7336375,-38.45472,2.800174,52.49305
73.643399715,-41.25998,113.7827,45.43404,0.8343302,0.240804,-0.7403819,-38.45472,2.800174,52.49305
73.653398514,-41.50612,115.2665,44.58045,0.8617638,0.2587434,-0.750963,-38.45472,2.800174,52.49305
73.663396358,-45.50578,116.0381,44.2756,0.8713006,0.2694778,-0.7667754,-42.51782,0.82932,47.95758
73.673394203,-50.7361,115.0291,45.55598,0.8855417,0.2625568,-0.8103489,-42.51782,0.82932,47.95758
73.683393001,-56.45869,114.851,46.7754,0.9446137,0.2562812,-0.8272004,-42.51782,0.82932,47.95758
73.693390846,-61.6890199999999,113.9014,47.75093,0.9580361,0.2682836,-0.8190911,-42.51782,0.82932,47.95758
73.703389168,-65.6886699999998,111.5273,48.60452,0.9470642,0.2296116,-0.8262407,-46.24998,1.136877,42.63873
73.713387489,-65.2579400000001,108.2036,50.43364,0.9706606,0.1926559,-0.8267508,-46.24998,1.136877,42.63873
73.723385811,-61.4428799999998,105.1766,51.65306,1.025814,0.215106,-0.7761237,-46.24998,1.136877,42.63873
73.733384132,-58.3662199999997,102.5651,50.67753,1.034088,0.268667,-0.7292514,-46.24998,1.136877,42.63873
73.743382454,-58.8584900000002,99.9535799999998,49.702,1.056138,0.315211,-0.6824015,-46.24998,1.136877,42.63873
73.753380299,-61.07368,98.11366,48.17773,1.062281,0.3007156,-0.6335936,-49.54046,1.073896,38.09914
73.763379097,-60.21222,96.7485599999997,46.16569,1.074896,0.2527611,-0.59101,-49.54046,1.073896,38.09914
73.773376942,-54.6127,95.9176300000001,43.42201,1.059639,0.2101661,-0.5397648,-49.54046,1.073896,38.09914
73.783374786,-45.62885,94.31511,40.49541,1.047263,0.1694052,-0.506711,-49.54046,1.073896,38.09914
73.793373585,-33.44526,92.2377800000003,37.02008,1.073976,0.1487708,-0.4828234,-49.54046,1.073896,38.09914
73.803371429,-21.38475,90.5759100000002,33.30086,1.093675,0.1645444,-0.4479257,-52.12846,0.2559052,33.63321
73.813369274,-14.30843,88.4985700000001,29.52067,1.091168,0.19564,-0.3900217,-52.12846,0.2559052,33.63321
73.823368072,-11.4779,85.4716000000003,25.74049,1.095736,0.2132251,-0.3369123,-52.12846,0.2559052,33.63321
73.833365917,-10.80103,81.3169400000001,22.14321,1.081542,0.1913712,-0.3048173,-52.12846,0.2559052,33.63321
73.843364239,-7.84743800000001,76.27199,18.48497,1.093928,0.1811445,-0.2809075,-52.12846,0.2559052,33.63321
73.85336256,-6.12450699999998,71.4050900000001,14.76575,1.048247,0.1759002,-0.2243545,-53.62877,0.977581,30.32851
73.863360882,-5.386109,64.5202200000002,11.59527,1.027712,0.2064597,-0.1860405,-53.62877,0.977581,30.32851
73.873359203,-5.324575,58.0508199999997,8.668674,0.9855595,0.1941704,-0.1634707,-53.62877,0.977581,30.32851
73.883357525,-4.401577,52.64975,5.010429,0.9673107,0.1283262,-0.1505004,-53.62877,0.977581,30.32851
73.89335537,3.843876,48.67314,0.7424754,0.9566599,0.09912594,-0.1322885,-53.62877,0.977581,30.32851
73.903354168,14.05839,47.42674,-4.013244,0.9263686,0.1034044,-0.1303224,-55.12121,1.318902,27.02585
73.913352013,23.16531,48.61379,-6.02527899999998,0.9089583,0.1746649,-0.111646,-55.12121,1.318902,27.02585
73.923349857,23.90371,49.74148,-5.171688,0.90102,0.2864457,-0.09299645,-55.12121,1.318902,27.02585
73.933348656,14.67372,51.04723,-2.184121,0.9069865,0.3323869,-0.07722568,-55.12121,1.318902,27.02585
73.9433465,0.705681,52.29364,0.01082622,0.9124345,0.2763008,-0.05807769,-55.12121,1.318902,27.02585
73.953344345,-6.12450699999998,53.89615,0.4985923,0.8986014,0.18281,-0.04893656,-55.85211,0.9122171,24.5713
73.963343143,-5.263042,56.4483,-0.1720861,0.8797403,0.09742391,-0.04601023,-55.85211,0.9122171,24.5713
73.973340988,-0.2173175,58.9411,-1.513443,0.8659549,0.07926822,-0.03545285,-55.85211,0.9122171,24.5713
73.98333931,4.459208,61.4932499999998,-3.464507,0.8551075,0.06011096,-0.03447186,-55.85211,0.9122171,24.5713
73.993337631,7.35127000000003,65.2917999999998,-4.622952,0.8529534,0.04496035,-0.03924996,-55.85211,0.9122171,24.5713
74.003335953,8.21273500000003,69.5651699999998,-5.110718,0.8347228,0.05584701,-0.03156377,-55.47282,1.271415,21.73404
74.013334274,8.64346799999999,72.7702000000001,-4.622952,0.8225256,0.05653843,-0.03584987,-55.47282,1.271415,21.73404
74.023332596,8.15120200000001,75.7378199999999,-2.91577,0.8351462,0.05926135,-0.03108681,-55.47282,1.271415,21.73404
74.033330441,2.305545,76.7467999999998,0.01082622,0.8331448,0.06219448,-0.02486259,-55.47282,1.271415,21.73404
74.043329239,-6.862906,77.3403300000002,2.998394,0.8468837,0.03145777,-0.01482853,-55.47282,1.271415,21.73404
74.053327084,-14.67763,76.1532800000002,5.376253,0.8599171,-0.01402026,-0.02106103,-56.55907,0.09412384,18.44227
74.063324928,-19.78489,74.1946600000002,6.90052199999999,0.8653961,-0.07222061,-0.02057701,-56.55907,0.09412384,18.44227
74.073323727,-21.32322,71.1676899999998,8.72964499999998,0.8572851,-0.1337806,-0.03921149,-56.55907,0.09412384,18.44227
74.083321571,-21.56935,67.72525,10.4978,0.858218,-0.184029,-0.0626504,-56.55907,0.09412384,18.44227
74.093319416,-20.70788,63.7486400000001,12.75372,0.8632469,-0.2185237,-0.07270039,-56.55907,0.09412384,18.44227
74.103318214,-20.46175,60.0094400000002,15.86322,0.8685442,-0.2149209,-0.06218188,-56.9239,0.4373436,14.37394
74.113316059,-19.53875,56.03283,18.78982,0.8609251,-0.1722077,-0.05117234,-56.9239,0.4373436,14.37394
74.123314381,-22.00008,52.94651,21.59447,0.820629,-0.1283279,-0.05446343,-56.9239,0.4373436,14.37394
74.133312702,-29.19947,49.02925,24.33816,0.8506451,-0.1180818,-0.06169704,-56.9239,0.4373436,14.37394
74.143311024,-34.12213,46.83322,26.10631,0.8960563,-0.1237651,-0.09048929,-56.9239,0.4373436,14.37394
74.153309345,-39.22939,44.93394,27.81349,0.935056,-0.1499792,-0.06566457,-57.66097,0.4077473,11.53036
74.163307667,-44.39818,44.16236,29.27679,0.9765406,-0.1792309,-0.05950788,-57.66097,0.4077473,11.53036
74.173305512,-46.42878,43.15337,31.47174,0.9947445,-0.2399244,-0.04038094,-57.66097,0.4077473,11.53036
74.18330431,-42.36758,40.66057,35.06901,0.9747106,-0.2897074,-0.07383352,-57.66097,0.4077473,11.53036
74.193302155,-35.96813,38.10842,38.42241,0.9286101,-0.2998072,-0.06896479,-57.66097,0.4077473,11.53036
74.203299999,-30.43013,36.68396,41.349,0.9072977,-0.2800766,-0.04404677,-57.66151,0.7739382,9.851329
74.213298798,-27.35347,36.3872,43.78783,0.9091534,-0.1959799,0.008093135,-57.66151,0.7739382,9.851329
74.223296642,-28.8918,35.25951,45.37307,0.8730846,-0.09020455,0.06842936,-57.66151,0.7739382,9.851329
74.233294487,-35.96813,31.2829,46.22666,0.8385222,-0.1181484,0.06323247,-57.66151,0.7739382,9.851329
74.243293285,-40.27545,27.06888,46.89734,0.8649232,-0.1751302,0.04549381,-57.67831,1.901929,8.297237
74.25329113,-43.47518,23.38903,47.87287,0.908245,-0.1721507,0.06503914,-57.67831,1.901929,8.297237
74.263289452,-48.39784,20.184,48.97034,0.9612634,-0.1929661,0.06543065,-57.67831,1.901929,8.297237
74.273287773,-54.4281,18.64084,51.47015,1.007234,-0.2281799,0.04765226,-57.67831,1.901929,8.297237
74.283286095,-58.3662199999997,17.92861,54.76257,1.026101,-0.2731576,0.03040221,-57.67831,1.901929,8.297237
74.293284416,-57.7508900000001,18.10667,58.5427600000003,1.005964,-0.2656278,-0.005936403,-57.35691,4.563964,7.89882
74.303282738,-56.88943,18.87825,61.9571200000001,0.9587476,-0.2421846,0.00275424,-57.35691,4.563964,7.89882
74.313280583,-54.48963,19.29372,63.9691600000002,0.9675641,-0.2179361,0.03144719,-57.35691,4.563964,7.89882
74.323279381,-47.47484,18.8189,63.1155700000001,0.9597662,-0.2174463,0.0486894,-57.35691,4.563964,7.89882
74.333277226,-34.36826,16.02934,60.7986800000002,0.9095209,-0.2153313,0.01671185,-57.35691,4.563964,7.89882
74.34327507,-21.93855,12.46819,57.56722,0.8911142,-0.1432414,0.02198971,-57.40043,6.839015,7.048148
74.353273869,-15.78522,8.72899499999998,54.76257,0.9354429,-0.09024709,0.03529892,-57.40043,6.839015,7.048148
74.363271713,-11.6625,5.82073000000003,52.50665,0.9386741,-0.1067579,0.02955462,-57.40043,6.839015,7.048148
74.373269558,-9.13963599999997,3.209226,50.25073,0.9415218,-0.1028755,0.02284859,-57.40043,6.839015,7.048148
74.383268356,-10.43183,0.597721199999998,48.78743,0.959285,-0.08905417,0.007978209,-57.40043,6.839015,7.048148
74.393266201,-14.67763,-2.013783,48.60452,0.9333334,-0.05657113,0.00275075,-56.34277,9.897382,7.87877
74.403264999,-19.16955,-5.218811,48.2387,0.918653,-0.07998116,-0.0278465,-56.34277,9.897382,7.87877
74.413262844,-19.60028,-7.53355299999998,47.01928,0.9170291,-0.07198471,-0.05321026,-56.34277,9.897382,7.87877
74.423261166,-19.66182,-9.25477200000002,44.2756,0.8982629,-0.006709501,-0.04840859,-56.34277,9.897382,7.87877
74.433259487,-18.43115,-13.05332,40.43444,0.8334782,0.04331858,-0.07032304,-56.34277,9.897382,7.87877
74.443257809,-16.15442,-17.92022,35.98357,0.8005066,0.05994174,-0.09419864,-56.38995,12.17951,7.866602
74.453255653,-10.06263,-22.90582,29.8865,0.8045667,0.07688954,-0.1095245,-56.38995,12.17951,7.866602
74.463254452,-1.263382,-27.89142,22.87486,0.798791,0.09842347,-0.1334488,-56.38995,12.17951,7.866602
74.473252297,8.88960099999997,-32.16478,15.55837,0.7815255,0.1346893,-0.1688426,-56.38995,12.17951,7.866602
74.483250141,16.21206,-36.49751,8.18090799999998,0.7588501,0.1995013,-0.2061487,-56.38995,12.17951,7.866602
74.49324894,19.96558,-40.71152,1.778978,0.7897272,0.2154773,-0.2263069,-55.71379,15.24815,10.24245
74.503246784,25.87277,-45.28166,-4.744893,0.770331,0.235779,-0.2492499,-55.71379,15.24815,10.24245
74.513244629,27.16497,-50.38596,-10.47614,0.7677537,0.2949252,-0.2588322,-55.71379,15.24815,10.24245
74.523243427,20.45785,-57.3301900000001,-15.04895,0.7569279,0.3261879,-0.2707858,-55.71379,15.24815,10.24245
74.533241272,12.70466,-63.8589499999998,-18.46332,0.7714075,0.2810357,-0.2975997,-55.71379,15.24815,10.24245
74.54324007,9.50493299999999,-68.6665000000002,-24.25554,0.7427045,0.276974,-0.3607206,-55.3697,16.40564,11.85166
74.553237915,3.597743,-72.3463399999997,-30.5965,0.7501952,0.3451582,-0.3602727,-55.3697,16.40564,11.85166
74.563236237,-30.98393,-51.63236,-25.71884,1.718559,-0.1156171,1.197837,-55.3697,16.40564,11.85166
74.573234558,-90.1788999999997,16.02934,10.80265,3.162323,0.1020725,3.54268,-55.3697,16.40564,11.85166
74.58323288,-138.421,49.08861,35.19096,2.737831,-0.3225533,1.976193,-55.3697,16.40564,11.85166
74.593230724,-129.0679,19.41242,20.25312,0.8383532,-1.467902,0.7211438,-55.01524,16.81279,14.69042
74.603229523,-70.6113399999998,-32.04608,-17.42681,0.7285638,-0.8574839,-0.09431557,-55.01524,16.81279,14.69042
74.613227368,-20.40022,-63.0873700000003,-30.29164,2.021238,-0.2721858,0.2693909,-55.01524,16.81279,14.69042
74.623225212,2.613211,-60.7132799999998,-35.90095,1.81374,0.3456321,0.260022,-55.01524,16.81279,14.69042
74.63322401,17.68885,-61.1880999999999,-36.26678,0.8938743,0.2456386,-0.3413545,-55.01524,16.81279,14.69042
74.643221855,25.68817,-59.2294700000002,-37.12037,0.7885782,0.08948223,-0.4507246,-55.37541,15.68634,16.75773
74.653220653,22.18078,-43.91655,-33.03533,1.094365,0.07702813,-0.4014826,-55.37541,15.68634,16.75773
74.663218498,2.920877,-31.98673,-27.60893,0.9658765,0.09116226,-0.5438779,-55.37541,15.68634,16.75773
74.673216343,-41.13692,-28.90041,-22.2435,1.009809,0.0872103,-0.5396463,-55.37541,15.68634,16.75773
74.683215141,-79.1029199999998,-25.27991,-15.53672,1.152824,-0.1034538,-0.3900521,-55.37541,15.68634,16.75773
74.693212986,-74.9186600000003,-21.3033,-12.54915,1.097728,-0.3339101,-0.3372534,-54.98949,14.57206,19.60461
74.703211307,-47.04411,-17.14864,-14.19536,1.065078,-0.2782796,-0.1883737,-54.98949,14.57206,19.60461
74.713209629,-20.70788,-16.91123,-16.08545,1.011253,-0.1620118,-0.164381,-54.98949,14.57206,19.60461
74.723207951,-11.41637,-20.82848,-15.96351,1.006224,0.08147367,-0.09743426,-54.98949,14.57206,19.60461
74.733205795,-28.95334,-22.49035,-15.04895,1.100058,0.2011827,0.08949458,-54.98949,14.57206,19.60461
74.743204594,-47.10564,-23.02452,-12.61012,1.004175,-0.06399113,0.1007373,-55.32859,12.67455,20.45048
74.753202438,-48.58244,-23.73675,-12.2443,0.9363739,-0.2944153,0.07842171,-55.32859,12.67455,20.45048
74.763200283,-38.55252,-23.20258,-14.07342,0.9610783,-0.3643844,0.07887524,-55.32859,12.67455,20.45048
74.773199081,-25.75361,-23.73675,-13.89051,0.9652937,-0.3036286,0.07119502,-55.32859,12.67455,20.45048
74.783196926,-28.64567,-24.50833,-14.68313,0.959212,-0.1092668,0.08264142,-55.32859,12.67455,20.45048
74.793195724,-38.06026,-26.34826,-16.8171,0.9751388,-0.02507384,0.00889125,-55.31207,11.5471,22.06907
74.803193569,-44.27511,-26.1702,-16.32934,1.015122,-0.05253869,0.001171404,-55.31207,11.5471,22.06907
74.813191414,-47.35178,-26.94178,-14.80507,0.9906477,-0.04824271,-0.06052335,-55.31207,11.5471,22.06907
74.823190212,-49.56697,-26.88243,-12.73206,0.9666067,-0.06587917,-0.07722706,-55.31207,11.5471,22.06907
74.833188057,-48.58244,-28.54429,-11.26876,0.9900229,-0.1987102,-0.1461486,-54.90704,9.665568,24.146
74.843186378,-44.95198,-28.72235,-9.378671,1.019864,-0.177754,-0.09786986,-54.90704,9.665568,24.146
74.8531847,-44.64431,-26.34826,-10.59809,1.02313,-0.1418814,-0.008391072,-54.90704,9.665568,24.146
74.863183022,-44.82891,-24.33027,-10.781,0.9880016,-0.1886898,0.1031904,-54.90704,9.665568,24.146
74.873181343,-40.27545,-22.37165,-11.45168,0.9999166,-0.1984038,0.1840515,-54.90704,9.665568,24.146
74.883179665,-36.82959,-20.41302,-11.87847,1.035967,-0.1960178,0.2605602,-54.89836,8.918477,25.76256
74.893177509,-29.6302,-20.35367,-11.69556,1.020162,-0.2102776,0.2763845,-54.89836,8.918477,25.76256
74.903176308,-21.69242,-17.97957,-11.51265,1.112887,-0.3217358,0.2690729,-54.89836,8.918477,25.76256
74.913174152,-4.093911,-20.70978,-12.00041,0.9961935,-0.6536681,-0.01299809,-54.89836,8.918477,25.76256
74.923171997,39.65622,-38.51549,-22.30447,0.8289394,-0.7122257,-0.5271608,-54.89836,8.918477,25.76256
74.933170795,80.2066100000001,-45.63777,-28.82834,0.9642509,-0.2070772,-0.3672037,-53.72893,6.648593,26.23458
74.94316864,77.8683500000002,-41.12699,-28.95029,1.151201,0.3272167,-0.1078004,-53.72893,6.648593,26.23458
74.953166485,52.33206,-40.29606,-22.97515,0.9917224,0.2277466,-0.2247479,-53.72893,6.648593,26.23458
74.963165283,33.62596,-41.42376,-20.96312,1.016838,-0.04819841,-0.3242644,-53.72893,6.648593,26.23458
74.973163128,39.04088,-39.82124,-20.10953,1.044969,-0.1183401,-0.2970166,-53.72893,6.648593,26.23458
74.983161449,46.1172,-37.68456,-20.47535,1.038318,-0.1270781,-0.2816883,-53.7534,7.426194,28.23003
74.993159771,47.0402,-34.53888,-19.68273,1.005231,-0.1048101,-0.3256653,-53.7534,7.426194,28.23003
75.003158092,46.17874,-36.20074,-19.86564,0.9234379,-0.03283589,-0.4083349,-53.7534,7.426194,28.23003
75.013156414,37.19489,-35.36981,-19.92661,0.9291838,0.1816622,-0.3461853,-53.7534,7.426194,28.23003
75.023154736,17.68885,-32.10543,-20.29244,1.005762,0.1522328,-0.3290825,-53.7534,7.426194,28.23003
75.03315258,10.48946,-28.72235,-17.12196,1.002224,-0.02515944,-0.4300102,-53.35874,6.295022,29.0774
75.043151379,11.59706,-24.15222,-14.43924,0.9727883,0.01185633,-0.4103468,-53.35874,6.295022,29.0774
75.053149223,8.33580199999998,-20.0569,-12.854,0.9738868,0.0593399,-0.3218243,-53.35874,6.295022,29.0774
75.063147068,1.936346,-18.03892,-10.84197,1.008247,-0.004649996,-0.273053,-53.35874,6.295022,29.0774
75.073145866,-1.694115,-16.02094,-7.85440200000002,0.9993859,-0.07618734,-0.21224,-53.35874,6.295022,29.0774
75.083143711,1.136414,-15.42742,-7.12275300000002,0.9524978,-0.1479515,-0.2001754,-51.85727,5.936269,30.31605
75.093141556,5.87447300000001,-16.199,-8.15925599999997,0.9761649,-0.08474921,-0.1949686,-51.85727,5.936269,30.31605
75.103140354,9.87413200000002,-16.97058,-10.04935,0.96092,-0.025941,-0.2141002,-51.85727,5.936269,30.31605
75.113138199,10.3664,-17.50475,-11.08585,0.9469371,0.04362234,-0.2289296,-51.85727,5.936269,30.31605
75.123136997,4.397675,-17.4454,-10.84197,0.9680689,0.06008031,-0.2284921,-51.85727,5.936269,30.31605
75.133134842,-0.0942510000000003,-16.85188,-10.3542,0.9892123,-0.002341947,-0.245263,-51.84155,5.175557,30.32011
75.143133163,-1.509515,-15.96159,-9.25672899999999,0.9784033,-0.0762134,-0.275854,-51.84155,5.175557,30.32011
75.153131485,-1.571049,-14.83389,-7.85440200000002,0.9693779,-0.08849201,-0.2705708,-51.84155,5.175557,30.32011
75.163129807,-6.30910700000001,-13.58749,-6.14722099999998,0.9692643,-0.1076643,-0.2413725,-51.84155,5.175557,30.32011
75.173127651,-11.04717,-12.81591,-4.50101,0.9727018,-0.238034,-0.2107161,-51.84155,5.175557,30.32011
75.18312645,-5.632242,-12.34109,-3.037712,0.9703014,-0.3705997,-0.2480067,-51.46429,4.808365,31.55042
75.193124294,0.890280700000001,-13.46879,-1.818297,0.9334171,-0.2745295,-0.2374384,-51.46429,4.808365,31.55042
75.203122139,-8.70890300000002,-14.47778,0.01082622,0.8997754,0.03926361,-0.1785958,-51.46429,4.808365,31.55042
75.213120937,-24.39988,-16.97058,0.3766508,0.9216636,0.06666753,-0.2049626,-51.46429,4.808365,31.55042
75.223118782,-23.35381,-17.68281,-0.3549984,1.009725,0.02230871,-0.1979261,-51.46429,4.808365,31.55042
75.23311758,-16.15442,-16.79252,-0.2330568,1.048653,0.1033854,-0.1841361,-51.81715,3.667754,31.94073
75.243115425,-15.66216,-17.4454,-0.2330568,1.046174,0.1578715,-0.1721815,-51.81715,3.667754,31.94073
75.25311327,-17.50816,-17.08928,-0.7817937,1.055458,0.07894735,-0.1611701,-51.81715,3.667754,31.94073
75.263112068,-15.16989,-16.02094,-1.879267,1.060728,-0.09859355,-0.1912838,-51.81715,3.667754,31.94073
75.273109913,-4.216978,-14.29972,-1.086647,1.080662,-0.2268129,-0.2267002,-51.81715,3.667754,31.94073
75.283108234,5.013007,-14.18102,-0.903735200000002,0.9971108,-0.1115096,-0.243813,-51.07133,3.680461,32.78479
75.293106556,0.02881546,-14.77454,-2.306063,0.9860125,0.03925078,-0.2069821,-51.07133,3.680461,32.78479
75.303104878,-8.955036,-15.0713,-2.428004,1.028992,0.0336511,-0.2214128,-51.07133,3.680461,32.78479
75.313102722,-11.60097,-13.35009,-1.757326,1.073744,-0.01406327,-0.2219571,-51.07133,3.680461,32.78479
75.323101521,-6.678307,-9.373476,-1.025677,1.08438,-0.08790488,-0.2425354,-51.07133,3.680461,32.78479
75.333099365,0.951813900000003,-5.99039199999999,-1.208589,1.095657,-0.1692457,-0.2343984,-51.116,5.592592,34.00016
75.343098164,9.19726699999998,-4.743992,-2.306063,1.10563,-0.2580627,-0.1908424,-51.116,5.592592,34.00016
75.353096008,21.01165,-2.310545,-4.440039,1.090422,-0.4350758,-0.2252278,-51.116,5.592592,34.00016
75.363093853,37.87175,-2.251192,-5.3546,1.073826,-0.4605771,-0.2677856,-51.116,5.592592,34.00016
75.373092651,51.03986,-1.479612,-6.57401600000003,1.039264,-0.3843759,-0.2562592,-50.79219,5.207498,33.166
75.383090496,56.02406,-2.310545,-7.73246000000002,0.996913,-0.1776664,-0.1978523,-50.79219,5.207498,33.166
75.393088341,41.87141,-4.150468,-8.28119799999998,0.9705335,0.03385402,-0.1791963,-50.79219,5.207498,33.166
75.403087139,28.08797,-7.236791,-9.50061200000003,0.9843373,-0.001790024,-0.2275473,-50.79219,5.207498,33.166
75.413084984,29.87243,-7.47420100000002,-11.02488,1.009679,-0.08091891,-0.2735144,-50.79219,5.207498,33.166
75.423083305,36.39495,-6.64326800000002,-12.2443,1.006185,-0.04951485,-0.2328375,-50.02448,4.082406,34.40315
75.433081627,38.11789,-5.931039,-12.00041,1.006369,-0.1376377,-0.2514796,-50.02448,4.082406,34.40315
75.443079949,39.65622,-5.87168699999998,-11.14682,1.018574,-0.2942855,-0.2438033,-50.02448,4.082406,34.40315
75.45307827,44.88654,-7.05873399999998,-11.32973,1.017946,-0.3096795,-0.1193685,-50.02448,4.082406,34.40315
75.463076592,54.30112,-9.373476,-10.47614,1.039519,-0.2387479,-0.1146386,-50.02448,4.082406,34.40315
75.473074436,41.80988,-12.81591,-7.85440200000002,1.020236,0.06178743,-0.1017608,-50.7863,4.830956,33.61953
75.483073235,20.58092,-17.08928,-7.06178199999999,0.9962857,0.09057068,-0.1438412,-50.7863,4.830956,33.61953
75.493071079,6.612871,-19.46338,-6.93983999999998,1.073732,0.03993397,-0.1626276,-50.7863,4.830956,33.61953
75.503068924,5.99753899999999,-19.04791,-8.15925599999997,1.109069,0.05218066,-0.1751353,-50.7863,4.830956,33.61953
75.513067722,0.02881546,-18.45439,-7.48857699999998,1.099936,-0.007013623,-0.1985544,-50.7863,4.830956,33.61953
75.523065567,1.013347,-15.13066,-6.57401600000003,1.107483,-0.02173322,-0.2832717,-49.66207,4.839393,33.62787
75.533063889,-3.170913,-11.92563,-4.440039,1.078772,0.05243709,-0.3468914,-49.66207,4.839393,33.62787
75.54306221,-9.26270200000001,-9.07671499999999,-2.610917,1.007229,0.07244357,-0.3955866,-49.66207,4.839393,33.62787
75.553060055,-11.6625,-4.44723,-3.281595,0.9722648,0.1427826,-0.4395728,-49.66207,4.839393,33.62787
75.563058376,-19.60028,-0.2332119,-2.793829,1.018206,0.2146212,-0.3884637,-49.66207,4.839393,33.62787
75.573056698,-23.66148,4.099511,-1.452472,1.004701,0.1036211,-0.3817115,-48.94939,6.376791,34.85083
75.58305502,-20.52328,8.076119,-1.147618,0.9541191,0.04680864,-0.3739515,-48.94939,6.376791,34.85083
75.593053341,-16.46209,10.68762,-0.659852100000001,0.9516156,0.05157568,-0.3256121,-48.94939,6.376791,34.85083
75.603051663,-18.67729,12.7056,0.681504599999997,0.9731418,0.02233755,-0.2749131,-48.94939,6.376791,34.85083
75.613049507,-23.78455,15.25776,3.425189,0.9660473,-0.01609206,-0.3170055,-48.94939,6.376791,34.85083
75.623048305,-30.7378,15.37646,6.22984400000002,0.9111139,-0.02222885,-0.2848436,-48.19625,6.375334,34.01788
75.63304615,-36.46039,14.96099,7.51023000000002,0.8803314,-0.04295706,-0.2531986,-48.19625,6.375334,34.01788
75.643043995,-32.70687,14.24877,7.69314200000002,0.8366517,-0.07911488,-0.2866134,-48.19625,6.375334,34.01788
75.653042793,-25.93821,12.46819,6.04693200000002,0.8109823,-0.03606714,-0.3062014,-48.19625,6.375334,34.01788
75.663040638,-21.01555,9.38187199999997,4.949458,0.783273,-0.03949515,-0.3023236,-48.19625,6.375334,34.01788
75.673038959,-14.55456,6.41425300000001,3.973926,0.7296628,-0.03989826,-0.3366875,-48.50442,3.322593,33.19283
75.683037281,-12.46243,2.615702,3.851984,0.7012821,-0.03444879,-0.3701397,-48.50442,3.322593,33.19283
75.693035126,-11.53943,-1.479612,5.254312,0.6857427,-0.03865305,-0.4241907,-48.50442,3.322593,33.19283
75.703033924,-13.8777,-5.218811,7.26634699999998,0.6829273,0.03308785,-0.4376044,-48.50442,3.322593,33.19283
75.713031769,-22.43081,-9.49218100000001,9.46129399999998,0.7113205,0.02726234,-0.3921876,-48.50442,3.322593,33.19283
75.72303009,-26.79967,-13.46879,9.76614900000002,0.7259994,-0.05426567,-0.4118139,-48.51845,4.080035,32.80177
75.733028412,-17.50816,-16.37706,7.69314200000002,0.6894649,-0.05734891,-0.5103361,-48.51845,4.080035,32.80177
75.743026733,-11.04717,-19.81949,5.0714,0.6508863,-0.05266048,-0.4987842,-48.51845,4.080035,32.80177
75.753024578,-4.093911,-23.14323,4.949458,0.723565,-0.08069497,-0.4271172,-48.51845,4.080035,32.80177
75.763023376,6.24367199999998,-23.97416,4.33975,0.8020613,-0.08229569,-0.3999748,-48.51845,4.080035,32.80177
75.773021221,9.25880099999997,-25.22056,3.242276,0.8651381,0.1146368,-0.3632851,-48.4828,2.185339,33.65041
75.783019066,2.428612,-27.5353,3.730042,0.8302585,0.1814672,-0.366113,-48.4828,2.185339,33.65041
75.793017864,-6.24757399999999,-28.01012,3.059364,0.8127872,0.1015821,-0.2961899,-48.4828,2.185339,33.65041
75.803015709,-2.186381,-29.43458,5.437224,0.9010795,-0.0853592,-0.3116101,-48.4828,2.185339,33.65041
75.813014507,5.44374,-29.61263,6.59566799999998,0.9860502,-0.1219172,-0.3481206,-48.4828,2.185339,33.65041
75.823012352,1.44408,-31.09644,7.44925899999998,1.000047,-0.08769402,-0.3026891,-47.39539,3.725552,34.87614
75.833010673,-3.417045,-32.10543,7.26634699999998,0.9653645,-0.1357919,-0.3327665,-47.39539,3.725552,34.87614
75.843008995,-8.89350299999999,-32.46155,6.35178600000003,0.9022598,-0.2015207,-0.3694899,-47.39539,3.725552,34.87614
75.85300684,-6.001441,-33.64859,6.96149300000002,0.8533307,-0.322109,-0.4311099,-47.39539,3.725552,34.87614
75.863005161,11.1048,-34.77629,6.473727,0.8258053,-0.3111052,-0.4966297,-47.39539,3.725552,34.87614
75.873003483,19.96558,-33.52989,3.973926,0.7620727,-0.006808926,-0.5607262,-46.60828,1.832667,35.27885
75.883001804,5.87447300000001,-34.95435,2.388686,0.6977012,0.2319895,-0.4529958,-46.60828,1.832667,35.27885
75.892999649,-12.4009,-34.59823,5.437224,0.7772292,-0.00475492,-0.3693226,-46.60828,1.832667,35.27885
75.902998447,-9.75496900000002,-33.29248,11.47333,0.9772155,-0.2749581,-0.3786946,-46.60828,1.832667,35.27885
75.912996292,5.320673,-31.15579,16.35099,1.046801,-0.1639692,-0.2955723,-46.60828,1.832667,35.27885
75.92299509,10.48946,-32.10543,16.16808,0.9952038,0.1446395,-0.2864688,-45.90715,3.757504,37.33828
75.932992935,-23.90761,-33.52989,16.16808,0.9608592,0.3652969,-0.2611012,-45.90715,3.757504,37.33828
75.94299078,-57.3816899999997,-35.19176,18.91176,0.9260083,0.1198955,-0.2389628,-45.90715,3.757504,37.33828
75.952989578,-51.04377,-36.85362,20.37506,0.8732824,-0.2656453,-0.3048151,-45.90715,3.757504,37.33828
75.962987423,-23.29228,-38.39678,21.16768,0.8891081,-0.2281881,-0.387646,-45.5709,5.295361,38.94546
75.972985744,-15.04683,-39.16837,20.98477,0.8674795,-0.01108027,-0.4058501,-45.5709,5.295361,38.94546
75.982984066,-22.98461,-41.77987,21.71642,0.8639332,-0.08155484,-0.3996043,-45.5709,5.295361,38.94546
75.992981911,-35.47586,-39.64318,23.78942,0.9517301,-0.2679937,-0.4121523,-45.5709,5.295361,38.94546
76.002980709,-45.13658,-38.10002,28.97194,1.029184,-0.421741,-0.3878404,-45.5709,5.295361,38.94546
76.012978554,-26.12281,-37.03168,28.60611,1.006156,-0.7535872,-0.4384439,-44.81274,4.553895,40.56758
76.022976875,19.59638,-32.99572,24.09428,0.9866238,-0.5962131,-0.4571148,-44.81274,4.553895,40.56758
76.032975197,49.13233,-30.14681,20.9238,1.005338,-0.3212512,-0.4533896,-44.81274,4.553895,40.56758
76.042973518,55.83945,-27.29789,20.07021,1.069227,-0.1403861,-0.3688396,-44.81274,4.553895,40.56758
76.052971363,60.7621099999999,-27.23854,20.61894,0.9887255,0.202806,-0.3415088,-44.81274,4.553895,40.56758
76.062970161,33.74902,-30.38422,26.41117,1.080182,0.6032623,-0.2163844,-43.33853,5.34329,42.63866
76.072968006,-12.7701,-36.31945,34.4593,1.173536,0.6144361,-0.2060213,-43.33853,5.34329,42.63866
76.082965851,-55.65876,-43.26368,37.75173,1.208245,0.4543419,-0.1457401,-43.33853,5.34329,42.63866
76.092964649,-86.3023100000001,-49.55503,37.32493,1.162205,0.07864077,-0.1067984,-43.33853,5.34329,42.63866
76.102962494,-81.5642499999997,-54.30322,35.06901,1.18083,-0.2405585,-0.1928924,-43.33853,5.34329,42.63866
76.112961292,-63.5350200000001,-52.81941,34.21542,1.161147,-0.3155951,-0.4905131,-42.63988,7.638131,43.47056
76.122959137,-53.38203,-49.73309,35.80066,1.142123,-0.03009785,-0.5283609,-42.63988,7.638131,43.47056
76.132957459,-55.96643,-45.40036,33.97154,1.017054,0.01005614,-0.649233,-42.63988,7.638131,43.47056
76.14295578,-51.4745,-42.55145,30.19135,0.9679406,0.08248051,-0.6472517,-42.63988,7.638131,43.47056
76.152953625,-49.0747,-39.9993,25.31369,0.9455545,0.1067906,-0.650569,-42.63988,7.638131,43.47056
76.162951946,-48.95164,-46.2313,26.65505,0.9802542,0.1818358,-0.5434477,-39.98443,5.769661,45.11267
76.172950268,-57.07402,-50.50467,27.69155,1.015016,0.3583135,-0.3975881,-39.98443,5.769661,45.11267
76.182948589,-76.5800600000001,-52.10718,29.21582,1.00177,0.6238847,-0.3421185,-39.98443,5.769661,45.11267
76.192946434,-116.0229,-57.09278,33.11795,1.070155,0.7470423,-0.2542115,-39.98443,5.769661,45.11267
76.202945232,-157.1886,-61.4255099999999,37.56881,1.255108,0.6822586,-0.1927809,-39.98443,5.769661,45.11267
76.212943077,-190.7857,-65.5208199999999,40.19056,1.397849,0.4509953,-0.1776557,-38.48045,5.040903,47.57886
76.222941876,-203.4001,-70.6844799999999,43.60492,1.478882,0.07817904,-0.2571446,-38.48045,5.040903,47.57886
76.23293972,-191.7087,-75.4326600000002,45.55598,1.359684,-0.01202798,-0.3516717,-38.48045,5.040903,47.57886
76.242937565,-179.9559,-79.6466800000002,45.92181,1.207832,-0.05063536,-0.4719982,-38.48045,5.040903,47.57886
76.252936363,-174.6025,-85.2258100000001,47.56802,1.123199,-0.1128459,-0.5555855,-38.48045,5.040903,47.57886
76.262934208,-170.5413,-90.6268699999998,50.00685,1.089771,-0.1527169,-0.6981326,-36.89249,0.4982347,48.83982
76.27293253,-170.4182,-93.1790200000002,55.18937,1.109453,-0.3464829,-0.7799535,-36.89249,0.4982347,48.83982
76.282930851,-159.4653,-93.4757800000003,60.6157600000001,1.114877,-0.4810088,-0.8359217,-36.89249,0.4982347,48.83982
76.292928696,-144.1436,-93.1196700000001,63.1765400000001,1.107886,-0.551877,-0.9182064,-36.89249,0.4982347,48.83982
76.302927017,-126.0528,-89.2617599999998,64.6398399999999,1.011769,-0.4414445,-0.9094529,-36.89249,0.4982347,48.83982
76.312925339,-117.0074,-82.7923599999999,63.9691600000002,0.9074275,-0.253264,-0.7772324,-34.13931,-5.941043,49.73227
76.32292366,-124.6375,-69.5567799999999,67.9932299999998,0.792725,-0.1852789,-0.5348905,-34.13931,-5.941043,49.73227
76.332921982,-138.9132,-54.54063,74.3951599999997,0.6129977,-0.1370612,-0.5063537,-34.13931,-5.941043,49.73227
76.342920303,-153.4351,-40.35541,80.7970900000003,0.6309033,-0.07520492,-0.3704851,-34.13931,-5.941043,49.73227
76.352918148,-172.0796,-21.60007,81.5897099999999,0.6828807,0.0432009,-0.1294039,-34.13931,-5.941043,49.73227
76.362916946,-182.4787,-8.48319099999998,79.3947599999998,0.5771341,-0.06052908,-0.1378072,-29.91257,-10.79842,48.95038
76.372914791,-172.2642,1.725416,80.4312599999998,0.5362298,-0.297905,-0.2343471,-29.91257,-10.79842,48.95038
76.382912636,-142.3591,15.61387,81.4067899999997,0.6007221,-0.38523,-0.2516658,-29.91257,-10.79842,48.95038
76.392911434,-110.9771,31.93577,80.9800000000001,0.6919607,-0.2862075,-0.1953784,-29.91257,-10.79842,48.95038
76.402909279,-91.4711000000003,48.19832,78.0534100000002,0.7332648,-0.07102884,-0.1356838,-29.91257,-10.79842,48.95038
76.4129076,-79.4105899999998,62.6802900000002,73.4806000000003,0.7321473,0.01296777,-0.1940898,-29.06587,-14.99741,46.52724
76.422905922,-70.4882699999998,76.0939300000001,68.42002,0.7176736,0.05522002,-0.2716047,-29.06587,-14.99741,46.52724
76.432903767,-62.6735499999999,86.9554099999999,64.6398399999999,0.7416919,0.1506233,-0.3061287,-29.06587,-14.99741,46.52724
76.442902565,-59.2892199999999,96.0956799999997,58.9695499999999,0.7896356,0.2172375,-0.3521727,-29.06587,-14.99741,46.52724
76.45290041,-63.8426799999998,104.9985,50.7385,0.7637721,0.3224643,-0.3736906,-29.06587,-14.99741,46.52724
76.462898731,-75.9647299999999,109.1532,43.23909,0.7665815,0.3531069,-0.4296968,-31.60472,-18.10135,41.62197
76.472897053,-83.7179100000002,110.7557,40.12959,0.837693,0.1965965,-0.5341101,-31.60472,-18.10135,41.62197
76.482895374,-71.5958699999998,112.655,38.48338,0.8650234,-0.01485783,-0.6006253,-31.60472,-18.10135,41.62197
76.492893219,-42.12145,113.4266,36.53231,0.8918777,-0.148277,-0.6350953,-31.60472,-18.10135,41.62197
76.502892017,-10.1857,113.4859,32.69115,0.9506053,-0.136019,-0.6438152,-35.70626,-17.80696,35.07482
76.512889862,12.39699,112.1208,28.30126,0.9913971,-0.07627381,-0.6285872,-35.70626,-17.80696,35.07482
76.522888661,24.02678,107.8475,23.78942,1.027383,-0.0463888,-0.6267434,-35.70626,-17.80696,35.07482
76.532886505,30.98003,103.0399,19.15564,1.042576,-0.02528527,-0.6368254,-35.70626,-17.80696,35.07482
76.54288435,33.62596,97.22337,15.43643,1.082418,0.03289563,-0.6311669,-35.70626,-17.80696,35.07482
76.552883148,30.7339,91.8816599999998,13.42439,1.067088,0.07111813,-0.6163141,-38.68078,-17.87468,29.69905
76.562880993,23.96524,86.4212399999998,13.79022,1.047345,0.08500021,-0.5966617,-38.68078,-17.87468,29.69905
76.572879315,20.27325,81.6137000000002,15.37546,1.04353,0.08055575,-0.5961753,-38.68078,-17.87468,29.69905
76.582877636,20.45785,78.5867299999998,16.89973,1.033112,0.09061609,-0.5894597,-38.68078,-17.87468,29.69905
76.592875481,21.19625,76.6281099999999,18.36302,1.039591,0.1350789,-0.5770394,-38.68078,-17.87468,29.69905
76.602873802,21.31931,74.90688,19.76535,1.027735,0.169171,-0.5961706,-39.83272,-15.63857,25.22802
76.612872124,19.65792,73.8385399999998,21.10671,1.013235,0.2144797,-0.6052499,-39.83272,-15.63857,25.22802
76.622870445,13.44306,72.5921400000002,21.28962,0.9874616,0.2378781,-0.5946824,-39.83272,-15.63857,25.22802
76.632868767,7.96660199999998,71.4050900000001,21.35059,0.951876,0.2130096,-0.5802567,-39.83272,-15.63857,25.22802
76.642867088,7.720469,70.15869,20.61894,0.9320365,0.1795297,-0.5849992,-39.83272,-15.63857,25.22802
76.652864933,8.95113399999999,69.7432299999997,18.30205,0.9023501,0.178252,-0.5543182,-40.94256,-15.6748,21.93016
76.662863731,10.61253,68.9716500000002,14.70478,0.8771443,0.19724,-0.5490149,-40.94256,-15.6748,21.93016
76.672861576,12.0278,68.6748900000001,11.5343,0.8789437,0.1793132,-0.5470991,-40.94256,-15.6748,21.93016
76.682859421,15.04292,68.8529399999997,8.85158600000001,0.8644723,0.1718917,-0.5303218,-40.94256,-15.6748,21.93016
76.692858219,17.99652,68.4374800000001,7.14440499999997,0.8577458,0.1933727,-0.5049511,-40.94256,-15.6748,21.93016
76.702856064,17.87345,67.25043,6.22984400000002,0.8517937,0.2255817,-0.4771915,-40.57112,-14.93524,19.09087
76.712854385,15.16599,66.1820800000001,6.473727,0.8676168,0.2396235,-0.4638226,-40.57112,-14.93524,19.09087
76.722852707,10.61253,65.4698599999997,7.26634699999998,0.8826137,0.2459441,-0.442793,-40.57112,-14.93524,19.09087
76.732850552,5.505273,64.7576300000002,8.24187900000002,0.9149203,0.2383959,-0.4347116,-40.57112,-14.93524,19.09087
76.74284935,1.628679,65.23244,8.97352800000002,0.9353715,0.2136977,-0.416555,-40.57112,-14.93524,19.09087
76.752847195,-1.632582,65.5292099999998,9.70517700000002,0.9349048,0.2127824,-0.4093753,-40.95873,-13.81769,16.631
76.762845516,-5.570708,66.3601500000003,9.58323599999998,0.93622,0.1949382,-0.3974086,-40.95873,-13.81769,16.631
76.772843838,-8.33970399999999,67.01302,8.30284999999999,0.9529123,0.1885569,-0.387386,-40.95873,-13.81769,16.631
76.782842159,-9.75496900000002,67.6658900000002,6.83955100000002,0.9691516,0.180144,-0.3859764,-40.95873,-13.81769,16.631
76.792840004,-8.64737,68.9122899999998,5.80304899999998,1.007218,0.176969,-0.3903491,-40.95873,-13.81769,16.631
76.802838802,-9.44730199999998,72.0579700000001,5.010429,1.013663,0.1977735,-0.3611726,-40.93818,-14.22256,13.73051
76.812836647,-10.12417,74.4914199999997,4.522663,1.03238,0.213304,-0.3506805,-40.93818,-14.22256,13.73051
76.822835445,-11.90863,77.6964399999998,3.973926,1.052225,0.1949022,-0.3334816,-40.93818,-14.22256,13.73051
76.83283329,-12.64703,80.4266500000002,3.425189,1.06202,0.1928678,-0.3114837,-40.93818,-14.22256,13.73051
76.842831135,-12.09323,82.6226899999998,3.181306,1.080918,0.2242756,-0.3187034,-40.93818,-14.22256,13.73051
76.852829933,-16.33902,84.8780800000001,3.608101,1.145558,0.2597836,-0.295375,-40.18414,-13.86055,10.89603
76.862827778,-25.13828,86.3618900000002,3.912955,1.181996,0.2916345,-0.2920967,-40.18414,-13.86055,10.89603
76.872826099,-34.30673,86.8367099999997,4.705575,1.189868,0.261666,-0.2916241,-40.18414,-13.86055,10.89603
76.882824421,-41.19845,87.4895900000002,5.559165,1.197146,0.2119245,-0.2734381,-40.18414,-13.86055,10.89603
76.892822266,-43.04445,88.2611699999998,6.16887299999999,1.20022,0.1779693,-0.2734347,-40.18414,-13.86055,10.89603
76.902820587,-43.65978,89.8636800000001,7.32731800000001,1.204317,0.1945206,-0.2260671,-41.28838,-14.27278,8.116205
76.912818909,-48.21324,90.8726700000003,7.937025,1.187036,0.2069935,-0.2064185,-41.28838,-14.27278,8.116205
76.92281723,-51.53603,92.0003700000002,9.40032399999997,1.206717,0.1965556,-0.221286,-41.28838,-14.27278,8.116205
76.932815552,-58.7969600000003,94.8492800000002,12.14401,1.191909,0.2592084,-0.1930404,-41.28838,-14.27278,8.116205
76.942813873,-75.3494000000003,95.0273400000001,14.82672,1.146121,0.3111188,-0.1566021,-41.28838,-14.27278,8.116205
76.952811718,-98.0551599999998,94.5525200000001,16.89973,1.12302,0.2963078,-0.1321507,-41.6507,-14.29956,5.275411
76.962810516,-118.6688,93.12806,18.72885,1.128587,0.2339112,-0.1125227,-41.6507,-14.29956,5.275411
76.972808361,-133.2522,90.9913800000001,19.88729,1.090962,0.1866656,-0.1492953,-41.6507,-14.29956,5.275411
76.982806206,-142.8513,88.9140400000001,20.86283,1.076513,0.1535608,-0.07173225,-41.6507,-14.29956,5.275411
76.992805004,-153.1274,84.40326,20.43603,0.9861412,0.1396838,-0.06534964,-41.6507,-14.29956,5.275411
77.002802849,-160.2653,77.2809800000002,18.85079,0.9142264,0.1027322,-0.07143625,-42.76135,-13.96905,0.3630171
77.012801647,-161.0652,69.6245199999999,16.47293,0.8665586,0.0464852,-0.06128857,-42.76135,-13.96905,0.3630171
77.022799492,-158.4193,61.7900099999999,12.44886,0.8245468,0.02626576,-0.05594579,-42.76135,-13.96905,0.3630171
77.032797337,-154.7888,53.48068,8.48576300000002,0.8238979,0.03430778,-0.0784398,-42.76135,-13.96905,0.3630171
77.042796135,-149.0662,46.29905,5.437224,0.8441961,0.01716228,-0.08421368,-42.76135,-13.96905,0.3630171
77.05279398,-139.5901,40.66057,2.69354,0.8033286,-0.01236394,-0.08939918,-42.3784,-13.61693,-3.312748
77.062792301,-126.8527,35.25951,-0.903735200000002,0.7574556,-0.03462975,-0.08692059,-42.3784,-13.61693,-3.312748
77.072790623,-110.3003,30.74873,-4.988776,0.7408007,-0.05580604,-0.08162177,-42.3784,-13.61693,-3.312748
77.082788944,-90.2404399999999,26.59406,-9.378671,0.6883835,-0.0670815,-0.08535609,-42.3784,-13.61693,-3.312748
77.092786789,-70.3036699999999,23.09227,-14.07342,0.6833333,-0.03171194,-0.08583497,-43.52335,-12.12465,-5.780213
77.102785587,-53.44357,20.184,-17.91458,0.684032,0.009234998,-0.07340376,-43.52335,-12.12465,-5.780213
77.112783432,-39.96778,17.5725,-20.71923,0.6808031,0.02582043,-0.0595237,-43.52335,-12.12465,-5.780213
77.12278223,-30.79933,16.20739,-23.15806,0.6677958,0.04415642,-0.04562704,-43.52335,-12.12465,-5.780213
77.132780075,-23.41535,14.96099,-24.92622,0.6735623,0.0487491,-0.03415245,-43.52335,-12.12465,-5.780213
77.14277792,-19.90795,12.82431,-26.14563,0.6549873,0.051753,-0.03747087,-43.90229,-11.75419,-6.623526
77.152776718,-18.12349,10.33151,-27.60893,0.676361,0.05572601,-0.02123757,-43.90229,-11.75419,-6.623526
77.162774563,-17.87736,6.59230999999998,-28.7064,0.6861477,0.02781371,-0.01263308,-43.90229,-11.75419,-6.623526
77.172772884,-18.55422,3.090521,-29.62096,0.7484404,0.007011325,0.02219974,-43.90229,-11.75419,-6.623526
77.182771206,-17.44662,0.2416071,-30.29164,0.7793603,-0.004399123,0.03602748,-43.90229,-11.75419,-6.623526
77.192769051,-17.20049,-2.547954,-30.29164,0.7597072,0.03023109,0.03940286,-44.64024,-12.14725,-7.465563
77.202767849,-22.30775,-6.16844799999999,-29.92582,0.7947037,0.03551092,0.06279072,-44.64024,-12.14725,-7.465563
77.212765694,-26.30741,-8.48319099999998,-29.62096,0.885613,0.02146395,0.08369321,-44.64024,-12.14725,-7.465563
77.222764015,-28.5226,-8.42383900000002,-29.1332,0.9140695,0.03786141,0.1147468,-44.64024,-12.14725,-7.465563
77.232762337,-31.6608,-8.00837199999998,-27.73087,0.9374064,0.06720797,0.1381488,-44.64024,-12.14725,-7.465563
77.242760658,-35.90659,-7.236791,-26.45049,0.9240928,0.02371367,0.1400975,-43.50814,-12.51917,-7.455194
77.252758503,-36.64499,-6.16844799999999,-25.35301,0.9732782,-0.02699545,0.1213604,-43.50814,-12.51917,-7.455194
77.262757301,-34.18366,-3.378887,-25.10913,1.006721,-0.01693076,0.1399639,-43.50814,-12.51917,-7.455194
77.272755146,-37.01419,-0.9454404,-23.7068,1.038975,0.03058059,0.1643029,-43.50814,-12.51917,-7.455194
77.282752991,-46.18264,-0.05515479,-21.57282,1.065836,0.02788953,0.1838783,-43.50814,-12.51917,-7.455194
77.292751789,-55.22803,-0.2925643,-19.56079,1.113214,-0.05564052,0.1933888,-43.87334,-12.90561,-7.842947
77.302749634,-58.3662199999997,-0.589326100000003,-17.85361,1.104032,-0.0853591,0.2048983,-43.87334,-12.90561,-7.842947
77.312748432,-62.3658799999999,-2.19184,-16.32934,1.05507,-0.07335515,0.1887089,-43.87334,-12.90561,-7.842947
77.322746277,-68.5807400000002,-4.269173,-13.82954,1.069307,-0.105282,0.1738565,-43.87334,-12.90561,-7.842947
77.332744122,-74.7955900000002,-4.922049,-10.90294,1.114564,-0.1019099,0.1790411,-43.87334,-12.90561,-7.842947
77.34274292,-82.3026499999999,-4.981401,-7.42760699999997,1.138384,-0.07266783,0.1899992,-43.85762,-13.66632,-7.838892
77.352740765,-92.3940999999998,-5.515573,-3.647419,1.103041,-0.08514276,0.1776211,-43.85762,-13.66632,-7.838892
77.362739086,-100.578,-7.65225799999999,0.5595631,1.030641,-0.1235671,0.1179352,-43.85762,-13.66632,-7.838892
77.372737408,-107.2236,-7.71161000000001,4.583633,1.08102,-0.1843731,0.1614135,-43.85762,-13.66632,-7.838892
77.382735729,-104.7007,-5.278163,7.205376,1.111704,-0.1823388,0.2111313,-43.85762,-13.66632,-7.838892
77.392734051,-101.0703,-3.913059,9.82711900000002,1.025488,-0.2111506,0.1696529,-44.23655,-13.29586,-8.682205
77.402732372,-95.9014999999999,-3.794354,12.20498,0.9984567,-0.2776333,0.1319097,-44.23655,-13.29586,-8.682205
77.412730217,-87.0407099999998,-1.895078,13.91216,1.026154,-0.273045,0.1486104,-44.23655,-13.29586,-8.682205
77.422729015,-79.59518,-0.9454404,14.15604,0.991262,-0.2050543,0.166361,-44.23655,-13.29586,-8.682205
77.43272686,-78.6106600000003,-1.064145,14.82672,0.9636511,-0.16183,0.1702266,-44.23655,-13.29586,-8.682205
77.442724705,-77.74919,-2.132488,15.0706,0.9617143,-0.1630463,0.1477372,-44.63488,-12.1576,-8.691069
77.452723503,-75.9031899999997,-3.20083,15.25352,0.9419187,-0.1469505,0.143939,-44.63488,-12.1576,-8.691069
77.462721348,-72.6419299999997,-4.20982,14.88769,0.9484623,-0.1323131,0.1362666,-44.63488,-12.1576,-8.691069
77.472719193,-70.3036699999999,-5.218811,15.31449,0.9300368,-0.1113264,0.1329433,-44.63488,-12.1576,-8.691069
77.482717991,-68.6422700000001,-5.99039199999999,15.4974,0.8996249,-0.1272108,0.1090716,-44.63488,-12.1576,-8.691069
77.492715836,-64.2118800000002,-7.29614399999999,15.55837,0.8432324,-0.1612646,0.06754255,-45.41412,-10.64507,-9.091743
77.502714634,-58.0585600000001,-9.31412399999998,15.13157,0.7723075,-0.1743733,0.009761859,-45.41412,-10.64507,-9.091743
77.512712479,-52.52057,-10.67923,13.91216,0.7590194,-0.1144966,0.04996999,-45.41412,-10.64507,-9.091743
77.5227108,-49.4439,-12.10369,12.75372,0.7363261,-0.07357411,0.05717766,-45.41412,-10.64507,-9.091743
77.532709122,-46.24417,-13.46879,10.98556,0.6627061,-0.07248581,0.01662675,-45.41412,-10.64507,-9.091743
77.542707443,-41.93685,-15.36807,9.09546899999999,0.617056,-0.05577197,-0.02301978,-45.82201,-9.123196,-8.715635
77.552705288,-38.42945,-16.02094,6.35178600000003,0.6231982,-0.01975673,-0.03021841,-45.82201,-9.123196,-8.715635
77.562704086,-34.73746,-17.92022,4.034896,0.5719547,0.009551281,-0.06220122,-45.82201,-9.123196,-8.715635
77.572701931,-30.9224,-21.1846,1.230241,0.5546842,0.02001388,-0.1028528,-45.82201,-9.123196,-8.715635
77.58270073,-24.33834,-24.56768,-2.488975,0.5575214,0.02356707,-0.1454519,-45.82201,-9.123196,-8.715635
77.592698574,-13.81616,-29.01911,-5.78139599999999,0.5477867,0.02360723,-0.1200704,-45.84796,-8.038439,-7.882877
77.602696419,-25.19981,-11.45081,1.230241,1.198646,-0.07679994,0.7225505,-45.84796,-8.038439,-7.882877
77.612695217,-25.26134,7.89806300000001,4.27878,1.656461,0.174839,0.9456611,-45.84796,-8.038439,-7.882877
77.622693062,-43.65978,7.304539,23.91136,1.44905,-0.4330141,0.869607,-45.84796,-8.038439,-7.882877
77.632690906,-51.04377,-2.904068,24.64301,1.510057,-0.2406922,0.4607472,-45.86537,-7.274458,-7.499931
77.642689705,-52.82823,-20.17561,16.47293,1.875237,-0.2832884,0.2213121,-45.86537,-7.274458,-7.499931
77.65268755,-35.96813,-40.77088,9.76614900000002,1.977575,-0.1593472,0.003349699,-45.86537,-7.274458,-7.499931
77.662686348,3.843876,-55.90573,0.01082622,1.609558,-0.2903503,-0.2941279,-45.86537,-7.274458,-7.499931
77.672684193,56.82399,-61.24745,-7.976343,1.240351,-0.4313859,-0.4111777,-45.86537,-7.274458,-7.499931
77.682682514,92.6363300000001,-57.3301900000001,-10.90294,0.9695746,-0.2593372,-0.4605218,-46.63005,-6.885562,-5.830512
77.692680836,84.6370100000002,-49.9705,-10.23226,0.9476804,-0.0002189872,-0.401207,-46.63005,-6.885562,-5.830512
77.702679157,42.85594,-43.08562,-5.90333699999997,1.095592,0.1410607,-0.416337,-46.63005,-6.885562,-5.830512
77.712677002,-2.124848,-37.15038,-0.2330568,1.104999,0.05596207,-0.3900098,-46.63005,-6.885562,-5.830512
77.7226758,-23.90761,-33.17377,1.596066,1.058723,-0.04986389,-0.437281,-46.63005,-6.885562,-5.830512
77.732673645,-27.29194,-28.95976,1.352183,1.191137,-0.03969796,-0.3030345,-47.40598,-6.109773,-3.389117
77.74267149,-20.52328,-21.1846,0.31568,1.163439,0.01156915,-0.1637338,-47.40598,-6.109773,-3.389117
77.752670288,-16.46209,-13.29073,1.596066,1.072283,0.01463294,-0.1099752,-47.40598,-6.109773,-3.389117
77.762668133,-22.98461,-8.42383900000002,2.69354,1.013407,0.06289635,-0.07207746,-47.40598,-6.109773,-3.389117
77.772666931,-31.8454,-8.245782,3.059364,0.9371253,-0.002322681,-0.1307925,-47.40598,-6.109773,-3.389117
77.782664776,-39.22939,-7.889668,4.705575,1.056916,-0.0983151,0.00637467,-47.4251,-5.342524,-2.619169
77.79266262,-37.56799,-4.20982,4.27878,1.023357,-0.1253223,0.1011982,-47.4251,-5.342524,-2.619169
77.802661419,-35.66046,-5.634277,2.937423,0.8631883,-0.185456,0.08904991,-47.4251,-5.342524,-2.619169
77.812659264,-31.72233,-13.35009,2.144803,0.8282009,-0.2712372,-0.02237523,-47.4251,-5.342524,-2.619169
77.822657585,-27.415,-20.35367,2.449656,1.030161,-0.2538879,0.1093552,-47.4251,-5.342524,-2.619169
77.832655907,-22.98461,-20.29431,0.4985923,1.031789,-0.1048189,0.1992863,-47.77036,-6.862946,-2.162336
77.842654228,-27.415,-21.77812,0.4985923,0.9250487,-0.07787213,0.1884582,-47.77036,-6.862946,-2.162336
77.85265255,-33.5068,-25.0425,-0.05014454,0.9083775,-0.07314126,0.1573786,-47.77036,-6.862946,-2.162336
77.862650871,-36.52193,-29.25652,-0.5379106,0.9314171,-0.0820208,0.09321152,-47.77036,-6.862946,-2.162336
77.872649193,-39.72165,-32.69896,-0.7817937,1.00644,-0.081064,0.08877331,-47.77036,-6.862946,-2.162336
77.882647514,-37.26033,-34.53888,-1.391501,0.9858954,-0.1564506,0.01991358,-47.79931,-5.711527,-0.942915
77.892645359,-32.27613,-35.84463,-2.306063,0.9511212,-0.1219973,-0.01640645,-47.79931,-5.711527,-0.942915
77.902643204,-31.72233,-37.98132,-3.342566,1.002355,-0.07466362,-0.05240116,-47.79931,-5.711527,-0.942915
77.912642002,-33.6914,-38.21873,-2.976741,1.036611,-0.05649731,-0.05294413,-47.79931,-5.711527,-0.942915
77.922639847,-36.82959,-36.20074,-2.184121,1.038942,-0.02482119,-0.04817059,-47.79931,-5.711527,-0.942915
77.932638645,-39.84472,-32.75831,-2.245092,1.023682,-0.06906359,-0.07062568,-48.17744,-5.707802,-0.1716909
77.94263649,-34.92206,-33.29248,-2.671887,0.9518706,-0.1928328,-0.21787,-48.17744,-5.707802,-0.1716909
77.952634335,-24.15374,-34.53888,-1.696355,1.010932,-0.3020229,-0.2232092,-48.17744,-5.707802,-0.1716909
77.962633133,-9.20116899999999,-32.10543,-2.732858,1.074216,-0.2445638,-0.1347978,-48.17744,-5.707802,-0.1716909
77.972630978,2.736278,-29.19717,-3.403537,0.9966239,-0.2125493,-0.1327564,-48.17744,-5.707802,-0.1716909
77.982629299,5.87447300000001,-28.90041,-4.135185,0.9748591,-0.1178927,-0.1499716,-48.16287,-6.831435,1.898402
77.992627621,1.997879,-28.60365,-4.318098,1.005506,-0.0377682,-0.1691887,-48.16287,-6.831435,1.898402
78.002625942,-5.816842,-27.59465,-3.830332,1.02407,0.01248042,-0.1347765,-48.16287,-6.831435,1.898402
78.012623787,-12.7701,-25.75473,-2.610917,1.01328,0.01611529,-0.1390658,-48.16287,-6.831435,1.898402
78.022622585,-18.00042,-24.38963,-1.391501,1.004857,0.02385554,-0.1246959,-48.16287,-6.831435,1.898402
78.03262043,-23.90761,-23.91481,-1.391501,0.9941786,0.02174905,-0.1194124,-48.55084,-6.44354,3.1191
78.042619228,-26.92274,-25.69538,-0.4769399,0.9786659,-0.06163246,-0.1700929,-48.55084,-6.44354,3.1191
78.052617073,-27.16887,-25.69538,0.0717969800000001,1.014909,-0.1486481,-0.1457263,-48.55084,-6.44354,3.1191
78.062614918,-23.16921,-24.62704,0.5595631,1.004398,-0.1858137,-0.1485699,-48.55084,-6.44354,3.1191
78.072613716,-20.83095,-24.44898,1.1083,0.9787723,-0.09243235,-0.137542,-48.55084,-6.44354,3.1191
78.082611561,-29.69173,-24.09286,0.7424754,1.012178,-0.001968711,-0.09503027,-48.55451,-6.436458,3.957604
78.092609406,-37.13726,-23.38064,0.864416900000002,1.016274,-0.03904305,-0.1194352,-48.55451,-6.436458,3.957604
78.102608204,-39.22939,-22.66841,2.144803,1.00717,-0.07248531,-0.09021762,-48.55451,-6.436458,3.957604
78.112606049,-35.22973,-20.94719,2.571598,1.009505,-0.0406863,-0.07204399,-48.55451,-6.436458,3.957604
78.122604847,-35.04513,-22.84646,2.083832,0.9792923,0.06169598,-0.1294468,-48.55451,-6.436458,3.957604
78.132602692,-41.81378,-26.46696,0.4376215,1.023388,0.07540783,-0.1070341,-48.20872,-5.282227,5.179806
78.142601013,-48.82857,-27.23854,0.1327677,1.089544,0.03104607,-0.05305895,-48.20872,-5.282227,5.179806
78.152599335,-50.61304,-25.99214,-0.903735200000002,1.121473,-0.03668923,-0.1425909,-48.20872,-5.282227,5.179806
78.162597656,-49.87464,-25.0425,-2.428004,1.061651,-0.1483738,-0.2166371,-48.20872,-5.282227,5.179806
78.172595501,-45.62885,-26.58566,-3.342566,0.9649182,-0.03117665,-0.2107558,-48.20872,-5.282227,5.179806
78.182594299,-51.16684,-27.71336,-3.891303,0.9575064,0.02670134,-0.1892218,-48.57898,-5.658857,5.953057
78.192592144,-58.6738900000002,-27.06048,-4.805864,1.047081,-0.01986868,-0.1616086,-48.57898,-5.658857,5.953057
78.202590942,-51.22837,-25.33926,-4.744893,1.019107,-0.1669188,-0.2395298,-48.57898,-5.658857,5.953057
78.212588787,-38.98325,-24.21157,-5.78139599999999,0.972481,-0.2279749,-0.2791547,-48.57898,-5.658857,5.953057
78.222586632,-27.53807,-23.73675,-7.48857699999998,0.9933113,-0.2203698,-0.2365997,-48.58434,-5.648506,7.178563
78.23258543,-19.96948,-22.96517,-8.40313799999999,0.9780431,-0.2120429,-0.2494967,-48.58434,-5.648506,7.178563
78.242583275,-21.20015,-22.96517,-7.976343,0.9306722,-0.181104,-0.270958,-48.58434,-5.648506,7.178563
78.25258112,-24.46141,-22.72776,-7.91537200000002,0.9489896,-0.2482749,-0.2695369,-48.58434,-5.648506,7.178563
78.262579918,-18.98495,-21.65942,-8.03731400000003,0.960963,-0.3159351,-0.3078265,-48.58434,-5.648506,7.178563
78.272577763,-13.26236,-20.94719,-7.73246000000002,0.9385238,-0.2373674,-0.3293435,-48.21496,-5.635342,8.40685
78.282576561,-16.76976,-19.99755,-7.48857699999998,0.942315,-0.127224,-0.3025782,-48.21496,-5.635342,8.40685
78.292574406,-23.23075,-18.86986,-6.20819099999998,0.9635902,-0.1699077,-0.2868113,-48.21496,-5.635342,8.40685
78.302572727,-19.04649,-16.97058,-4.744893,0.9757512,-0.272766,-0.2954204,-48.21496,-5.635342,8.40685
78.312571049,-3.724712,-14.9526,-4.135185,0.9487794,-0.2635275,-0.2896329,-48.21496,-5.635342,8.40685
78.32256937,9.01266799999998,-14.41843,-4.318098,0.9314302,-0.1693431,-0.2618694,-48.57736,-6.392328,9.182129
78.332567215,15.04292,-15.0713,-4.927805,0.9094803,-0.08992448,-0.2446229,-48.57736,-6.392328,9.182129
78.342566013,17.87345,-16.37706,-5.720425,0.8981524,-0.08324423,-0.2335976,-48.57736,-6.392328,9.182129
78.352563858,22.36538,-17.02993,-6.14722099999998,0.910595,-0.1491391,-0.2393453,-48.57736,-6.392328,9.182129
78.362561703,32.02609,-16.91123,-6.20819099999998,0.9509373,-0.221842,-0.252797,-48.57736,-6.392328,9.182129
78.372560501,43.84047,-16.199,-5.3546,0.950224,-0.1840053,-0.2585484,-48.56503,-7.146502,9.960189
78.382558346,47.71707,-15.13066,-4.318098,0.9515078,-0.06998891,-0.2279511,-48.56503,-7.146502,9.960189
78.392557144,43.47128,-14.77454,-3.281595,1.008399,-0.03787869,-0.2405016,-48.56503,-7.146502,9.960189
78.402554989,40.08695,-14.47778,-2.610917,1.010136,-0.07879066,-0.2543728,-48.56503,-7.146502,9.960189
78.412552834,42.67134,-14.06231,-2.367033,0.9697983,-0.110044,-0.2370656,-48.56503,-7.146502,9.960189
78.422551632,48.1478,-14.35908,-2.549946,0.9631351,-0.1440424,-0.2207737,-48.55296,-7.90013,10.80275
78.432549477,54.73186,-15.60548,-3.403537,0.9676827,-0.1006599,-0.216007,-48.55296,-7.90013,10.80275
78.442547798,53.37812,-17.26734,-4.196156,0.9905323,-0.01849479,-0.1548103,-48.55296,-7.90013,10.80275
78.45254612,51.65519,-19.34468,-4.257127,1.034324,-0.09221897,-0.1280674,-48.55296,-7.90013,10.80275
78.462544441,59.3468500000002,-19.99755,-3.525478,1.044991,-0.1417365,-0.1457805,-48.55296,-7.90013,10.80275
78.472542763,61.1313099999997,-21.60007,-2.184121,1.014773,-0.01158897,-0.1428899,-48.59594,-5.991269,11.63111
78.482541084,51.90133,-23.85546,-2.428004,1.080037,0.1192056,-0.169359,-48.59594,-5.991269,11.63111
78.492538929,33.74902,-25.69538,-0.903735200000002,1.09646,0.2293388,-0.2239737,-48.59594,-5.991269,11.63111
78.502537727,7.53587,-25.93279,1.413154,1.104803,0.2788644,-0.1933721,-48.59594,-5.991269,11.63111
78.512535572,-9.07810300000001,-25.33926,3.48616,1.111549,0.07465222,-0.2206102,-48.59594,-5.991269,11.63111
78.522533417,-2.617113,-24.21157,2.571598,1.101424,-0.1133537,-0.2459086,-48.22656,-5.978105,12.8594
78.532532215,8.08966899999999,-21.71877,1.169271,1.133995,-0.1350065,-0.2397383,-48.22656,-5.978105,12.8594
78.54253006,18.05805,-20.0569,1.1083,1.112989,-0.1342366,-0.3224956,-48.22656,-5.978105,12.8594
78.552528858,12.58159,-20.41302,1.596066,1.039063,0.06533349,-0.3386897,-48.22656,-5.978105,12.8594
78.562526703,-8.21663800000001,-20.88784,0.864416900000002,1.059628,0.03647553,-0.2444386,-48.22656,-5.978105,12.8594
78.572524548,-13.93923,-20.29431,0.2547093,1.132471,-0.1836483,-0.2416375,-47.86307,-5.588399,13.63416
78.582523346,-6.92443900000002,-20.94719,-0.720822899999998,1.120051,-0.1170512,-0.1593179,-47.86307,-5.588399,13.63416
78.592521191,-12.9547,-25.81408,-2.671887,1.229643,-0.0328029,-0.004950558,-47.86307,-5.588399,13.63416
78.602519512,-8.64737,-26.1702,-4.622952,1.233333,-0.1799459,-0.1082915,-47.86307,-5.588399,13.63416
78.612517834,-4.524643,-27.35724,-5.964308,1.16762,-0.1338816,-0.1895468,-47.86307,-5.588399,13.63416
78.622516155,-2.001781,-27.06048,-7.91537200000002,1.142225,-0.1333388,-0.2876107,-47.83698,-7.099471,14.86777
78.632514477,-6.001441,-27.17919,-7.79343099999999,1.071952,0.0002276346,-0.3554804,-47.83698,-7.099471,14.86777
78.642512798,-18.24655,-28.18818,-9.19575899999999,1.071553,0.1265655,-0.3023903,-47.83698,-7.099471,14.86777
78.652510643,-28.09187,-25.63603,-11.87847,1.086369,0.08827051,-0.3770641,-47.83698,-7.099471,14.86777
78.662509441,-25.99974,-23.55869,-13.09789,1.04869,-0.03218567,-0.34251,-47.83698,-7.099471,14.86777
78.672507286,-15.84676,-15.54612,-13.58565,1.065569,-0.181003,-0.4449163,-48.24067,-5.950865,16.08442
78.682505131,2.059412,-9.49218100000001,-10.90294,0.997364,-0.132125,-0.5319109,-48.24067,-5.950865,16.08442
78.692503929,-2.247914,-3.141478,-8.76896300000003,0.9634182,0.1191326,-0.5089447,-48.24067,-5.950865,16.08442
78.702501774,-18.67729,2.31894,-6.695957,0.9469099,0.1679041,-0.5070143,-48.24067,-5.950865,16.08442
78.712500572,-35.41433,7.36389100000001,-5.232659,0.9175373,0.1758655,-0.4763362,-48.24067,-5.950865,16.08442
78.722498417,-42.05992,11.10309,-6.08625000000001,0.8998975,0.1045924,-0.4207723,-48.59183,-7.094744,16.08772
78.732496262,-39.04479,15.1984,-7.42760699999997,0.8914146,-0.01391686,-0.395841,-48.59183,-7.094744,16.08772
78.74249506,-29.8148,18.10667,-6.93983999999998,0.874984,-0.07222988,-0.3603827,-48.59183,-7.094744,16.08772
78.752492905,-20.83095,19.64983,-7.366636,0.8364284,-0.06913479,-0.3636663,-48.59183,-7.094744,16.08772
78.762491226,-16.15442,20.36206,-8.76896300000003,0.8043744,-0.07450467,-0.3502089,-48.59183,-7.094744,16.08772
78.772489548,-15.84676,20.0653,-8.28119799999998,0.7888737,-0.1054559,-0.353524,-48.56168,-8.552774,16.09549
78.782487869,-12.4009,19.94659,-7.42760699999997,0.7638698,-0.1243026,-0.3941545,-48.56168,-8.552774,16.09549
78.792486191,-10.5549,19.41242,-6.39110400000002,0.7457186,-0.1450586,-0.4458037,-48.56168,-8.552774,16.09549
78.802484512,-9.81650199999998,17.45379,-3.952273,0.7120155,-0.1929704,-0.4576971,-48.56168,-8.552774,16.09549
78.812482357,-10.5549,13.53654,-2.06218,0.6736742,-0.25374,-0.4839363,-49.70283,-7.493889,14.8559
78.822481155,-9.75496900000002,8.96640499999999,0.5595631,0.6373726,-0.2913747,-0.4293056,-49.70283,-7.493889,14.8559
78.832479,-9.38576900000002,4.336921,2.449656,0.6298316,-0.2795681,-0.4503528,-49.70283,-7.493889,14.8559
78.842476845,-9.878035,-1.776374,4.156838,0.6012502,-0.2362445,-0.433564,-49.70283,-7.493889,14.8559
78.852475643,-11.17023,-7.11808599999999,5.620136,0.6259746,-0.1517233,-0.4374575,-49.70283,-7.493889,14.8559
78.862473488,-15.35449,-12.16304,5.315282,0.6620021,-0.02105548,-0.4677042,-50.04993,-8.584727,13.63336
78.872471333,-16.58516,-17.38605,3.973926,0.6888121,0.004169493,-0.477329,-50.04993,-8.584727,13.63336
78.882470131,-14.30843,-20.23496,3.181306,0.6983382,-0.01107495,-0.5175421,-50.04993,-8.584727,13.63336
78.892467976,-12.9547,-21.65942,2.449656,0.7530994,-0.02131443,-0.533428,-50.04993,-8.584727,13.63336
78.902466774,-7.232106,-22.07488,1.657037,0.8221675,-0.03950499,-0.4933432,-50.04993,-8.584727,13.63336
78.912464619,-1.509515,-24.33027,0.864416900000002,0.8301912,0.001394609,-0.4488602,-49.68055,-8.571564,14.86164
78.92246294,-0.4634504,-25.75473,0.986358399999998,0.8034998,-0.003733354,-0.4205763,-49.68055,-8.571564,14.86164
78.932461262,0.2749484,-27.95077,2.75451,0.7912874,-0.02761909,-0.402363,-49.68055,-8.571564,14.86164
78.942459583,0.02881546,-30.50292,3.791013,0.786492,0.02208564,-0.3238809,-49.68055,-8.571564,14.86164
78.952457428,-7.60130500000002,-34.36082,1.047329,0.8093967,0.1526311,-0.286147,-49.68055,-8.571564,14.86164
78.962456226,-22.36928,-38.10002,-0.4159691,0.8917738,0.1785654,-0.2322182,-49.30948,-8.561668,15.70293
78.972454071,-26.92274,-40.88958,-1.452472,0.9002683,0.0620142,-0.295375,-49.30948,-8.561668,15.70293
78.982452869,-15.90829,-44.62878,-2.91577,0.8686643,0.006517886,-0.2909985,-49.30948,-8.561668,15.70293
78.992450714,-9.93956800000001,-45.51907,-4.257127,0.9173532,-0.1773387,-0.4676306,-49.30948,-8.561668,15.70293
79.002448559,-6.001441,-41.06764,-0.720822899999998,0.9117339,-0.3201947,-0.5073059,-49.30948,-8.561668,15.70293
79.012447357,3.35161,-40.83023,5.437224,0.7912444,-0.5495512,-0.6175877,-48.9182,-9.686303,17.3243
79.022445202,14.79679,-40.65217,7.63217200000002,0.6232681,-0.5838528,-0.6574865,-48.9182,-9.686303,17.3243
79.032443047,10.48946,-43.61979,6.22984400000002,0.5601344,-0.4353132,-0.4856059,-48.9182,-9.686303,17.3243
79.042441845,-1.878715,-49.25827,10.98556,0.8242196,-0.4534643,-0.2257162,-48.9182,-9.686303,17.3243
79.05243969,8.15120200000001,-50.0892,12.5708,0.9170038,-0.3315272,-0.1115297,-48.9182,-9.686303,17.3243
79.062438488,9.62799900000003,-52.34459,9.217411,0.9827867,0.02951647,-0.2017096,-47.8249,-8.522634,19.00357
79.072436333,1.690213,-53.47229,8.91255800000001,1.185133,0.3335103,-0.2365981,-47.8249,-8.522634,19.00357
79.082434654,-3.232446,-53.47229,8.60770299999997,1.101817,0.4850733,-0.3805433,-47.8249,-8.522634,19.00357
79.092432976,-18.61575,-52.46329,8.05896700000001,1.024821,0.6153694,-0.3665639,-47.8249,-8.522634,19.00357
79.102431297,-27.04581,-49.55503,5.498195,0.9928213,0.3429177,-0.5449468,-47.8249,-8.522634,19.00357
79.112429142,-12.7701,-43.97591,3.242276,0.9147379,0.06166808,-0.6294463,-47.07827,-8.876661,21.46217
79.12242794,8.705001,-38.39678,-0.4769399,0.9276519,-0.2898775,-0.6801074,-47.07827,-8.876661,21.46217
79.132425785,35.28735,-34.06406,0.986358399999998,1.053159,-0.3020575,-0.5831721,-47.07827,-8.876661,21.46217
79.142424583,35.10276,-31.51191,5.98596099999998,1.072374,-0.1797651,-0.4305712,-47.07827,-8.876661,21.46217
79.152422428,11.2894,-33.47054,11.90012,1.129382,-0.09811442,-0.2871188,-47.07827,-8.876661,21.46217
79.162420273,-11.6625,-35.25111,13.91216,1.147056,-0.1050193,-0.2833193,-45.60444,-8.147389,23.92059
79.172419071,-32.3992,-40.53347,16.65584,1.145399,0.06119702,-0.2771377,-45.60444,-8.147389,23.92059
79.182416916,-48.09017,-43.67915,17.20458,1.069202,0.1214491,-0.3253565,-45.60444,-8.147389,23.92059
79.192414761,-54.0589,-45.81583,16.89973,1.00739,0.06357697,-0.4089847,-45.60444,-8.147389,23.92059
79.202413559,-45.19811,-45.45972,13.36342,1.007074,-0.05216861,-0.5242912,-45.60444,-8.147389,23.92059
79.212411404,-29.50714,-43.38238,9.82711900000002,1.014305,-0.04742856,-0.4998976,-45.25246,-7.370245,25.53182
79.222410202,-19.66182,-43.26368,6.53469799999998,1.071839,-0.02278243,-0.4799041,-45.25246,-7.370245,25.53182
79.232408047,-16.70822,-42.31404,4.949458,1.114921,-0.05931367,-0.4761411,-45.25246,-7.370245,25.53182
79.242406368,-16.83129,-43.14497,4.949458,1.097753,-0.05334438,-0.4770699,-45.25246,-7.370245,25.53182
79.25240469,-22.36928,-44.74749,6.16887299999999,1.063852,-0.01200826,-0.4535712,-45.25246,-7.370245,25.53182
79.262403011,-30.30707,-47.77446,7.69314200000002,1.055176,-0.04112906,-0.3779336,-44.1353,-7.348187,27.15267
79.272400856,-32.03,-51.09819,12.02207,0.9729403,0.1876361,-0.3189843,-44.1353,-7.348187,27.15267
79.282399654,-44.82891,-54.36257,12.38789,0.9389865,0.228864,-0.4132152,-44.1353,-7.348187,27.15267
79.292397499,-47.90557,-57.15213,6.29081499999999,1.173209,0.1323797,-0.4705492,-44.1353,-7.348187,27.15267
79.302396298,-40.39852,-55.01545,-1.696355,1.214503,0.2431368,-0.4577281,-44.1353,-7.348187,27.15267
79.312394142,-35.66046,-53.41293,-7.73246000000002,1.138557,0.2655132,-0.4504229,-43.76958,-7.327941,29.21946
79.322391987,-30.98393,-53.70969,-6.63498599999997,1.238602,0.1025416,-0.4208836,-43.76958,-7.327941,29.21946
79.332390785,-18.86189,-55.66832,-3.159653,1.264835,0.03087489,-0.3438602,-43.76958,-7.327941,29.21946
79.34238863,-17.69275,-61.54421,-3.830332,1.223034,0.1587606,-0.191633,-43.76958,-7.327941,29.21946
79.352386475,-32.27613,-66.8265700000002,-2.610917,1.298344,0.1984117,-0.1104166,-43.76958,-7.327941,29.21946
79.362385273,-53.99736,-74.2456199999999,0.925387699999998,1.31347,0.1692285,-0.198972,-43.01143,-8.069407,30.84158
79.372383118,-78.1183899999998,-81.7833700000003,5.98596099999998,1.321445,0.1860572,-0.1827187,-43.01143,-8.069407,30.84158
79.382381916,-96.3322300000002,-88.1934200000001,9.88808900000002,1.208341,0.08136503,-0.333246,-43.01143,-8.069407,30.84158
79.392379761,-102.8548,-95.96858,13.42439,1.160976,-0.04601397,-0.4499032,-43.01143,-8.069407,30.84158
79.402378082,-94.30163,-99.1142600000003,15.00963,1.152174,-0.09776003,-0.5096965,-41.13769,-8.724877,34.14872
79.412376404,-80.0874600000001,-102.0225,14.4609,1.070443,-0.05644371,-0.6502661,-41.13769,-8.724877,34.14872
79.422374725,-68.7653400000001,-102.5567,13.48536,0.9862732,-0.03935766,-0.7252602,-41.13769,-8.724877,34.14872
79.43237257,-61.7505499999997,-100.4794,13.18051,0.9327584,-0.07090302,-0.764402,-41.13769,-8.724877,34.14872
79.442371369,-55.28956,-96.9182200000001,15.19255,0.8898855,-0.1240397,-0.7963781,-41.13769,-8.724877,34.14872
79.452369213,-41.93685,-92.11068,16.83875,0.7720782,-0.02845799,-0.8765982,-39.98236,-10.96752,37.84575
79.462368012,-37.44492,-90.3301100000003,16.65584,0.6521337,0.05327523,-0.8725815,-39.98236,-10.96752,37.84575
79.472365856,-41.01385,-87.83731,17.75332,0.5981807,0.04503765,-0.9126858,-39.98236,-10.96752,37.84575
79.482363701,-53.3205,-80.9524400000001,21.83836,0.5800295,-0.0480233,-0.7412999,-39.98236,-10.96752,37.84575
79.492362499,-64.58108,-66.5891600000002,28.24029,0.6465859,-0.1106743,-0.562891,-39.98236,-10.96752,37.84575
79.502360344,-63.1042800000002,-49.49568,34.4593,0.6077247,-0.1173392,-0.5700001,-37.74043,-11.30322,41.15398
79.512358189,-57.13556,-34.71694,37.87367,0.5407522,-0.1317214,-0.5631796,-37.74043,-11.30322,41.15398
79.522356987,-52.7667,-18.5731,40.19056,0.5366626,-0.1216281,-0.5665251,-37.74043,-11.30322,41.15398
79.532354832,-51.41297,-0.411269,40.80027,0.5874551,-0.1249435,-0.454626,-37.74043,-11.30322,41.15398
79.54235363,-49.87464,19.29372,40.98318,0.6357221,-0.0457032,-0.3432223,-37.74043,-11.30322,41.15398
79.552351475,-48.95164,37.87101,40.25153,0.5955666,-0.008220262,-0.302483,-37.71604,-12.81102,42.7746
79.562349796,-47.90557,53.89615,39.8857,0.5540672,-0.003536903,-0.2851831,-37.71604,-12.81102,42.7746
79.572348118,-44.70584,67.9626499999998,38.78823,0.540943,-0.006016308,-0.3153099,-37.71604,-12.81102,42.7746
79.582346439,-37.56799,82.5633400000003,36.7762,0.5304907,-0.02187039,-0.3789382,-37.71604,-12.81102,42.7746
79.592344284,-31.59927,97.6981999999998,35.06901,0.5575278,-0.008815783,-0.3914317,-37.71604,-12.81102,42.7746
79.602343083,-28.7072,112.5363,32.87407,0.6280477,0.05119752,-0.3580697,-38.44613,-13.58444,41.93459
79.612340927,-25.32288,127.9086,30.19135,0.7004774,0.1131265,-0.3318903,-38.44613,-13.58444,41.93459
79.622339725,-25.26134,140.9067,27.9964,0.7328116,0.1297751,-0.3348224,-38.44613,-13.58444,41.93459
79.63233757,-22.12315,150.7592,25.37466,0.7402418,0.09579977,-0.3994344,-38.44613,-13.58444,41.93459
79.642335415,-16.33902,160.7304,23.97233,0.8024315,-0.000524885,-0.4923617,-38.44613,-13.58444,41.93459
79.652334213,-6.001441,169.3959,21.22865,0.8613243,-0.02417163,-0.5484517,-42.93482,-13.26889,38.22267
79.662332058,1.690213,176.5181,17.87526,0.9498559,0.009430316,-0.5725435,-42.93482,-13.26889,38.22267
79.672329903,8.028135,181.0289,14.33895,0.9950004,-0.03428883,-0.6152042,-42.93482,-13.26889,38.22267
79.682328701,18.48878,183.7591,10.68071,1.018597,-0.07203313,-0.6487359,-42.93482,-13.26889,38.22267
79.692326546,32.27223,184.5307,6.90052199999999,1.020365,-0.08862109,-0.6597421,-42.93482,-13.26889,38.22267
79.702325344,44.70194,183.6404,3.425189,1.019381,-0.06176023,-0.642997,-49.63428,-14.13852,31.27514
79.712323189,52.27053,181.8005,0.4376215,1.026372,-0.01806187,-0.6090416,-49.63428,-14.13852,31.27514
79.72232151,54.85492,178.8329,-1.757326,1.030713,0.01095325,-0.5808207,-49.63428,-14.13852,31.27514
79.732319832,53.99346,176.5181,-2.976741,1.071255,0.00599312,-0.5732328,-49.63428,-14.13852,31.27514
79.742318153,52.45513,175.3905,-4.744893,1.105302,-0.01670766,-0.5785507,-49.63428,-14.13852,31.27514
79.752316475,50.05533,174.0847,-5.78139599999999,1.088081,0.01862322,-0.5569938,-55.94761,-12.35,23.41366
79.762314796,44.51734,170.2861,-4.379068,1.064859,0.08851286,-0.5162923,-55.94761,-12.35,23.41366
79.772312641,36.57955,165.0631,-1.025677,1.072042,0.06995308,-0.4890213,-55.94761,-12.35,23.41366
79.782310963,31.16463,159.6621,3.181306,1.085247,0.01517975,-0.5024303,-55.94761,-12.35,23.41366
79.792309284,28.21103,154.0829,8.42479100000002,1.112276,0.002347711,-0.5292744,-55.94761,-12.35,23.41366
79.802307129,23.10378,149.216,14.70478,1.135906,0.04180831,-0.5164042,-60.80533,-11.31796,14.79288
79.812305927,15.04292,145.002,20.31409,1.131537,0.09350377,-0.4867381,-60.80533,-11.31796,14.79288
79.822303772,3.905409,140.6693,25.80146,1.094912,0.1504415,-0.4517529,-60.80533,-11.31796,14.79288
79.83230257,-9.508835,135.5057,30.43524,1.073973,0.1758748,-0.4416728,-60.80533,-11.31796,14.79288
79.842300415,-22.98461,130.5794,33.91057,1.055861,0.1547882,-0.42345,-60.80533,-11.31796,14.79288
79.85229826,-33.1376,124.8816,36.22746,1.033376,0.1067918,-0.4157412,-64.16464,-10.27358,6.312234
79.862297058,-37.56799,118.6496,37.08105,1.019918,0.04472803,-0.4247947,-64.16464,-10.27358,6.312234
79.872294903,-35.47586,112.833,36.89814,1.053733,0.008403143,-0.4315444,-64.16464,-10.27358,6.312234
79.882293224,-28.76874,107.6694,35.3129,1.075646,-0.0162706,-0.4138689,-64.16464,-10.27358,6.312234
79.892291546,-20.58482,102.2683,33.05698,1.07395,0.0228388,-0.3846829,-64.16464,-10.27358,6.312234
79.902289867,-13.75463,96.1550299999998,30.19135,1.027043,0.05615168,-0.3602023,-66.42144,-8.144169,-2.29482
79.912288189,-7.90897099999997,88.7359800000001,27.81349,1.045706,0.1010218,-0.3296175,-66.42144,-8.144169,-2.29482
79.92228651,-3.170913,81.7324100000001,25.80146,1.052778,0.1394939,-0.3358612,-66.42144,-8.144169,-2.29482
79.932284355,-0.894183000000003,74.7881799999998,24.09428,1.028005,0.1614411,-0.3267308,-66.42144,-8.144169,-2.29482
79.942282677,1.690213,68.4374800000001,21.89933,1.065249,0.1506679,-0.3100428,-66.44968,-5.533436,-8.436546
79.952280998,5.751406,62.8583500000001,18.91176,1.036671,0.1163988,-0.2760052,-66.44968,-5.533436,-8.436546
79.962278843,13.68919,57.4572899999998,14.88769,1.006806,0.0721003,-0.2730703,-66.44968,-5.533436,-8.436546
79.972277641,25.62664,52.47169,10.55877,0.9999168,0.05032491,-0.2481667,-66.44968,-5.533436,-8.436546
79.982275486,37.31795,48.07962,6.10790299999999,1.004988,0.06612875,-0.2314295,-66.44968,-5.533436,-8.436546
79.992274284,45.5634,44.39977,1.718008,1.024063,0.08919231,-0.1950969,-66.08494,-4.050606,-13.3439
80.002272129,48.20934,40.95733,-1.757326,1.016955,0.1054871,-0.1515382,-66.08494,-4.050606,-13.3439
80.012269974,50.67066,36.86202,-4.744893,0.9972771,0.08958329,-0.1476712,-66.08494,-4.050606,-13.3439
80.022268772,54.17806,34.01311,-6.513045,1.018818,0.08415565,-0.1501003,-66.08494,-4.050606,-13.3439
80.032266617,54.54726,31.99512,-7.54954800000001,1.04764,0.1067547,-0.132449,-66.08494,-4.050606,-13.3439
80.042264938,51.90133,30.68937,-8.098285,1.038128,0.1201337,-0.1367431,-65.3326,-3.685328,-15.79138
80.05226326,45.5634,29.97714,-7.06178199999999,1.04592,0.1466689,-0.121449,-65.3326,-3.685328,-15.79138
80.062261581,35.16429,29.0275,-5.659454,1.036129,0.1752118,-0.1142607,-65.3326,-3.685328,-15.79138
80.072259903,21.93465,27.42499,-3.952273,1.072137,0.1785942,-0.08800265,-65.3326,-3.685328,-15.79138
80.082257748,8.08966899999999,25.0509,-2.001209,1.094933,0.1588192,-0.06793711,-65.3326,-3.685328,-15.79138
80.092256069,-3.047846,22.61745,-0.903735200000002,1.117545,0.09665406,-0.05982473,-64.9314,-4.46393,-18.23555
80.102254391,-8.58583600000001,20.71817,-0.2330568,1.143835,0.04621101,-0.0531575,-64.9314,-4.46393,-18.23555
80.112252712,-9.57036899999999,20.48076,-0.1111153,1.164847,0.0176451,-0.03404373,-64.9314,-4.46393,-18.23555
80.122250557,-10.1857,20.65882,-0.2330568,1.148226,0.02087623,-0.01678685,-64.9314,-4.46393,-18.23555
80.132249355,-9.13963599999997,21.90522,0.1327677,1.128101,0.02956771,0.02057493,-64.9314,-4.46393,-18.23555
80.1422472,-9.324236,23.38903,0.925387699999998,1.101659,0.03703967,0.0445479,-63.79396,-4.8462,-19.45069
80.152245998,-8.89350299999999,24.69478,1.96189,1.075195,0.04539097,0.05847059,-63.79396,-4.8462,-19.45069
80.162243843,-10.86257,25.11025,3.303247,1.029899,0.0703036,0.06428605,-63.79396,-4.8462,-19.45069
80.172241688,-15.60063,24.93219,4.461692,1.024391,0.07861808,0.08200084,-63.79396,-4.8462,-19.45069
80.182240486,-20.52328,24.51673,5.13237,1.016293,0.0687612,0.08441036,-63.79396,-4.8462,-19.45069
80.192238331,-22.24621,25.58507,5.98596099999998,1.006906,0.02397001,0.09544551,-63.78663,-4.860365,-21.1277
80.202236652,-21.38475,28.01851,6.473727,0.9874579,-0.004020792,0.1055367,-63.78663,-4.860365,-21.1277
80.212234974,-19.10802,30.80808,6.71760999999998,0.9577289,-0.003548538,0.1151599,-63.78663,-4.860365,-21.1277
80.222232819,-17.38509,34.42857,7.38828800000001,0.9456813,0.01512568,0.110869,-63.78663,-4.860365,-21.1277
80.232231617,-17.69275,38.10842,8.05896700000001,0.903499,0.02987312,0.1142887,-63.78663,-4.860365,-21.1277
80.242229462,-21.38475,40.71992,9.03449899999999,0.8642018,0.04658623,0.1138744,-62.66151,-4.488461,-23.12089
80.252227783,-27.96881,40.71992,10.071,0.8233628,0.04127869,0.1000682,-62.66151,-4.488461,-23.12089
80.262226105,-34.42979,38.64259,10.43683,0.8096199,0.02060202,0.1005761,-62.66151,-4.488461,-23.12089
80.272224426,-39.41399,35.31886,10.4978,0.8192208,-0.02334564,0.1096636,-62.66151,-4.488461,-23.12089
80.282222748,-39.53705,31.10484,9.76614900000002,0.8139128,-0.07779701,0.1183012,-62.66151,-4.488461,-23.12089
80.292221069,-34.9836,26.17859,8.60770299999997,0.7898326,-0.119219,0.1044752,-61.90299,-4.50027,-25.17934
80.302218914,-27.72267,22.26134,6.65663900000001,0.7449311,-0.1151327,0.1169954,-61.90299,-4.50027,-25.17934
80.312217712,-18.18502,17.63185,4.644604,0.7017394,-0.09919304,0.09361634,-61.90299,-4.50027,-25.17934
80.322215557,-10.24723,14.01136,2.388686,0.6744643,-0.07399894,0.09126451,-61.90299,-4.50027,-25.17934
80.332213402,-2.678647,10.2128,-0.3549984,0.6512367,-0.05712186,0.07407192,-61.90299,-4.50027,-25.17934
80.3422122,5.320673,6.29554899999997,-2.91577,0.638944,-0.0517045,0.05542749,-60.43798,-2.597593,-26.40387
80.352210045,11.1048,3.684045,-4.866835,0.6536339,-0.02877146,0.086982,-60.43798,-2.597593,-26.40387
80.362208843,15.10446,3.031168,-6.20819099999998,0.6758105,0.01092801,0.1290478,-60.43798,-2.597593,-26.40387
80.372206688,17.62732,2.259588,-7.366636,0.6806238,0.04026295,0.1381248,-60.43798,-2.597593,-26.40387
80.382204533,17.31965,1.725416,-7.976343,0.7054461,0.01524754,0.1122449,-60.43798,-2.597593,-26.40387
80.392203331,17.31965,2.259588,-7.79343099999999,0.7351446,0.01690267,0.1227213,-60.44048,-2.227588,-27.6314
80.402201176,12.88926,2.200235,-6.63498599999997,0.7272417,0.07464815,0.1308561,-60.44048,-2.227588,-27.6314
80.412199497,2.859344,1.428654,-4.927805,0.774699,0.09076401,0.1432121,-60.44048,-2.227588,-27.6314
80.422197819,-6.98597300000001,0.2416071,-3.647419,0.7841122,0.05636918,0.1345902,-60.44048,-2.227588,-27.6314
80.43219614,-13.75463,-1.360907,-2.610917,0.8153989,-0.0008353583,0.135029,-60.44048,-2.227588,-27.6314
80.442194462,-15.78522,-2.013783,-3.159653,0.8527629,-0.01787961,0.1565042,-60.79333,-3.368199,-27.24109
80.452192783,-16.03136,-3.853706,-3.281595,0.8784587,-0.01112487,0.1488004,-60.79333,-3.368199,-27.24109
80.462190628,-16.83129,-4.506582,-3.769361,0.9276857,-0.01155748,0.1544576,-60.79333,-3.368199,-27.24109
80.472189427,-17.32355,-4.981401,-3.403537,0.9643516,-0.0182494,0.1405167,-60.79333,-3.368199,-27.24109
80.482187271,-18.24655,-5.100106,-2.610917,0.9914331,-0.03330835,0.1356876,-60.79333,-3.368199,-27.24109
80.492185116,-19.04649,-4.981401,-1.635384,1.011736,-0.02389709,0.1643644,-61.15852,-3.754636,-27.62885
80.502183914,-20.09255,-5.159458,-0.8427644,1.007218,-0.01660511,0.1744205,-61.15852,-3.754636,-27.62885
80.512181759,-20.52328,-7.29614399999999,-0.4769399,0.9939037,-0.03447611,0.1620053,-61.15852,-3.754636,-27.62885
80.522180557,-18.67729,-9.49218100000001,-0.964705900000002,0.9974542,-0.06798856,0.1562648,-61.15852,-3.754636,-27.62885
80.532178402,-13.5085,-12.10369,-2.123151,1.001084,-0.0803242,0.1280257,-61.1838,-2.610301,-27.24793
80.542176247,-9.57036899999999,-13.35009,-2.91577,1.010525,-0.06333493,0.1586337,-61.1838,-2.610301,-27.24793
80.552175045,-8.093571,-14.47778,-2.91577,1.032726,-0.07723767,0.1844417,-61.1838,-2.610301,-27.24793
80.56217289,-3.724712,-15.30871,-2.976741,0.9881115,-0.08961599,0.1495866,-61.1838,-2.610301,-27.24793
80.572171211,-0.5249836,-16.25835,-3.037712,0.918959,-0.06635273,0.132951,-61.1838,-2.610301,-27.24793
80.582169533,-2.001781,-17.14864,-1.879267,0.9089021,0.00265843,0.1554439,-61.94312,-2.231756,-26.80402
80.592167854,-9.69343500000003,-16.13965,-0.1111153,0.8935664,0.06787515,0.1994828,-61.94312,-2.231756,-26.80402
80.602166176,-17.93889,-15.0713,1.1083,0.8629349,0.06440257,0.2048014,-61.94312,-2.231756,-26.80402
80.612164498,-24.83061,-14.35908,2.327715,0.8524256,0.0008734006,0.1885645,-61.94312,-2.231756,-26.80402
80.622162342,-26.79967,-14.35908,3.364218,0.8522259,-0.09329889,0.146953,-61.94312,-2.231756,-26.80402
80.63216114,-25.01521,-13.88426,4.27878,0.86924,-0.1173738,0.1344866,-62.69431,-2.234112,-26.42258
80.642158985,-23.41535,-14.35908,5.437224,0.85409,-0.08972543,0.1086627,-62.69431,-2.234112,-26.42258
80.65215683,-24.58448,-15.72418,6.96149300000002,0.8100909,-0.08324075,0.06279447,-62.69431,-2.234112,-26.42258
80.662155628,-27.16887,-16.85188,8.48576300000002,0.7743075,-0.07246059,0.04371103,-62.69431,-2.234112,-26.42258
80.672153473,-31.107,-18.09828,9.46129399999998,0.7374541,-0.03056621,0.02845006,-62.69431,-2.234112,-26.42258
80.682152271,-35.29126,-19.99755,10.25391,0.6663133,-0.005508139,-0.0001469429,-64.21436,-1.474299,-25.21225
80.692150116,-39.66012,-22.5497,10.13197,0.64775,-0.003682051,-0.02595816,-64.21436,-1.474299,-25.21225
80.702147961,-40.82925,-25.51732,9.339353,0.6827204,0.001552454,-0.06047795,-64.21436,-1.474299,-25.21225
80.712146759,-41.81378,-28.60365,8.54673300000003,0.7151903,0.01010406,-0.09882283,-64.21436,-1.474299,-25.21225
80.722144604,-41.69072,-30.85903,7.81508400000003,0.7969736,-0.01242904,-0.13581,-64.21436,-1.474299,-25.21225
80.732143402,-39.22939,-33.35183,6.04693200000002,0.8563421,-0.009234319,-0.1804218,-64.62421,0.05139446,-24.38464
80.742141247,-56.64329,-19.04791,9.82711900000002,1.738665,-0.2523387,1.188744,-64.62421,0.05139446,-24.38464
80.752139568,-88.1483099999998,23.86385,27.93543,2.665361,0.5372337,2.414473,-64.62421,0.05139446,-24.38464
80.76213789,-93.4401599999997,30.92678,31.3498,2.080156,-0.1134042,1.348436,-64.62421,0.05139446,-24.38464
80.772136211,-69.3191399999999,13.53654,27.14281,1.266777,-0.5429106,0.5655787,-64.62421,0.05139446,-24.38464
80.782134056,-20.15409,-7.236791,2.144803,1.390304,-0.3073836,0.1230985,-67.27637,1.183125,-23.18468
80.792132854,27.71877,-22.25294,-4.318098,1.717522,-0.4469352,0.2560867,-67.27637,1.183125,-23.18468
80.802130699,58.1161800000001,-22.37165,-9.31770000000002,1.484973,-0.2861263,0.2234289,-67.27637,1.183125,-23.18468
80.812129497,77.6222199999998,-24.38963,-12.73206,0.9190215,-0.2624173,-0.3163815,-67.27637,1.183125,-23.18468
80.822127342,63.3465099999998,-31.80867,-13.03692,0.6877038,-0.01566291,-0.518001,-67.27637,1.183125,-23.18468
80.832125187,19.10412,-38.45613,-9.01284600000001,0.9572977,0.3138207,-0.567849,-67.33729,4.222157,-23.65241
80.842123985,-37.13726,-35.48852,-0.659852100000001,1.226241,0.2402074,-0.4845481,-67.33729,4.222157,-23.65241
80.85212183,-61.9351500000002,-27.71336,3.242276,1.170434,0.1005037,-0.3901354,-67.33729,4.222157,-23.65241
80.862119675,-60.0276200000001,-22.07488,4.583633,1.054564,-0.007825161,-0.3482694,-67.33729,4.222157,-23.65241
80.872118473,-45.93651,-19.34468,5.13237,1.100259,0.003281821,-0.1363427,-67.33729,4.222157,-23.65241
80.882116318,-26.61507,-15.19001,3.851984,1.121105,0.03933255,0.0406848,-68.43711,2.705916,-22.04013
80.892115116,-8.77043599999998,-12.75656,2.998394,1.042763,0.01007042,0.1451585,-68.43711,2.705916,-22.04013
80.902112961,-2.432514,-10.56052,1.718008,0.9798838,0.01368505,0.2510325,-68.43711,2.705916,-22.04013
80.912111282,-4.64771,-12.93462,-0.598881400000002,0.8644772,-0.06973508,0.1995689,-68.43711,2.705916,-22.04013
80.922109604,-14.24689,-19.81949,0.0717969800000001,0.8433792,-0.2451708,0.1379146,-68.43711,2.705916,-22.04013
80.932107925,-21.13862,-24.74574,-0.720822899999998,1.015079,-0.3297846,0.238138,-68.45848,3.477525,-20.75418
80.94210577,-13.6931,-24.9238,-2.671887,1.010451,-0.4464363,0.2453548,-68.45848,3.477525,-20.75418
80.952104568,-1.571049,-26.2889,-3.403537,0.902492,-0.4591731,0.2019958,-68.45848,3.477525,-20.75418
80.962102413,9.01266799999998,-28.12883,-4.927805,0.9104325,-0.3370055,0.2062577,-68.45848,3.477525,-20.75418
80.972101212,15.47366,-29.13782,-5.90333699999997,0.9514294,-0.1844633,0.2190685,-68.45848,3.477525,-20.75418
80.982099056,15.78132,-31.33385,-6.26916200000001,0.9371393,-0.07264664,0.2023145,-69.21135,3.478437,-19.98574
80.992096901,13.01233,-34.36082,-7.366636,0.968789,-0.0716319,0.1917304,-69.21135,3.478437,-19.98574
81.002095699,18.73492,-37.5065,-8.22022599999998,0.9640922,-0.1360727,0.06349677,-69.21135,3.478437,-19.98574
81.012093544,24.21138,-41.18634,-8.03731400000003,1.00771,-0.123636,0.053846,-69.21135,3.478437,-19.98574
81.022091389,28.27257,-42.25469,-8.890904,1.036925,-0.04494505,0.04037467,-69.21135,3.478437,-19.98574
81.032090187,25.01131,-42.19534,-7.976343,0.993417,0.0137293,0.01459231,-69.59343,3.48979,-18.31151
81.042088032,15.53519,-41.60181,-6.513045,0.9919574,0.03862729,-0.02274049,-69.59343,3.48979,-18.31151
81.05208683,7.28973700000001,-40.88958,-4.927805,1.012553,-0.04750822,-0.08066191,-69.59343,3.48979,-18.31151
81.062084675,8.15120200000001,-40.94894,-3.586449,1.041959,-0.1616148,-0.1342843,-69.59343,3.48979,-18.31151
81.072082996,14.73526,-39.16837,-3.891303,1.038663,-0.2186657,-0.09549922,-70.34747,3.127782,-15.47703
81.082081318,28.08797,-37.6252,-4.622952,0.9906213,-0.2308889,-0.1590629,-70.34747,3.127782,-15.47703
81.092079639,37.56408,-37.74391,-4.866835,1.010249,-0.1606704,-0.1749083,-70.34747,3.127782,-15.47703
81.102077961,37.44102,-37.09103,-5.598484,1.04318,-0.07057045,-0.1180383,-70.34747,3.127782,-15.47703
81.112076283,34.30282,-35.48852,-5.110718,1.019259,-0.06807038,-0.1117758,-70.34747,3.127782,-15.47703
81.122074127,31.1031,-34.65759,-4.013244,0.993935,-0.04197895,-0.07345224,-71.09026,2.378879,-13.41453
81.132072926,26.54964,-34.06406,-3.342566,1.003901,-0.02687482,-0.0375803,-71.09026,2.378879,-13.41453
81.14207077,23.28838,-32.69896,-2.306063,0.9953396,-0.03755485,-0.01794101,-71.09026,2.378879,-13.41453
81.152068615,21.93465,-31.33385,-1.635384,1.009721,-0.0509034,-0.0208341,-71.09026,2.378879,-13.41453
81.162067413,22.05771,-29.73134,-1.26956,1.014912,-0.06777809,-0.01748877,-71.09026,2.378879,-13.41453
81.172065258,23.47298,-28.663,-0.8427644,0.9846921,-0.1194867,-0.0269943,-70.70853,1.637869,-11.40818
81.182064056,25.25744,-27.83206,-0.659852100000001,0.9796308,-0.05650988,0.01559158,-70.70853,1.637869,-11.40818
81.192061901,22.11925,-26.2889,-0.5379106,1.030433,-0.06416198,-0.02756686,-70.70853,1.637869,-11.40818
81.202059746,18.36572,-25.93279,0.925387699999998,0.945499,-0.05748345,-0.07001378,-70.70853,1.637869,-11.40818
81.212058544,13.93533,-29.43458,0.5595631,0.9599891,-0.0005052516,-0.140883,-70.70853,1.637869,-11.40818
81.222056389,11.35093,-38.93095,2.75451,0.9618161,-0.1309431,-0.4323054,-71.45551,1.262239,-10.18621
81.232055187,11.41246,-39.70254,-1.330531,1.115654,0.1714648,-0.05840496,-71.45551,1.262239,-10.18621
81.242053032,5.197607,-38.21873,-1.635384,1.001069,0.1212619,-0.1457717,-71.45551,1.262239,-10.18621
81.252051354,-0.5249836,-39.52448,2.022861,0.9930565,0.08150208,-0.1189472,-71.45551,1.262239,-10.18621
81.262049675,-4.893843,-38.33743,2.510627,1.019195,0.03943109,-0.09983892,-71.45551,1.262239,-10.18621
81.272047997,-4.401577,-35.48852,3.791013,1.005944,-0.009040756,-0.1639325,-71.84883,1.660485,-7.740004
81.282045841,-5.263042,-34.47953,4.644604,0.9873744,0.01900851,-0.1916648,-71.84883,1.660485,-7.740004
81.29204464,-13.81616,-33.82665,5.193341,1.009277,0.0460759,-0.2017601,-71.84883,1.660485,-7.740004
81.302042484,-22.36928,-33.94535,5.742078,1.013134,-0.003299889,-0.1893111,-71.84883,1.660485,-7.740004
81.312041283,-25.50747,-32.87701,5.92499000000001,1.014153,-0.1090746,-0.1739712,-71.84883,1.660485,-7.740004
81.322039127,-21.63088,-31.57126,5.80304899999998,0.9869829,-0.2188298,-0.160974,-72.23431,1.678375,-5.291771
81.332036972,-11.53943,-29.43458,5.193341,1.000881,-0.2592306,-0.1983168,-72.23431,1.678375,-5.291771
81.34203577,-2.92478,-29.67199,3.54713,0.9698433,-0.188655,-0.1719592,-72.23431,1.678375,-5.291771
81.352033615,-1.447982,-29.79069,2.327715,0.9898088,-0.1604864,-0.1107435,-72.23431,1.678375,-5.291771
81.36203146,1.813279,-30.08745,1.657037,1.021808,-0.2283666,-0.05718126,-72.23431,1.678375,-5.291771
81.372030258,10.61253,-29.49393,0.7424754,1.004795,-0.2819501,-0.03464473,-72.25737,2.453253,-3.618819
81.382028103,24.45751,-29.96875,-0.5379106,0.9680642,-0.2742062,-0.1178549,-72.25737,2.453253,-3.618819
81.392026901,31.71843,-31.2745,-1.26956,0.9578308,-0.1183597,-0.1111771,-72.25737,2.453253,-3.618819
81.402024746,26.8573,-32.28349,-1.452472,0.9546729,-0.08008537,-0.1169244,-72.25737,2.453253,-3.618819
81.412023068,22.54998,-33.88601,-1.879267,1.017475,-0.1809669,-0.1251437,-72.25737,2.453253,-3.618819
81.422021389,28.64177,-33.47054,-2.123151,1.048515,-0.2763639,-0.1026802,-72.63299,2.086973,-1.620062
81.432019711,43.65588,-34.12341,-3.342566,1.007098,-0.1990991,-0.119378,-72.63299,2.086973,-1.620062
81.442018032,48.02473,-35.60722,-4.927805,0.9791341,0.04575862,-0.06531323,-72.63299,2.086973,-1.620062
81.452016354,36.88722,-38.45613,-4.622952,1.029421,0.144422,-0.06590488,-72.63299,2.086973,-1.620062
81.462014198,23.96524,-40.71152,-2.367033,1.016557,0.1020962,-0.09650043,-72.63299,2.086973,-1.620062
81.472012997,15.47366,-42.90756,-0.8427644,1.032591,-0.0006558729,-0.1548882,-73.01309,2.094512,-0.397337
81.482010841,15.41212,-45.16295,-0.1720861,1.035713,-0.0369784,-0.1481842,-73.01309,2.094512,-0.397337
81.492008686,17.68885,-46.70612,-0.1111153,1.027722,0.02573003,-0.1285648,-73.01309,2.094512,-0.397337
81.502007485,9.01266799999998,-47.77446,1.657037,1.071886,-0.01745677,-0.1640453,-73.01309,2.094512,-0.397337
81.512005329,7.16667,-47.41834,3.059364,1.074087,-0.05907018,-0.2554465,-73.01309,2.094512,-0.397337
81.522004128,3.782343,-45.99389,5.0714,1.038847,0.02502678,-0.3353289,-73.03168,2.495571,2.051647
81.532001972,-9.38576900000002,-43.73849,8.36382100000002,1.061113,0.1359763,-0.3665037,-73.03168,2.495571,2.051647
81.541999817,-25.69208,-41.00829,10.92459,1.086334,0.09025306,-0.3727574,-73.03168,2.495571,2.051647
81.551998615,-33.75293,-39.28707,12.08304,1.084541,0.03070124,-0.3449816,-73.03168,2.495571,2.051647
81.56199646,-30.5532,-39.46513,11.35139,1.14455,-0.04979864,-0.2972078,-73.03168,2.495571,2.051647
81.571994782,-21.56935,-37.74391,10.37586,1.168851,-0.07128146,-0.2546514,-73.0382,2.143001,5.34319
81.581993103,-16.64669,-38.81225,10.98556,1.168825,-0.01769679,-0.2403079,-73.0382,2.143001,5.34319
81.591991425,-20.33868,-37.80326,10.98556,1.267588,0.09387988,-0.2620447,-73.0382,2.143001,5.34319
81.601989746,-27.96881,-37.44715,11.29042,1.207431,0.001780785,-0.2662233,-73.0382,2.143001,5.34319
81.611988068,-32.82993,-36.31945,12.44886,1.19039,-0.07755916,-0.296802,-73.0382,2.143001,5.34319
81.621985912,-35.78353,-34.42017,12.26595,1.217321,-0.135497,-0.2609408,-72.309,2.552953,8.184737
81.631984234,-36.95266,-34.12341,10.19294,1.278996,-0.1752238,-0.2217949,-72.309,2.552953,8.184737
81.641982555,-33.56833,-31.74932,7.51023000000002,1.241187,-0.1350781,-0.2667255,-72.309,2.552953,8.184737
81.651980877,-32.5838,-28.30688,6.35178600000003,1.203129,-0.1075455,-0.3087809,-72.309,2.552953,8.184737
81.661979198,-38.24486,-21.71877,7.38828800000001,1.093166,-0.06768866,-0.4416436,-72.34302,3.714179,10.56516
81.671977043,-45.56731,-15.30871,6.71760999999998,1.001946,-0.09074703,-0.5338439,-72.34302,3.714179,10.56516
81.681975841,-52.3975,-8.48319099999998,5.254312,1.000375,-0.06008134,-0.577878,-72.34302,3.714179,10.56516
81.691973686,-52.27443,1.547359,2.937423,0.9008261,-0.08017807,-0.6470928,-72.34302,3.714179,10.56516
81.701971531,-49.93617,9.73798600000003,2.937423,0.847472,-0.06774864,-0.6604031,-72.34302,3.714179,10.56516
81.711970329,-50.5515,17.33509,1.778978,0.8394141,-0.001745221,-0.6522703,-71.95424,2.959548,10.959
81.721968174,-48.82857,23.27032,0.1937385,0.8117628,0.01920051,-0.5871412,-71.95424,2.959548,10.959
81.731966972,-45.69038,26.17859,-1.391501,0.8012264,0.09075663,-0.4450041,-71.95424,2.959548,10.959
81.741964817,-42.30605,26.23794,-3.098683,0.8172343,0.1487571,-0.354596,-71.95424,2.959548,10.959
81.751963139,-45.01351,26.2973,-3.769361,0.8486975,0.161673,-0.2857392,-71.95424,2.959548,10.959
81.76196146,-43.53671,25.52571,-4.866835,0.8550471,0.08309341,-0.2838158,-71.19351,2.57828,10.19259
81.771959782,-41.44458,24.51673,-5.110718,0.8034121,0.08048289,-0.3512043,-71.19351,2.57828,10.19259
81.781957626,-42.18298,24.75414,-5.110718,0.7734287,0.04175459,-0.3765066,-71.19351,2.57828,10.19259
81.791955948,-45.32118,24.63543,-4.622952,0.7298957,0.02349616,-0.4190193,-71.19351,2.57828,10.19259
81.801954269,-48.15171,23.98255,-4.683922,0.6869912,-0.002674051,-0.4778026,-71.19351,2.57828,10.19259
81.811952591,-46.98257,23.8045,-4.318098,0.6267841,-0.013985,-0.4686019,-71.54378,1.797866,8.194354
81.821950912,-46.49031,22.14263,-5.84236700000003,0.576027,-0.08880801,-0.5168302,-71.54378,1.797866,8.194354
81.831948757,-38.79866,19.70918,-6.33013299999999,0.5399281,-0.1914383,-0.5555056,-71.54378,1.797866,8.194354
81.841947556,-26.92274,14.72359,-6.02527899999998,0.5050477,-0.2287529,-0.5750568,-71.54378,1.797866,8.194354
81.8519454,-22.86155,9.85669000000001,-5.476542,0.5586213,-0.2512853,-0.4980936,-71.54378,1.797866,8.194354
81.861944199,-22.00008,6.53295800000002,-3.281595,0.5879074,-0.3311712,-0.4761096,-71.51315,0.6431789,6.587931
81.871942043,-20.52328,0.8351307,0.2547093,0.6018855,-0.4280755,-0.5282738,-71.51315,0.6431789,6.587931
81.881939888,-22.18468,-3.913059,5.742078,0.5938416,-0.517038,-0.4617148,-71.51315,0.6431789,6.587931
81.891938686,-16.83129,-10.20441,5.742078,0.571443,-0.5179884,-0.4640684,-71.51315,0.6431789,6.587931
81.901936531,-16.33902,-18.86986,3.54713,0.6245171,-0.4088396,-0.3340163,-71.51315,0.6431789,6.587931
81.911934853,-13.26236,-26.1702,1.839949,0.722689,-0.4435928,-0.2020915,-71.88002,0.2600107,6.587178
81.921933174,2.797811,-30.97774,3.303247,0.7457718,-0.4021431,-0.2361213,-71.88002,0.2600107,6.587178
81.931931019,12.33546,-38.10002,4.461692,0.7767025,-0.2042115,-0.1271109,-71.88002,0.2600107,6.587178
81.941929817,11.78166,-41.95792,0.4985923,0.8600426,0.02731073,-0.1775663,-71.88002,0.2600107,6.587178
81.951927662,-0.3403839,-48.18993,-2.428004,0.9194655,0.2871056,-0.2198514,-71.88002,0.2600107,6.587178
81.961925983,-13.01623,-49.37697,-5.171688,0.9802375,0.2169869,-0.2074963,-71.50447,-0.1039114,8.204494
81.971924305,-12.52396,-48.78345,-3.586449,0.9897332,0.07256819,-0.2912265,-71.50447,-0.1039114,8.204494
81.981922626,-8.27817099999997,-47.89316,-3.830332,1.016443,0.02311658,-0.3893684,-71.50447,-0.1039114,8.204494
81.991920948,-9.93956800000001,-44.80684,-2.8548,1.001845,0.02101506,-0.4281071,-71.50447,-0.1039114,8.204494
82.00191927,-11.23177,-43.44173,-3.037712,1.038484,-0.03474339,-0.3874777,-71.50447,-0.1039114,8.204494
82.011917114,-11.90863,-38.57484,-3.281595,1.045835,-0.06424154,-0.4406048,-71.51858,-0.07667112,11.42951
82.021915913,-11.04717,-36.3788,-4.074214,1.008172,-0.08238304,-0.4300058,-71.51858,-0.07667112,11.42951
82.031913757,-10.49337,-34.53888,-4.50101,1.017864,-0.07760221,-0.3534518,-71.51858,-0.07667112,11.42951
82.041911602,-11.04717,-35.25111,-5.476542,1.065087,-0.1000417,-0.3056707,-71.51858,-0.07667112,11.42951
82.0519104,-17.50816,-35.84463,-4.622952,1.114116,-0.08892872,-0.2593372,-71.51858,-0.07667112,11.42951
82.061908245,-21.69242,-34.24212,-4.561981,1.138384,-0.1875945,-0.2607898,-70.80509,1.093993,14.267
82.071907043,-24.03068,-32.75831,-3.281595,1.185347,-0.1724744,-0.3029903,-70.80509,1.093993,14.267
82.081904888,-24.95368,-27.83206,-3.769361,1.168147,-0.1419001,-0.4293122,-70.80509,1.093993,14.267
82.091902733,-20.52328,-26.2889,-5.232659,1.075484,-0.1395206,-0.4999806,-70.80509,1.093993,14.267
82.101901531,-15.96982,-24.03351,-6.26916200000001,1.04508,0.08024802,-0.4210191,-70.80509,1.093993,14.267
82.111899376,-21.87701,-24.80509,-7.67149000000001,1.072278,0.1909118,-0.3349513,-70.42535,0.3567972,16.72485
82.121897697,-30.67627,-27.00113,-8.22022599999998,1.094466,0.178914,-0.260329,-70.42535,0.3567972,16.72485
82.131896019,-32.89146,-31.15579,-9.92740700000002,1.083599,0.1886209,-0.1851762,-70.42535,0.3567972,16.72485
82.141894341,-32.09153,-35.60722,-13.76857,1.07936,0.1038088,-0.151168,-70.42535,0.3567972,16.72485
82.151892662,-26.49201,-37.74391,-17.79264,1.095019,-0.05753999,-0.2396903,-70.42535,0.3567972,16.72485
82.161890984,-15.41603,-40.05865,-22.54836,1.058021,-0.08708283,-0.3080546,-70.79929,-0.0127511,18.33661
82.171888828,-6.98597300000001,-42.07663,-28.27961,1.060457,-0.1382945,-0.2807668,-70.79929,-0.0127511,18.33661
82.181887627,6.73593800000001,-41.12699,-33.52309,0.9820154,-0.2219458,-0.4902249,-70.79929,-0.0127511,18.33661
82.191885471,14.91986,-41.06764,-33.40115,0.9179405,-0.02727206,-0.4786775,-70.79929,-0.0127511,18.33661
82.20188427,3.905409,-40.23671,-29.01126,0.7989362,0.08137227,-0.5096055,-70.79929,-0.0127511,18.33661
82.211882114,-10.61643,-41.48311,-24.37748,0.6929967,0.1688494,-0.5453365,-69.67004,-0.7443223,20.80001
82.221879959,-24.33834,-45.81583,-26.08466,0.6756727,0.2102245,-0.5003308,-69.67004,-0.7443223,20.80001
82.231878758,-26.98427,-48.66474,-32.79144,0.7483099,0.2337234,-0.5320495,-69.67004,-0.7443223,20.80001
82.241876602,-25.01521,-53.76905,-41.38832,0.8132998,0.3013665,-0.5556304,-69.67004,-0.7443223,20.80001
82.251875401,-22.55388,-58.5172299999999,-47.24152,0.9302793,0.407015,-0.4151602,-69.267,-2.622041,23.32845
82.261873245,-19.90795,-62.0783800000001,-51.69238,1.034741,0.2195119,-0.2616711,-69.267,-2.622041,23.32845
82.27187109,-1.324916,-63.9182999999999,-49.9852,1.129869,-0.06937972,-0.1751403,-69.267,-2.622041,23.32845
82.281869888,24.82671,-64.5118299999998,-47.4854,1.330506,-0.2993485,-0.3027321,-69.267,-2.622041,23.32845
82.291867733,41.37915,-65.1647000000001,-41.51026,1.419986,-0.2098514,-0.2215532,-69.267,-2.622041,23.32845
82.301866055,35.10276,-68.0729699999998,-34.49863,1.53435,-0.04549706,-0.1916446,-68.47658,-5.251665,26.57322
82.311864376,9.75106599999998,-69.0819599999999,-26.87728,1.569347,0.08878884,-0.1960473,-68.47658,-5.251665,26.57322
82.321862698,-18.36962,-68.8445499999999,-19.01205,1.580339,0.1234709,-0.3061479,-68.47658,-5.251665,26.57322
82.331861019,-43.22905,-69.2006699999997,-14.25633,1.451163,0.1482997,-0.4466305,-68.47658,-5.251665,26.57322
82.341859341,-56.52023,-73.9488500000001,-10.72003,1.306156,0.1867993,-0.5459315,-68.47658,-5.251665,26.57322
82.351857185,-66.6732100000001,-77.4506500000002,-10.53712,1.098058,0.1592073,-0.6685556,-66.94063,-7.868038,30.72656
82.361855984,-67.4116099999997,-76.8571199999998,-13.15886,0.9230432,-0.07487912,-0.8591421,-66.94063,-7.868038,30.72656
82.371853829,-49.13624,-76.0261900000001,-11.32973,0.8940381,-0.2455292,-0.9648129,-66.94063,-7.868038,30.72656
82.381851673,-26.98427,-71.9308800000001,-7.85440200000002,0.8636933,-0.1326358,-0.882474,-66.94063,-7.868038,30.72656
82.391850472,-10.86257,-66.88593,-5.049747,0.7410413,0.1998662,-0.7641376,-66.94063,-7.868038,30.72656
82.401848316,-19.96948,-63.2060800000001,-0.3549984,0.6595516,0.3087087,-0.8013524,-64.67811,-9.278139,34.42754
82.411847115,-41.32152,-57.9237099999997,6.65663900000001,0.6402905,0.2734695,-0.6811872,-64.67811,-9.278139,34.42754
82.421844959,-50.67457,-50.92013,11.47333,0.6086012,0.1694159,-0.7256127,-64.67811,-9.278139,34.42754
82.431842804,-42.30605,-46.52806,15.00963,0.5327821,-0.02325011,-0.7464883,-64.67811,-9.278139,34.42754
82.441841602,-24.46141,-37.26909,20.19215,0.5595521,-0.0195195,-0.6623065,-64.67811,-9.278139,34.42754
82.451839447,-7.539772,-29.01911,25.13078,0.5479885,0.07985879,-0.5575038,-62.7817,-10.76861,36.44906
82.461838245,-3.293979,-19.16662,30.19135,0.5673917,0.2159524,-0.4900934,-62.7817,-10.76861,36.44906
82.47183609,-11.72403,-10.0857,35.06901,0.5597368,0.3134632,-0.438419,-62.7817,-10.76861,36.44906
82.481834412,-26.86121,-2.251192,37.93464,0.5520198,0.3623699,-0.387689,-62.7817,-10.76861,36.44906
82.491832733,-39.22939,4.099511,40.12959,0.5516263,0.3832181,-0.3920009,-62.7817,-10.76861,36.44906
82.501831055,-48.58244,10.03475,42.01968,0.5619742,0.3771053,-0.3920173,-60.90548,-11.12455,37.69049
82.5118289,-53.75123,16.62286,40.92221,0.5745744,0.3279057,-0.432227,-60.90548,-11.12455,37.69049
82.521827698,-49.38237,23.86385,37.93464,0.602722,0.2551977,-0.4729363,-60.90548,-11.12455,37.69049
82.531825543,-37.38339,31.87642,33.97154,0.5823236,0.2505036,-0.5169286,-60.90548,-11.12455,37.69049
82.541824341,-24.46141,38.58324,29.4597,0.5425333,0.3183089,-0.5618629,-60.90548,-11.12455,37.69049
82.551822186,-17.01589,43.27208,24.52107,0.549418,0.3920141,-0.5939584,-61.66533,-10.37982,36.45537
82.56182003,-16.52362,48.61379,18.24108,0.587813,0.4490673,-0.6021759,-61.66533,-10.37982,36.45537
82.571818829,-20.64635,54.54903,11.90012,0.6379948,0.4760067,-0.5812129,-61.66533,-10.37982,36.45537
82.581816673,-25.81514,60.5436099999998,5.254312,0.6658691,0.4714884,-0.55111,-61.66533,-10.37982,36.45537
82.591815472,-29.87634,65.64791,-0.3549984,0.6902844,0.4171558,-0.54061,-61.66533,-10.37982,36.45537
82.601813316,-31.2916,70.63351,-4.50101,0.7452782,0.3692676,-0.5292077,-62.79089,-9.655328,33.15346
82.611811161,-29.32254,75.3223499999999,-7.85440200000002,0.8111556,0.3642299,-0.5317141,-62.79089,-9.655328,33.15346
82.621809959,-28.83027,79.9518399999998,-9.80546599999998,0.8731741,0.3836325,-0.5102913,-62.79089,-9.655328,33.15346
82.631807804,-30.98393,83.9877900000001,-9.25672899999999,0.8930833,0.4395372,-0.4978974,-62.79089,-9.655328,33.15346
82.641806126,-40.76772,87.0741199999997,-6.39110400000002,0.8937798,0.4811893,-0.4615375,-62.79089,-9.655328,33.15346
82.651804447,-53.81276,88.4985700000001,-3.281595,0.8995861,0.457528,-0.457713,-65.7632,-10.09251,29.06972
82.661802769,-61.8736199999998,89.8636800000001,-1.208589,0.9202799,0.3675342,-0.4596402,-65.7632,-10.09251,29.06972
82.67180109,-62.9812199999998,92.0003700000002,-0.964705900000002,0.934522,0.2837169,-0.4629934,-65.7632,-10.09251,29.06972
82.681799412,-60.2737499999999,94.1964000000002,-0.964705900000002,0.9420707,0.2193236,-0.4534185,-65.7632,-10.09251,29.06972
82.691797256,-56.15103,96.1550299999998,-2.306063,0.9622808,0.1814914,-0.4362153,-65.7632,-10.09251,29.06972
82.701796055,-52.52057,97.5794899999999,-4.196156,0.9931862,0.1447503,-0.429081,-68.70656,-11.6811,23.76656
82.711793899,-50.7361,99.3600600000002,-6.33013299999999,1.012692,0.1186238,-0.4056581,-68.70656,-11.6811,23.76656
82.721792698,-50.67457,100.7252,-8.58605100000002,0.9976384,0.09028656,-0.3898315,-68.70656,-11.6811,23.76656
82.731790543,-51.78217,101.5561,-10.90294,0.9984319,0.04801654,-0.3907792,-68.70656,-11.6811,23.76656
82.741788387,-52.52057,102.7431,-12.67109,1.005885,-0.01165088,-0.3955626,-68.70656,-11.6811,23.76656
82.751787186,-52.3975,104.2863,-14.86604,0.9959495,-0.07940183,-0.396485,-70.50879,-13.65905,16.40976
82.76178503,-50.3669,105.8888,-18.09749,0.9802204,-0.1238631,-0.3887889,-70.50879,-13.65905,16.40976
82.771783829,-46.30571,106.9572,-21.08506,0.9623253,-0.1566563,-0.3758277,-70.50879,-13.65905,16.40976
82.781781673,-42.61372,107.9662,-23.58486,0.937002,-0.2090164,-0.3609342,-70.50879,-13.65905,16.40976
82.791779518,-32.15306,108.2036,-25.04816,0.9145695,-0.234361,-0.3738101,-72.68407,-15.64309,8.663183
82.801778316,-14.49303,108.1442,-24.19457,0.9208889,-0.2338731,-0.3872214,-72.68407,-15.64309,8.663183
82.811776161,1.382547,108.7377,-22.06059,0.9289171,-0.1679588,-0.3705022,-72.68407,-15.64309,8.663183
82.821774483,10.48946,108.441,-19.19496,0.9374883,-0.1049144,-0.3499546,-72.68407,-15.64309,8.663183
82.831772804,17.01199,107.61,-15.84157,0.9555612,-0.05479827,-0.3289416,-72.68407,-15.64309,8.663183
82.841771126,21.87311,106.4823,-10.96391,0.9502872,-0.03356491,-0.3337237,-73.73514,-17.61868,0.9249449
82.851769447,25.56511,104.3457,-4.561981,0.9538204,-0.01401796,-0.3294277,-73.73514,-17.61868,0.9249449
82.861767769,28.58023,102.7431,2.083832,0.9616655,0.009532408,-0.3217902,-73.73514,-17.61868,0.9249449
82.871765614,27.7803,100.1316,8.24187900000002,0.9610363,0.01741786,-0.308391,-73.73514,-17.61868,0.9249449
82.881764412,25.25744,96.3924399999998,13.11954,0.9365266,-0.000424295,-0.2935078,-73.73514,-17.61868,0.9249449
82.891762257,24.58057,92.71259,17.32652,0.9240152,-0.03463037,-0.2872557,-74.05582,-18.8214,-6.037786
82.901760578,28.08797,88.2611699999998,21.89933,0.9514974,-0.04544391,-0.3069225,-74.05582,-18.8214,-6.037786
82.9117589,32.76449,84.40326,26.53311,0.9990857,-0.0103869,-0.2960072,-74.05582,-18.8214,-6.037786
82.921756744,34.11823,80.6047100000001,31.47174,1.023365,0.07235727,-0.2807564,-74.05582,-18.8214,-6.037786
82.931755543,27.9649,76.4500400000002,36.59328,1.034302,0.1650865,-0.2606992,-74.05582,-18.8214,-6.037786
82.941753387,14.85832,72.23603,42.01968,1.018421,0.2066909,-0.2468035,-74.02901,-18.87316,-12.16531
82.951751232,0.2749484,68.2594099999999,47.08025,1.010905,0.2184945,-0.2152074,-74.02901,-18.87316,-12.16531
82.961750031,-12.7701,65.1137399999999,51.04335,0.9940119,0.1842764,-0.2008119,-74.02901,-18.87316,-12.16531
82.971747875,-18.86189,61.9087100000001,52.93344,0.9842681,0.1583904,-0.1940881,-74.02901,-18.87316,-12.16531
82.981746674,-18.12349,59.7720300000002,54.64063,0.9850332,0.1960204,-0.1725632,-74.02901,-18.87316,-12.16531
82.991744518,-20.89248,57.7540499999999,57.26237,0.9850475,0.2477542,-0.1481692,-74.45139,-15.49744,-17.47537
83.00174284,-27.16887,55.91413,58.6647000000001,0.9847119,0.2922052,-0.122337,-74.45139,-15.49744,-17.47537
83.011741161,-36.70652,54.60838,58.0549899999998,1.002359,0.3131739,-0.09940148,-74.45139,-15.49744,-17.47537
83.021739483,-42.30605,53.00586,54.94548,1.005168,0.293297,-0.1003584,-74.45139,-15.49744,-17.47537
83.031737804,-42.73678,52.35299,50.37267,1.005892,0.2814435,-0.06972776,-74.45139,-15.49744,-17.47537
83.041735649,-40.21392,51.344,45.67793,0.9816876,0.2997645,-0.0333185,-74.12597,-12.11283,-22.39287
83.051733971,-39.04479,49.97889,40.43444,0.9960256,0.3161198,0.02360284,-74.12597,-12.11283,-22.39287
83.061732292,-36.27579,49.38537,34.33736,1.017972,0.3166289,0.08482219,-74.12597,-12.11283,-22.39287
83.071730614,-30.49167,48.43573,28.54514,1.016504,0.2915021,0.1034957,-74.12597,-12.11283,-22.39287
83.081728458,-22.06161,47.30804,23.05777,1.045301,0.2636023,0.1254672,-74.12597,-12.11283,-22.39287
83.091727257,-13.6931,46.65516,18.97273,1.058276,0.2737616,0.1455421,-73.08487,-7.257487,-26.47407
83.101725101,-6.862906,44.87459,16.04613,1.038409,0.2673755,0.1278711,-73.08487,-7.257487,-26.47407
83.1117239,-1.386449,42.85661,16.16808,0.9945,0.2961461,0.1274617,-73.08487,-7.257487,-26.47407
83.121721745,-1.632582,39.71093,19.58244,1.002033,0.3361509,0.1283954,-73.08487,-7.257487,-26.47407
83.131719589,-8.03203799999998,36.86202,22.9968,1.02688,0.3624142,0.1302596,-73.08487,-7.257487,-26.47407
83.141718388,-17.56969,35.73433,23.97233,1.07092,0.3533603,0.160814,-72.38221,-4.24007,-30.16125
83.151716232,-25.99974,35.49691,23.85039,1.124785,0.3145168,0.207152,-72.38221,-4.24007,-30.16125
83.161715031,-29.19947,36.56526,23.36263,1.147704,0.2885411,0.2396619,-72.38221,-4.24007,-30.16125
83.171712875,-29.6302,38.04906,22.50904,1.121071,0.2798461,0.2497607,-72.38221,-4.24007,-30.16125
83.181711197,-32.70687,38.52388,21.77739,1.123504,0.2541743,0.2535917,-72.38221,-4.24007,-30.16125
83.191709518,-32.2146,39.11741,20.55797,1.148086,0.2160601,0.2305869,-72.02453,-2.74362,-33.4561
83.201707363,-30.12247,38.93935,20.43603,1.151633,0.1824291,0.211925,-72.02453,-2.74362,-33.4561
83.211705685,-25.32288,37.15878,21.04574,1.151252,0.1757095,0.1688555,-72.02453,-2.74362,-33.4561
83.221704006,-21.93855,32.46994,20.74088,1.093534,0.211241,0.08758906,-72.02453,-2.74362,-33.4561
83.231702328,-26.18434,31.16419,19.52147,1.1568,0.2425063,0.1281497,-72.02453,-2.74362,-33.4561
83.241700649,-34.18366,34.60663,19.0337,1.277111,0.2485894,0.267204,-69.44028,-0.0924964,-37.12735
83.251698971,-37.07573,38.46453,19.27759,1.285674,0.1831662,0.321285,-69.44028,-0.0924964,-37.12735
83.261696816,-29.93787,39.23611,18.30205,1.240756,0.08260272,0.2620458,-69.44028,-0.0924964,-37.12735
83.271695614,-18.98495,37.27748,16.5339,1.220711,0.006836558,0.203714,-69.44028,-0.0924964,-37.12735
83.281693459,-9.07810300000001,34.25051,15.19255,1.246797,-0.007366676,0.1883577,-69.44028,-0.0924964,-37.12735
83.291692257,-0.3403839,31.4016,14.4609,1.232126,0.02079908,0.1649258,-67.60303,2.182998,-39.57662
83.301690102,3.290077,28.73074,13.42439,1.172513,0.08131835,0.1630999,-67.60303,2.182998,-39.57662
83.311687946,2.797811,25.82248,12.63177,1.149771,0.09814361,0.1392064,-67.60303,2.182998,-39.57662
83.321686745,-0.03271778,25.58507,12.5708,1.150276,0.09716855,0.13777,-67.60303,2.182998,-39.57662
83.331684589,0.1518819,25.76312,13.42439,1.106494,0.09271772,0.1177473,-67.60303,2.182998,-39.57662
83.341683388,0.767214200000001,27.36564,14.15604,1.052957,0.08920836,0.1154486,-65.37531,3.700592,-42.01907
83.351681233,1.07488,27.48434,14.58284,0.9917576,0.1037151,0.08061553,-65.37531,3.700592,-42.01907
83.361679077,-2.309447,27.36564,15.37546,0.9340426,0.11524,0.0840632,-65.37531,3.700592,-42.01907
83.371677876,-5.87837500000002,26.416,15.92419,0.8999512,0.1147551,0.1047015,-65.37531,3.700592,-42.01907
83.38167572,-6.49370699999998,24.33867,14.58284,0.8347415,0.05720182,0.06319391,-62.41551,5.987792,-44.073
83.391674042,-2.124848,22.32069,12.87566,0.781637,0.03020473,0.04223609,-62.41551,5.987792,-44.073
83.401672363,1.813279,19.29372,11.5343,0.7593186,0.05123733,0.05231968,-62.41551,5.987792,-44.073
83.411670685,4.889941,16.4448,10.13197,0.7091423,0.04934335,0.006942912,-62.41551,5.987792,-44.073
83.421669006,7.41280299999999,14.72359,8.91255800000001,0.6702068,0.02087981,0.007496692,-62.41551,5.987792,-44.073
83.431667328,10.551,14.07071,8.30284999999999,0.6555885,0.04684939,0.009429793,-61.30165,6.746591,-45.29422
83.441665173,10.7356,13.23978,7.69314200000002,0.6162282,0.06698478,0.01140753,-61.30165,6.746591,-45.29422
83.451663971,9.13573400000002,11.2218,7.205376,0.5868601,0.07354453,-0.00481455,-61.30165,6.746591,-45.29422
83.461661816,5.074541,8.31352900000002,7.205376,0.5786586,0.0953376,0.004765656,-61.30165,6.746591,-45.29422
83.471660614,-0.1557842,6.17684400000002,7.14440499999997,0.6053508,0.07561771,0.02243152,-61.30165,6.746591,-45.29422
83.481658459,-2.370981,4.336921,6.71760999999998,0.5998868,0.05504319,0.01622485,-59.41669,6.373759,-46.05229
83.491656304,-3.170913,2.022178,6.22984400000002,0.5852626,0.02953793,0.02199982,-59.41669,6.373759,-46.05229
83.501655102,-2.863246,0.657073599999999,5.620136,0.6045731,0.03913918,0.02052796,-59.41669,6.373759,-46.05229
83.511652947,-4.093911,-0.708030899999999,5.742078,0.6213293,0.05499843,0.01810179,-59.41669,6.373759,-46.05229
83.521650791,-6.55523999999999,-1.301555,5.98596099999998,0.6282554,0.07562816,0.02717735,-59.41669,6.373759,-46.05229
83.53164959,-11.97016,-2.369897,6.77858100000002,0.6269792,0.0916127,0.024304,-57.92022,6.755014,-47.2687
83.541647434,-18.43115,-4.922049,7.57120099999999,0.6152448,0.06745129,0.01140912,-57.92022,6.755014,-47.2687
83.551646233,-22.61541,-8.48319099999998,8.30284999999999,0.620631,0.03970551,-0.005343285,-57.92022,6.755014,-47.2687
83.561644077,-25.56901,-9.90764799999999,8.24187900000002,0.7189755,0.01979963,0.04952664,-57.92022,6.755014,-47.2687
83.571642399,-26.36894,-11.2134,7.99799599999998,0.7382634,0.05741931,0.08298367,-57.92022,6.755014,-47.2687
83.581640721,-29.38407,-13.64685,8.72964499999998,0.7052612,0.07617424,0.07968633,-58.31855,7.893269,-47.27757
83.591639042,-34.6144,-15.72418,10.37586,0.7128046,0.0380304,0.09021168,-58.31855,7.893269,-47.27757
83.601637364,-37.62952,-17.08928,10.98556,0.7587969,0.001941712,0.08296216,-58.31855,7.893269,-47.27757
83.611635685,-39.29092,-17.74216,11.04653,0.7904925,0.0005320412,0.07285716,-58.31855,7.893269,-47.27757
83.62163353,-43.72131,-18.03892,11.16848,0.8409748,0.01142371,0.0919094,-58.31855,7.893269,-47.27757
83.631632328,-50.79763,-19.99755,12.44886,0.8706377,0.01427717,0.07414965,-58.72813,9.418418,-46.51446
83.641630173,-56.39716,-21.54071,14.09507,0.9147763,-0.02659789,0.07886898,-58.72813,9.418418,-46.51446
83.651628017,-57.07402,-23.7961,14.64381,0.8925067,-0.0599503,0.09327368,-58.72813,9.418418,-46.51446
83.664125919,-52.9513,-24.68639,14.27798,0.8867844,-0.03982833,0.1272574,-58.72813,9.418418,-46.51446
83.67162466,-50.7361,-25.81408,13.85119,0.8645956,0.0001015328,0.1311144,-58.72813,9.418418,-46.51446
83.681623459,-52.33597,-28.18818,13.66828,0.8448338,0.01417091,0.1182236,-59.9226,12.46699,-44.86201
83.691621303,-54.18196,-29.67199,13.54634,0.8641566,-0.02867419,0.1205939,-59.9226,12.46699,-44.86201
83.704119205,-49.62851,-28.12883,12.26595,0.8544888,-0.03270887,0.1253975,-59.9226,12.46699,-44.86201
83.711617947,-49.2593,-28.12883,11.65624,0.8143881,0.000317382,0.103923,-59.9226,12.46699,-44.86201
83.724115848,-52.9513,-28.48494,12.26595,0.8527347,-0.01876183,0.06031065,-59.9226,12.46699,-44.86201
83.73161459,-55.41263,-27.95077,13.11954,0.8489867,-0.02651882,0.07036928,-61.11508,15.51175,-43.66107
83.741612434,-57.13556,-29.01911,13.54634,0.8082116,-0.009585839,0.04411431,-61.11508,15.51175,-43.66107
83.751610756,-60.4583499999998,-31.86802,12.9976,0.8039576,0.008471302,0.008702451,-61.11508,15.51175,-43.66107
83.761609077,-62.4274200000001,-36.3788,11.9611,0.7519976,-0.002187326,-0.03475465,-61.11508,15.51175,-43.66107
83.771607399,-61.5659499999998,-41.95792,10.55877,0.7412311,-0.0529433,-0.08832332,-61.11508,15.51175,-43.66107
83.78160572,-53.81276,-47.35899,7.44925899999998,0.7864245,-0.072574,-0.10084,-62.30873,18.19359,-40.3941
83.794103146,-40.64465,-54.00646,2.937423,0.7656862,-0.03295324,-0.1338358,-62.30873,18.19359,-40.3941
83.801601887,-33.1376,-58.0424200000002,-0.659852100000001,0.7436836,-0.05621937,-0.1859563,-62.30873,18.19359,-40.3941
83.811600685,-22.06161,-60.35716,-4.257127,1.081499,-0.1792119,0.3523631,-62.30873,18.19359,-40.3941
83.824097633,-77.9953199999998,6.17684400000002,21.22865,3.121178,0.3449996,3.467553,-64.26814,21.9967,-38.81577
83.834096432,-131.4677,43.21272,46.3486,3.105531,0.2101608,2.097451,-64.26814,21.9967,-38.81577
83.844094276,-141.0054,20.36206,46.16569,1.349034,-0.8992128,0.6416206,-64.26814,21.9967,-38.81577
83.851593018,-98.54742,-16.49576,21.5335,1.114834,-0.5641187,-0.09506448,-64.26814,21.9967,-38.81577
83.864090919,-9.75496900000002,-64.5711799999999,-6.45207400000002,1.957249,-0.4554357,-0.128147,-64.26814,21.9967,-38.81577
83.874089241,50.42453,-71.9902300000001,-11.63459,1.837598,-0.1017166,-0.03422863,-66.2118,25.03911,-37.23339
83.881587505,85.0061999999998,-69.4380700000001,-14.43924,1.266388,-0.09909584,-0.1595776,-66.2118,25.03911,-37.23339
83.891586304,101.3125,-61.6629100000002,-17.36584,0.6470492,0.05093785,-0.3743744,-66.2118,25.03911,-37.23339
83.904084206,52.14746,-51.86977,-14.92701,0.7997695,0.3247465,-0.4144329,-66.2118,25.03911,-37.23339
83.91408205,-19.47722,-41.83922,-4.257127,1.061358,0.5128753,-0.3350152,-66.2118,25.03911,-37.23339
83.924080372,-82.0565200000001,-34.30147,2.327715,0.957302,0.2121512,-0.4735434,-67.02338,27.70959,-35.64064
83.934078693,-110.6695,-30.56227,5.620136,1.062224,-0.05543837,-0.4698288,-67.02338,27.70959,-35.64064
83.944077015,-100.0242,-25.99214,6.35178600000003,1.173682,-0.2262857,-0.3168348,-67.02338,27.70959,-35.64064
83.95407486,-59.9660900000002,-20.65043,6.22984400000002,1.111873,-0.3843246,-0.2482499,-67.02338,27.70959,-35.64064
83.964073658,-16.33902,-16.55511,5.559165,1.062117,-0.2741689,-0.1046188,-67.02338,27.70959,-35.64064
83.974071503,1.136414,-15.84289,2.327715,1.002575,0.01781437,-0.03663235,-68.49741,25.82435,-32.3521
83.984070301,-11.8471,-19.99755,0.681504599999997,0.9873968,0.1774288,-0.0323398,-68.49741,25.82435,-32.3521
83.994068146,-46.42878,-23.49934,1.413154,1.103381,0.1021119,0.08903573,-68.49741,25.82435,-32.3521
84.00406599,-69.8114,-21.71877,2.75451,1.061359,-0.150751,0.1078386,-68.49741,25.82435,-32.3521
84.014064789,-68.0884699999998,-19.58208,1.413154,0.9330302,-0.2985882,0.05449981,-68.49741,25.82435,-32.3521
84.024062634,-58.24316,-19.40403,-2.306063,0.901086,-0.1030876,0.03392639,-68.17888,28.12673,-30.29748
84.034061432,-72.3342700000001,-23.02452,-7.18372300000002,0.9682829,0.1088116,0.1041054,-68.17888,28.12673,-30.29748
84.044059277,-88.3944400000002,-25.57667,-6.39110400000002,1.040253,-0.0653844,0.08296741,-68.17888,28.12673,-30.29748
84.054057598,-84.0871100000001,-24.09286,-6.33013299999999,1.057293,-0.2199447,0.09589906,-68.17888,28.12673,-30.29748
84.06405592,-65.56561,-25.16121,-9.13478800000001,0.9692464,-0.3087486,-0.01878284,-68.17888,28.12673,-30.29748
84.074053764,-48.02864,-28.663,-7.79343099999999,0.9357817,-0.394896,-0.01439514,-68.59029,29.22938,-27.01649
84.084052563,-36.82959,-31.15579,-6.57401600000003,1.027094,-0.3517815,0.03903509,-68.59029,29.22938,-27.01649
84.094050407,-29.9994,-32.10543,-6.93983999999998,1.0036,-0.2929424,0.09409714,-68.59029,29.22938,-27.01649
84.104048729,-26.12281,-33.11442,-9.07381699999998,0.9606073,-0.3141452,0.0472771,-68.59029,29.22938,-27.01649
84.114047051,-18.43115,-36.20074,-11.39071,0.965766,-0.3833287,-0.03646489,-68.59029,29.22938,-27.01649
84.124045372,-6.370641,-38.93095,-13.2808,0.9650961,-0.3223458,-0.06184396,-69.75838,30.76633,-24.19494
84.134043217,0.3980148,-38.21873,-15.10992,1.005037,-0.1903252,-0.005954177,-69.75838,30.76633,-24.19494
84.144042015,-1.386449,-37.80326,-17.48778,0.9835004,-0.160632,-0.06000337,-69.75838,30.76633,-24.19494
84.15403986,0.5826145,-39.22772,-18.76817,0.9789857,-0.3117281,-0.1528004,-69.75838,30.76633,-24.19494
84.164038658,11.41246,-40.05865,-20.23147,0.9983274,-0.3842523,-0.260495,-69.75838,30.76633,-24.19494
84.174036503,26.42657,-38.99031,-22.85321,1.010509,-0.2556714,-0.3079284,-70.52814,31.16504,-21.36451
84.184034348,25.31897,-36.14139,-24.7433,1.022327,-0.08041994,-0.2993797,-70.52814,31.16504,-21.36451
84.194033146,16.27359,-33.05507,-24.19457,1.002586,-0.09367695,-0.3247064,-70.52814,31.16504,-21.36451
84.204030991,10.3664,-30.56227,-21.75574,0.9917185,-0.1903888,-0.3552915,-70.52814,31.16504,-21.36451
84.214029789,16.02746,-28.24753,-19.31691,0.9760265,-0.2888327,-0.3523673,-70.52814,31.16504,-21.36451
84.224027634,30.30317,-25.87344,-17.06099,0.967057,-0.2767991,-0.2925328,-72.37407,29.63663,-20.5318
84.234025478,40.76381,-22.90582,-15.41478,0.9964487,-0.1800448,-0.2442727,-72.37407,29.63663,-20.5318
84.244024277,47.0402,-20.82848,-14.01245,1.004581,-0.1193642,-0.215588,-72.37407,29.63663,-20.5318
84.254022121,53.87039,-19.40403,-12.854,0.9829221,0.02295721,-0.1753865,-72.37407,29.63663,-20.5318
84.26402092,44.51734,-19.99755,-10.96391,0.951058,0.3189099,-0.1581784,-72.37407,29.63663,-20.5318
84.274018765,19.47332,-20.94719,-8.58605100000002,0.9822352,0.3980695,-0.1247528,-72.72403,28.18615,-19.3013
84.284017086,-2.617113,-22.01553,-7.18372300000002,1.037239,0.3240634,-0.09994367,-72.72403,28.18615,-19.3013
84.294015408,-11.35483,-21.65942,-6.20819099999998,1.021912,0.07568476,-0.1266533,-72.72403,28.18615,-19.3013
84.304013729,-4.216978,-21.89683,-5.415571,0.9875647,-0.09380858,-0.1476071,-72.72403,28.18615,-19.3013
84.314011574,5.382206,-21.60007,-5.659454,0.9822014,-0.1453629,-0.1408844,-72.72403,28.18615,-19.3013
84.324010372,10.24333,-21.83747,-5.29363,0.9717038,-0.1828825,-0.1293706,-73.07071,26.66845,-18.52196
84.334008217,11.72013,-22.19359,-4.744893,0.9736884,-0.2624983,-0.1250464,-73.07071,26.66845,-18.52196
84.344007015,17.38119,-21.65942,-4.683922,0.994593,-0.3636295,-0.1231425,-73.07071,26.66845,-18.52196
84.35400486,32.64143,-22.5497,-6.02527899999998,0.967863,-0.4197085,-0.1398316,-73.07071,26.66845,-18.52196
84.364002705,49.0708,-23.26193,-7.91537200000002,0.9441306,-0.2977377,-0.1417359,-73.44912,26.67271,-17.68624
84.374001503,54.17806,-24.27092,-8.28119799999998,0.9510889,-0.148652,-0.1145076,-73.44912,26.67271,-17.68624
84.383999348,52.70126,-25.16121,-7.85440200000002,0.9905038,-0.0668166,-0.07200414,-73.44912,26.67271,-17.68624
84.393998146,51.83979,-25.27991,-7.67149000000001,1.00667,-0.07212768,-0.1031384,-73.44912,26.67271,-17.68624
84.403995991,55.77792,-25.99214,-7.244694,0.9826988,-0.09374241,-0.1298913,-73.44912,26.67271,-17.68624
84.413993836,60.2083100000002,-27.47595,-7.73246000000002,0.958701,-0.1131112,-0.123623,-73.80983,25.91246,-17.29796
84.423992634,66.1770400000001,-29.07846,-8.098285,0.9733153,-0.1648489,-0.1269852,-73.80983,25.91246,-17.29796
84.433990479,73.7456300000002,-30.0281,-8.46410900000001,0.9791003,-0.1876353,-0.1336895,-73.80983,25.91246,-17.29796
84.443989277,78.4836799999998,-31.57126,-8.64702100000002,0.9691553,-0.1251497,-0.1341668,-73.80983,25.91246,-17.29796
84.453987122,76.8222899999997,-31.80867,-8.64702100000002,0.9830624,0.01654719,-0.1327918,-73.80983,25.91246,-17.29796
84.463985443,65.3155699999998,-31.33385,-7.67149000000001,0.9830772,0.06752748,-0.1375907,-74.15144,24.38496,-17.67963
84.473983765,58.3623200000002,-31.51191,-5.84236700000003,0.9990622,-0.05700859,-0.1337579,-74.15144,24.38496,-17.67963
84.483982086,63.2849799999999,-27.83206,-4.013244,1.029234,-0.2624781,-0.136629,-74.15144,24.38496,-17.67963
84.493980408,81.1911499999998,-24.38963,-2.488975,0.993302,-0.3986253,-0.1212169,-74.15144,24.38496,-17.67963
84.503978729,97.4359199999998,-20.47237,-0.964705900000002,1.02137,-0.4894566,-0.0183486,-74.15144,24.38496,-17.67963
84.513976574,113.7422,-14.65584,0.986358399999998,1.032706,-0.5992167,0.01707453,-74.1374,23.62751,-17.28858
84.523975372,138.5401,-16.97058,-0.2330568,0.9049596,-0.6258704,-0.1765192,-74.1374,23.62751,-17.28858
84.533973217,163.3995,-27.35724,-6.26916200000001,0.8485607,-0.2203237,-0.2904264,-74.1374,23.62751,-17.28858
84.543971062,155.031,-35.31046,-12.79303,0.9902127,0.4141931,-0.1324281,-74.1374,23.62751,-17.28858
84.55396986,123.9567,-42.78886,-11.57362,1.062969,0.5347423,-0.1794864,-74.1374,23.62751,-17.28858
84.563967705,88.0828700000001,-51.03884,-8.76896300000003,1.04945,0.5251132,-0.2995829,-74.84668,22.08358,-19.28553
84.573966503,63.9003100000001,-54.95609,-7.91537200000002,1.071956,0.2855149,-0.3512467,-74.84668,22.08358,-19.28553
84.583964348,60.6390500000001,-52.64135,-7.12275300000002,1.077545,0.06302708,-0.4612716,-74.84668,22.08358,-19.28553
84.593962193,57.9315800000002,-48.48669,-3.830332,1.033143,0.03801316,-0.5497244,-74.84668,22.08358,-19.28553
84.603960991,47.4094,-46.70612,-1.757326,1.036917,0.1499298,-0.488502,-74.84668,22.08358,-19.28553
84.613958836,30.79543,-44.09461,0.01082622,1.043766,0.1501977,-0.4210348,-74.80906,20.18507,-18.88839
84.623957634,14.24299,-42.19534,3.120335,1.054563,0.120344,-0.4143459,-74.80906,20.18507,-18.88839
84.633955479,3.53621,-38.33743,5.681107,1.075627,0.06315243,-0.3904391,-74.80906,20.18507,-18.88839
84.6439538,1.197947,-35.84463,7.99799599999998,1.08033,0.04699968,-0.3602928,-74.80906,20.18507,-18.88839
84.653952122,-3.047846,-35.60722,8.91255800000001,1.107547,0.05103112,-0.3502912,-74.80906,20.18507,-18.88839
84.663950443,-8.52430299999999,-33.70795,9.82711900000002,1.09181,0.03198247,-0.3799306,-75.91425,18.67918,-16.05061
84.673948765,-14.43149,-33.64859,10.68071,1.097542,0.06497839,-0.3445345,-75.91425,18.67918,-16.05061
84.683947086,-26.79967,-32.34284,12.20498,1.13496,0.09628811,-0.3493935,-75.91425,18.67918,-16.05061
84.693944931,-34.0606,-31.09644,12.26595,1.119078,-0.01830965,-0.3589078,-75.91425,18.67918,-16.05061
84.703943729,-34.92206,-31.09644,12.20498,1.147145,-0.08428871,-0.3015106,-75.91425,18.67918,-16.05061
84.713941574,-31.53773,-29.79069,9.52226500000001,1.155657,-0.1210599,-0.2493512,-75.18951,19.46295,-13.98509
84.723939419,-26.98427,-29.43458,8.91255800000001,1.155126,-0.1962685,-0.2359308,-75.18951,19.46295,-13.98509
84.733938217,-23.66148,-27.4166,8.668674,1.157642,-0.2278323,-0.2919205,-75.18951,19.46295,-13.98509
84.743936062,-28.46107,-28.18818,9.76614900000002,1.131199,-0.03779012,-0.2306656,-75.18951,19.46295,-13.98509
84.75393486,-44.45971,-27.4166,10.19294,1.195993,-0.01057523,-0.2111639,-75.18951,19.46295,-13.98509
84.763932705,-53.81276,-23.7961,12.02207,1.117842,-0.0826275,-0.3751607,-75.21597,20.24436,-11.53814
84.77393055,-58.7354200000001,-18.21698,13.66828,1.04542,-0.1474037,-0.4999261,-75.21597,20.24436,-11.53814
84.783929348,-64.6426099999999,-10.26376,14.64381,1.046611,-0.1334853,-0.5214677,-75.21597,20.24436,-11.53814
84.793927193,-64.3964800000001,-1.598316,14.33895,0.9915881,-0.1377828,-0.6065573,-75.21597,20.24436,-11.53814
84.803925991,-62.8581499999998,7.06713000000001,14.15604,0.9449798,-0.09648035,-0.6653515,-75.21597,20.24436,-11.53814
84.813923836,-63.4119500000001,15.31711,13.60731,0.9100671,-0.02760592,-0.6571726,-74.11819,21.03421,-9.08284
84.823922157,-64.5195500000002,21.54911,11.77818,0.8976682,-0.04035721,-0.590147,-74.11819,21.03421,-9.08284
84.833920479,-61.9351500000002,26.83147,10.37586,0.9137267,-0.0366847,-0.4891964,-74.11819,21.03421,-9.08284
84.8439188,-59.4122899999999,29.32427,9.70517700000002,0.9287915,-0.05774467,-0.3805805,-74.11819,21.03421,-9.08284
84.853917122,-58.6123500000001,30.74873,9.94906,0.9352442,-0.06156861,-0.2815255,-74.11819,21.03421,-9.08284
84.863915443,-57.9970199999999,30.2739,9.88808900000002,0.9260054,-0.08765861,-0.2451309,-73.77659,22.56172,-8.701168
84.873913288,-59.5968899999998,29.14621,9.52226500000001,0.8823153,-0.09618283,-0.2326096,-73.77659,22.56172,-8.701168
84.88391161,-62.8581499999998,27.60305,9.46129399999998,0.8406984,-0.164394,-0.2684126,-73.77659,22.56172,-8.701168
84.893909931,-59.7814899999997,28.01851,9.88808900000002,0.7874153,-0.2351566,-0.3453523,-73.77659,22.56172,-8.701168
84.903908253,-53.6897,27.00952,9.52226500000001,0.7081008,-0.244891,-0.4940487,-73.04283,23.32806,-8.699663
84.913906574,-45.25964,24.81349,8.85158600000001,0.597999,-0.2475487,-0.5464994,-73.04283,23.32806,-8.699663
84.923904419,-34.30673,20.42141,7.32731800000001,0.4466363,-0.3093995,-0.5529197,-73.04283,23.32806,-8.699663
84.933903217,-20.76942,14.48618,6.59566799999998,0.3776199,-0.3447352,-0.5480045,-73.04283,23.32806,-8.699663
84.943901062,-13.81616,7.18583399999999,7.14440499999997,0.368676,-0.2821587,-0.4877045,-73.04283,23.32806,-8.699663
84.953898907,-15.90829,0.953835399999999,8.85158600000001,0.4272022,-0.2312818,-0.4179474,-72.67256,23.70469,-9.472914
84.963897705,-26.36894,-6.58391499999997,11.65624,0.4718657,-0.1948063,-0.3519912,-72.67256,23.70469,-9.472914
84.97389555,-32.3992,-14.06231,13.18051,0.5774535,-0.1590884,-0.2880553,-72.67256,23.70469,-9.472914
84.983894348,-34.42979,-18.8105,12.93663,0.6817622,-0.1354409,-0.3188721,-72.67256,23.70469,-9.472914
84.993892193,-30.12247,-22.60905,13.79022,0.7163649,-0.05957767,-0.3873883,-72.67256,23.70469,-9.472914
85.003890514,-27.72267,-27.83206,14.27798,0.7637533,0.0638992,-0.3784098,-71.56773,24.48092,-8.630125
85.013888836,-28.39954,-31.80867,13.48536,0.7726271,0.1366026,-0.3650438,-71.56773,24.48092,-8.630125
85.023886681,-32.953,-36.08204,12.14401,0.8080935,0.1421277,-0.3689357,-71.56773,24.48092,-8.630125
85.033885479,-33.26067,-39.52448,10.55877,0.8649234,-0.002561771,-0.3192256,-71.56773,24.48092,-8.630125
85.043883324,-22.55388,-40.65217,9.76614900000002,0.9447209,-0.1522051,-0.3293763,-71.56773,24.48092,-8.630125
85.053881645,-14.18536,-41.00829,11.22945,0.9410272,-0.08518748,-0.326037,-70.85425,25.65158,-5.792634
85.063879967,-19.66182,-42.55145,12.20498,0.9428792,-0.1317443,-0.3198068,-70.85425,25.65158,-5.792634
85.073878288,-23.23075,-44.15396,12.69274,1.017846,-0.1792073,-0.3050894,-70.85425,25.65158,-5.792634
85.08387661,-25.50747,-44.39137,10.92459,1.059168,-0.1732376,-0.2730984,-70.85425,25.65158,-5.792634
85.093874931,-24.46141,-45.40036,9.40032399999997,1.120072,-0.1730719,-0.2803832,-70.85425,25.65158,-5.792634
85.103872776,-15.16989,-44.68813,8.72964499999998,1.124941,-0.1217511,-0.3115124,-72.01617,26.81145,-2.582045
85.113871574,-8.46277000000003,-44.74749,6.71760999999998,1.106692,-0.006562788,-0.3229961,-72.01617,26.81145,-2.582045
85.123869419,-8.77043599999998,-44.68813,4.949458,1.108644,0.01921312,-0.3249204,-72.01617,26.81145,-2.582045
85.133868217,-10.3703,-44.80684,4.217809,1.090273,0.01087333,-0.3469007,-72.01617,26.81145,-2.582045
85.143866062,-14.18536,-43.26368,3.608101,1.114879,-0.05523741,-0.4024414,-72.01617,26.81145,-2.582045
85.153863907,-8.70890300000002,-40.118,3.48616,1.121524,-0.04745482,-0.4689771,-71.66985,27.59949,0.3191938
85.163862705,-14.30843,-36.97233,5.13237,1.094231,-0.01972954,-0.4072003,-71.66985,27.59949,0.3191938
85.17386055,-16.27749,-34.95435,7.14440499999997,1.111644,-0.06371051,-0.3655832,-71.66985,27.59949,0.3191938
85.183859348,-22.67695,-35.60722,8.24187900000002,1.053481,-0.02685874,-0.3018407,-71.66985,27.59949,0.3191938
85.193857193,-30.43013,-37.6252,9.76614900000002,1.010562,-0.05040558,-0.2864454,-71.66985,27.59949,0.3191938
85.203855038,-37.01419,-39.46513,10.43683,0.9753414,-0.0698304,-0.3150936,-71.30752,27.62628,3.159988
85.213853836,-41.56765,-42.78886,10.74168,0.9178719,-0.12428,-0.3527868,-71.30752,27.62628,3.159988
85.223851681,-43.72131,-44.33202,10.74168,0.8808121,-0.1503523,-0.4134947,-71.30752,27.62628,3.159988
85.233850002,-44.64431,-44.92554,10.13197,0.8503343,-0.1908562,-0.525418,-71.30752,27.62628,3.159988
85.243848324,-43.41365,-44.33202,9.94906,0.8329331,-0.1993259,-0.5636715,-71.30752,27.62628,3.159988
85.253846645,-42.67525,-42.55145,9.58323599999998,0.804487,-0.2177162,-0.653111,-70.96878,28.79413,5.994699
85.263844967,-36.46039,-42.19534,8.668674,0.8012277,-0.2510561,-0.6253393,-70.96878,28.79413,5.994699
85.273843288,-25.99974,-42.43274,6.473727,0.7948121,-0.1924698,-0.5286708,-70.96878,28.79413,5.994699
85.283841133,-15.04683,-44.62878,4.095867,0.7367145,-0.1076971,-0.4855195,-70.96878,28.79413,5.994699
85.293839932,-7.29363900000002,-51.39495,3.059364,0.7111099,0.06559588,-0.3448181,-70.96878,28.79413,5.994699
85.303837776,-9.75496900000002,-57.8050100000001,2.327715,0.7117713,0.2382279,-0.3328993,-69.86035,28.83308,9.615058
85.313836575,-20.95402,-64.7492399999998,2.69354,0.7255223,0.3089075,-0.3918063,-69.86035,28.83308,9.615058
85.323834419,-32.64533,-72.4650500000002,3.973926,0.7250284,0.4120304,-0.432511,-69.86035,28.83308,9.615058
85.333832264,-44.70584,-81.9020800000002,6.473727,0.6878915,0.548977,-0.3621309,-69.86035,28.83308,9.615058
85.343831062,-72.2112,-83.8607000000001,11.83915,0.7660392,0.2270102,-0.4014274,-69.86035,28.83308,9.615058
85.353828907,-72.08813,-89.3211200000001,23.48457,0.7144208,0.04155437,-0.4831262,-69.88795,29.25157,14.12805
85.363827705,-79.59518,-101.6071,31.71562,0.7415679,0.1793236,-0.4616731,-69.88795,29.25157,14.12805
85.37382555,-107.2851,-117.5135,38.42241,0.8649195,0.1745101,-0.5107017,-69.88795,29.25157,14.12805
85.383823395,-129.8063,-131.1645,41.16609,1.106586,0.2534758,-0.528372,-69.88795,29.25157,14.12805
85.393822193,-152.5121,-136.625,41.65385,1.424161,0.1829934,-0.5265146,-69.88795,29.25157,14.12805
85.403820038,-166.5416,-137.1591,46.53152,1.721942,-0.1059812,-0.5681168,-68.42732,29.70201,21.10318
85.413818359,-156.7579,-132.0548,49.39714,1.709183,-0.232001,-0.611134,-68.42732,29.70201,21.10318
85.423816681,-134.6674,-126.535,47.38511,1.550361,-0.2351617,-0.6663712,-68.42732,29.70201,21.10318
85.433815003,-114.2384,-120.0063,45.19016,1.437126,-0.2018305,-0.7618976,-68.42732,29.70201,21.10318
85.443813324,-100.2088,-112.8247,45.86084,1.404782,-0.1682845,-0.8494292,-68.42732,29.70201,21.10318
85.453811646,-88.2713700000002,-106.3552,45.25113,1.287198,-0.1370357,-0.9506904,-64.71778,29.07294,33.3901
85.46380949,-84.3332399999998,-97.9272199999999,43.36104,1.206195,-0.1323154,-1.003194,-64.71778,29.07294,33.3901
85.473808289,-81.3796499999998,-88.8463000000001,42.69036,1.059581,-0.1350673,-0.9871444,-64.71778,29.07294,33.3901
85.483806133,-82.1795799999999,-76.3229500000002,42.8123,0.903293,-0.08840824,-0.9141405,-64.71778,29.07294,33.3901
85.493804932,-86.4869100000001,-65.2240599999999,43.54395,0.7152336,-0.1165699,-0.930077,-59.87042,28.79126,40.78131
85.503802776,-94.1170300000001,-53.11617,47.44608,0.6520705,-0.1476846,-0.742357,-59.87042,28.79126,40.78131
85.513800621,-94.3631700000001,-35.66658,51.40918,0.5398324,-0.0585037,-0.6316332,-59.87042,28.79126,40.78131
85.52379942,-92.33257,-23.26193,55.55519,0.2978109,-0.1728907,-0.713497,-59.87042,28.79126,40.78131
85.533797264,-90.2404399999999,-9.43282899999999,60.9815900000001,0.3859015,-0.2132436,-0.4815307,-59.87042,28.79126,40.78131
85.543796063,-75.2878600000001,11.39985,64.3349799999999,0.4049653,-0.1089822,-0.3341894,-55.37138,27.72535,45.72279
85.553793907,-64.58108,27.72175,67.9322599999998,0.3645251,-0.00444061,-0.2929882,-55.37138,27.72535,45.72279
85.563791752,-62.8581499999998,42.32244,72.3221500000002,0.3122798,0.1055412,-0.2689967,-55.37138,27.72535,45.72279
85.57379055,-66.1809499999999,54.25226,75.1268099999999,0.3104354,0.1764337,-0.324048,-55.37138,27.72535,45.72279
85.583788395,-74.1187300000002,64.6982699999999,80.5532099999999,0.3905683,0.1890259,-0.3954987,-55.37138,27.72535,45.72279
85.593787193,-86.4253800000002,76.3906900000002,87.1380499999997,0.4958644,0.2115631,-0.4435457,-53.54019,26.60495,46.58081
85.603785038,-101.0703,87.6676399999999,93.4180399999998,0.5642043,0.2315195,-0.4283555,-53.54019,26.60495,46.58081
85.61378336,-112.8847,97.22337,97.7469600000002,0.5874372,0.2668663,-0.3862905,-53.54019,26.60495,46.58081
85.623781681,-119.8995,104.7018,100.0029,0.6047727,0.3027825,-0.4284446,-53.54019,26.60495,46.58081
85.633780003,-126.6066,109.6874,99.5151099999998,0.6431085,0.3090105,-0.5208783,-53.54019,26.60495,46.58081
85.643778324,-132.9445,113.3672,98.9663800000002,0.7172964,0.2483748,-0.6162286,-54.61455,27.71681,44.05134
85.653776646,-134.729,117.7593,99.1492799999998,0.804183,0.1875093,-0.6580005,-54.61455,27.71681,44.05134
85.66377449,-136.6365,120.7269,98.1737499999998,0.8043272,0.2053253,-0.6761913,-54.61455,27.71681,44.05134
85.673773289,-140.3285,120.8456,95.3690999999998,0.7950513,0.284504,-0.6594453,-54.61455,27.71681,44.05134
85.683771133,-142.8513,117.9373,92.6863900000002,0.794652,0.2531151,-0.6900654,-54.61455,27.71681,44.05134
85.693769455,-137.9902,114.6136,90.4304700000002,0.8132278,0.1452522,-0.7283561,-55.36485,28.07792,42.43124
85.703767776,-124.576,111.646,87.3209600000001,0.8601381,0.05999185,-0.747559,-55.36485,28.07792,42.43124
85.713765621,-106.9775,108.7971,83.1749500000001,0.8509724,0.08130624,-0.7351055,-55.36485,28.07792,42.43124
85.723764419,-93.4401599999997,106.0075,78.3582500000002,0.8214645,0.1478885,-0.7235853,-55.36485,28.07792,42.43124
85.733762264,-87.0407099999998,103.396,73.4196200000001,0.8453476,0.2008824,-0.6662115,-55.36485,28.07792,42.43124
85.743760109,-81.7488500000002,101.0813,68.42002,0.8607727,0.2371785,-0.6097758,-57.59919,28.0338,39.18954
85.753758907,-75.9647299999999,99.1226500000002,64.0301300000002,0.8642483,0.2346825,-0.5714951,-57.59919,28.0338,39.18954
85.763756752,-68.82687,97.8168900000002,60.3109099999998,0.877315,0.2399887,-0.5509405,-57.59919,28.0338,39.18954
85.77375555,-63.16581,97.1046699999999,57.2014,0.8946103,0.2279854,-0.5193815,-57.59919,28.0338,39.18954
85.783753395,-57.3816899999997,96.3924399999998,55.31131,0.9134178,0.2393898,-0.4820883,-57.59919,28.0338,39.18954
85.793751717,-54.12043,95.7395599999999,54.09189,0.9525883,0.2559288,-0.4587106,-59.48996,29.51337,35.87801
85.803750038,-51.90524,95.2647500000001,53.6651,0.9574003,0.2595746,-0.4424483,-59.48996,29.51337,35.87801
85.81374836,-50.5515,94.1964000000002,52.8115,0.9392022,0.2948072,-0.4295041,-59.48996,29.51337,35.87801
85.823746681,-52.7667,92.0597199999998,50.86044,0.9369721,0.2842216,-0.4132259,-59.48996,29.51337,35.87801
85.833745003,-53.75123,89.9230300000002,47.44608,0.9555966,0.2532665,-0.3845359,-59.48996,29.51337,35.87801
85.843742847,-50.61304,87.3708799999998,43.11715,0.9858187,0.2273474,-0.3616102,-60.98491,30.2247,31.34781
85.853741169,-43.59825,84.6406700000001,39.94667,0.9961383,0.2234322,-0.3338698,-60.98491,30.2247,31.34781
85.86373949,-36.33733,81.9698200000001,37.3859,1.024544,0.2420829,-0.3219597,-60.98491,30.2247,31.34781
85.873737812,-30.79933,79.6550799999997,35.19096,1.041528,0.2458113,-0.3229474,-60.98491,30.2247,31.34781
85.883736134,-26.98427,77.6370899999997,33.30086,1.048731,0.2511893,-0.3349258,-60.98491,30.2247,31.34781
85.893733978,-24.70754,75.9752299999999,32.26436,1.048154,0.2560899,-0.3291831,-62.13723,32.40068,27.26412
85.903732777,-24.39988,74.8475299999999,31.41077,1.047101,0.2605435,-0.3181752,-62.13723,32.40068,27.26412
85.913730621,-25.38441,73.7198299999999,30.923,1.038911,0.2554959,-0.3210311,-62.13723,32.40068,27.26412
85.92372942,-26.79967,73.1856599999998,30.31329,1.031678,0.2515006,-0.3171888,-62.13723,32.40068,27.26412
85.933727264,-29.50714,72.8889000000003,29.8865,1.043334,0.2537185,-0.3124239,-62.13723,32.40068,27.26412
85.943725109,-33.07607,72.9482600000001,29.52067,1.05306,0.2549659,-0.3033483,-63.62798,32.73873,23.57445
85.953723907,-37.75259,73.0669600000002,29.52067,1.048129,0.2583973,-0.2894619,-63.62798,32.73873,23.57445
85.963721752,-44.58278,72.7702000000001,29.82553,1.014664,0.2763422,-0.2740937,-63.62798,32.73873,23.57445
85.973720551,-52.7667,71.6425000000001,30.49621,1.01241,0.2673105,-0.2472872,-63.62798,32.73873,23.57445
85.983718395,-57.07402,70.3367499999999,30.98397,1.014756,0.2458833,-0.2573359,-63.62798,32.73873,23.57445
85.99371624,-58.7354200000001,68.3187700000002,31.3498,0.9711172,0.2343216,-0.258214,-63.64952,34.60619,19.50079
86.003715038,-60.7044899999999,65.4698599999997,31.28883,0.9625748,0.2219253,-0.2668102,-63.64952,34.60619,19.50079
86.013712883,-62.9812199999998,61.6713099999998,30.55718,0.9615605,0.1980941,-0.2668023,-63.64952,34.60619,19.50079
86.023711681,-64.7656799999999,57.3979399999998,28.97194,0.948918,0.1713545,-0.2409303,-63.64952,34.60619,19.50079
86.033709526,-64.8272099999998,53.42133,26.28922,0.9520429,0.1615448,-0.2045615,-63.28397,35.72228,16.20797
86.043707848,-64.7656799999999,50.15695,21.9603,0.9561585,0.1507258,-0.1744156,-63.28397,35.72228,16.20797
86.053706169,-59.5353500000002,48.31703,16.89973,0.9763505,0.1395148,-0.168705,-63.28397,35.72228,16.20797
86.063704491,-57.25863,47.96091,12.5708,0.9705092,0.1659385,-0.1361584,-63.28397,35.72228,16.20797
86.073702335,-60.7044899999999,46.71451,8.72964499999998,0.9564564,0.1881984,-0.1160394,-63.28397,35.72228,16.20797
86.083701134,-67.7192800000003,44.51847,5.92499000000001,0.9422176,0.1680066,-0.1145737,-63.29604,36.47591,15.36541
86.093698978,-73.0111300000002,42.67855,4.156838,0.9171066,0.1037776,-0.1226492,-63.29604,36.47591,15.36541
86.103697777,-72.5803999999999,41.01669,5.437224,0.9077238,0.05833823,-0.1293212,-63.29604,36.47591,15.36541
86.113695622,-69.3806699999998,39.23611,10.74168,0.9040405,0.04643179,-0.1479762,-63.29604,36.47591,15.36541
86.123693466,-69.3806699999998,37.57425,17.08264,0.9105582,0.03692946,-0.1384136,-63.29604,36.47591,15.36541
86.133692265,-71.2881999999999,37.15878,21.35059,0.8981246,0.05027701,-0.1398311,-63.27692,35.70866,14.59547
86.143690109,-76.2108600000003,36.86202,24.09428,0.9036976,0.06500923,-0.1350588,-63.27692,35.70866,14.59547
86.153688908,-83.2871799999999,37.15878,26.59408,0.9070892,0.06605251,-0.1345864,-63.27692,35.70866,14.59547
86.163686752,-92.0249,38.10842,29.39873,0.9175845,0.05221142,-0.1298154,-63.27692,35.70866,14.59547
86.173684597,-102.7317,39.29547,31.47174,0.9302473,0.02675495,-0.1245666,-63.27692,35.70866,14.59547
86.183683395,-112.4539,40.66057,33.23989,0.9432817,-0.01869675,-0.1279276,-63.65138,35.7053,14.52819
86.19368124,-122.0531,42.7379,35.67872,0.9608559,-0.07229343,-0.128423,-63.65138,35.7053,14.52819
86.203680038,-128.6987,44.16236,38.23949,0.97694,-0.1245056,-0.133702,-63.65138,35.7053,14.52819
86.213677883,-131.7138,45.2307,41.16609,0.9756628,-0.1085562,-0.1404039,-63.65138,35.7053,14.52819
86.223676205,-137.0672,44.93394,44.58045,0.9620975,-0.06062824,-0.1308211,-63.65138,35.7053,14.52819
86.233674526,-145.9895,42.67855,47.32413,0.9362633,-0.03449958,-0.1403543,-62.92326,36.48253,15.8197
86.243672848,-154.6657,38.88,49.33617,0.9181111,-0.0280989,-0.1451101,-62.92326,36.48253,15.8197
86.253671169,-161.6805,34.30987,49.88491,0.8970579,-0.04904283,-0.1579895,-62.92326,36.48253,15.8197
86.263669491,-162.2343,29.08686,49.39714,0.8890511,-0.09018241,-0.1756723,-62.92326,36.48253,15.8197
86.273667336,-155.3426,22.85486,46.89734,0.8904114,-0.1368892,-0.1847556,-62.92326,36.48253,15.8197
86.283666134,-141.313,16.38545,42.14162,0.8743035,-0.1615835,-0.1933355,-61.06983,36.90092,18.66959
86.293663979,-125.622,9.44122399999999,35.9226,0.8552301,-0.1581737,-0.2043104,-61.06983,36.90092,18.66959
86.303662777,-107.4697,1.666064,29.03291,0.856355,-0.1921937,-0.207175,-61.06983,36.90092,18.66959
86.313660622,-84.0871100000001,-7.11808599999999,22.26515,0.8402382,-0.2451185,-0.3267773,-61.06983,36.90092,18.66959
86.323658466,-66.3040100000003,-16.13965,22.9968,0.8566975,-0.5269914,-0.4181415,-61.06983,36.90092,18.66959
86.333657265,1.936346,-34.18277,8.97352800000002,0.7652002,-0.2760631,-0.5190261,-59.96786,37.3175,21.96542
86.343655109,35.04122,-43.73849,-8.890904,0.9368876,0.06003793,-0.2188662,-59.96786,37.3175,21.96542
86.353653908,36.57955,-49.91114,-14.7441,1.155198,0.219343,-0.06279341,-59.96786,37.3175,21.96542
86.363651753,47.71707,-49.37697,-22.85321,1.317888,0.2565745,0.2551665,-59.96786,37.3175,21.96542
86.373649597,72.3918900000001,-41.2457,-31.87688,1.521955,0.4996748,0.4121996,-59.96786,37.3175,21.96542
86.383648396,84.6370100000002,-42.96692,-26.2066,1.377879,0.279649,0.2574488,-58.8681,38.10354,23.96921
86.39364624,98.4204499999998,-48.8428,-21.38991,1.173388,-0.04692948,0.006636972,-58.8681,38.10354,23.96921
86.403645039,114.6652,-54.89674,-24.86525,1.078228,-0.1724248,-0.1195089,-58.8681,38.10354,23.96921
86.413642883,121.68,-57.9237099999997,-27.36505,1.055263,-0.2217666,-0.1515208,-58.8681,38.10354,23.96921
86.423641205,118.1726,-57.3301900000001,-26.51146,1.017636,-0.0849174,-0.09071124,-58.8681,38.10354,23.96921
86.433639526,99.34345,-54.71869,-22.2435,0.9853343,-0.05157477,-0.09449213,-58.11692,38.1059,23.58777
86.443637848,71.2842900000001,-51.92912,-16.02448,0.9391072,-0.02996465,-0.1288746,-58.11692,38.1059,23.58777
86.45363617,41.50221,-49.67373,-11.45168,0.9133982,-0.01148672,-0.1781279,-58.11692,38.1059,23.58777
86.463634491,16.39665,-47.5964,-8.58605100000002,0.9318248,-0.007564113,-0.2140542,-58.11692,38.1059,23.58777
86.473632336,1.628679,-44.68813,-7.366636,0.9840086,-0.009956639,-0.2165374,-58.11692,38.1059,23.58777
86.483631134,-1.694115,-40.88958,-5.84236700000003,1.017954,0.02470361,-0.219477,-58.52142,39.62124,23.18988
86.493628979,1.25948,-37.6252,-3.586449,1.019662,0.06368724,-0.2113542,-58.52142,39.62124,23.18988
86.503626824,7.10513699999998,-35.19176,-1.574414,1.021762,0.08178315,-0.2032267,-58.52142,39.62124,23.18988
86.513625622,14.24299,-33.41119,-0.659852100000001,1.049184,0.0752639,-0.1783869,-58.52142,39.62124,23.18988
86.523623467,21.19625,-30.62162,-0.1111153,1.058841,0.05406448,-0.1793554,-58.52142,39.62124,23.18988
86.533622265,23.71911,-28.663,1.718008,1.012753,0.04281756,-0.1936295,-57.03738,40.02647,24.81148
86.54362011,18.61185,-27.89142,3.912955,0.9906123,0.02834923,-0.1868871,-57.03738,40.02647,24.81148
86.553617954,9.32033300000002,-27.17919,5.98596099999998,1.001843,0.001472439,-0.1744568,-57.03738,40.02647,24.81148
86.563616753,-2.124848,-26.40761,7.51023000000002,0.9998515,-0.02170788,-0.1543471,-57.03738,40.02647,24.81148
86.573614597,-12.46243,-25.99214,9.03449899999999,0.9980322,-0.02850314,-0.1495565,-56.29941,40.41953,25.65351
86.583613396,-20.46175,-26.11085,10.13197,0.9908912,-0.06299256,-0.132785,-56.29941,40.41953,25.65351
86.593611241,-22.12315,-26.05149,10.37586,0.9944025,-0.1202862,-0.1351692,-56.29941,40.41953,25.65351
86.603609562,-16.46209,-25.81408,10.31489,0.9983544,-0.1495313,-0.1533545,-56.29941,40.41953,25.65351
86.613607884,-9.63190200000001,-25.99214,10.071,0.9961051,-0.1335309,-0.1523975,-56.29941,40.41953,25.65351
86.623606205,-5.93990799999998,-25.93279,9.52226500000001,0.9908152,-0.1112558,-0.1495226,-55.18224,40.44159,27.27436
86.633604526,-3.724712,-26.05149,9.40032399999997,0.9855046,-0.1401453,-0.1619488,-55.18224,40.44159,27.27436
86.643602848,-2.309447,-26.11085,8.97352800000002,0.9778464,-0.1484006,-0.1978266,-55.18224,40.44159,27.27436
86.653600693,-2.124848,-25.69538,9.09546899999999,0.9773774,-0.1237409,-0.2102751,-55.18224,40.44159,27.27436
86.663599014,-7.10903899999999,-25.33926,9.15644099999999,0.9731813,-0.05566922,-0.1968852,-55.18224,40.44159,27.27436
86.673597336,-15.23143,-25.22056,9.27838200000003,0.9984451,-0.0518299,-0.2036303,-54.4617,41.59863,28.49935
86.683595657,-20.33868,-24.68639,9.58323599999998,1.010806,-0.08770327,-0.2208713,-54.4617,41.59863,28.49935
86.693593979,-21.01555,-24.15222,8.97352800000002,1.003898,-0.1093001,-0.2294681,-54.4617,41.59863,28.49935
86.703591824,-19.53875,-23.73675,8.24187900000002,1.018454,-0.1318123,-0.2251805,-54.4617,41.59863,28.49935
86.713590622,-16.03136,-22.60905,7.51023000000002,1.028296,-0.1377475,-0.2577393,-54.4617,41.59863,28.49935
86.723588467,-17.26202,-21.24395,7.26634699999998,0.9982973,-0.07130215,-0.260097,-54.82777,40.84873,30.11313
86.733587265,-24.76908,-20.47237,6.83955100000002,0.9868689,-0.0592785,-0.2490729,-54.82777,40.84873,30.11313
86.74358511,-31.2916,-19.70079,6.53469799999998,0.997687,-0.1164278,-0.2514699,-54.82777,40.84873,30.11313
86.753582954,-31.96847,-18.03892,6.41275599999997,1.004691,-0.1531386,-0.2955017,-54.82777,40.84873,30.11313
86.763581753,-32.89146,-16.02094,6.29081499999999,0.9874421,-0.1171171,-0.3045738,-54.82777,40.84873,30.11313
86.773579597,-35.84506,-14.29972,5.620136,0.9862545,-0.1053025,-0.2854317,-52.67608,42.02691,32.57428
86.783578396,-36.46039,-12.75656,5.13237,0.9870118,-0.1456207,-0.2854227,-52.67608,42.02691,32.57428
86.79357624,-34.55286,-11.0947,4.644604,0.9862025,-0.1543617,-0.2830262,-52.67608,42.02691,32.57428
86.803574085,-33.6914,-10.02635,3.973926,0.977571,-0.1354226,-0.2657872,-52.67608,42.02691,32.57428
86.813572884,-34.6144,-9.78894299999998,2.998394,0.9736537,-0.1338228,-0.241852,-52.67608,42.02691,32.57428
86.823570728,-35.59893,-9.90764799999999,2.510627,0.9660987,-0.1201464,-0.2179136,-52.65786,40.89619,33.80587
86.833569527,-37.50646,-10.56052,1.657037,0.9705641,-0.1244492,-0.2198345,-52.65786,40.89619,33.80587
86.843567371,-38.67559,-11.51016,0.925387699999998,0.9659596,-0.1385711,-0.2131228,-52.65786,40.89619,33.80587
86.853565693,-40.21392,-12.93462,0.01082622,0.956325,-0.1438831,-0.1886973,-52.65786,40.89619,33.80587
86.863564014,-39.66012,-14.12167,-1.26956,0.9667782,-0.1815976,-0.1906201,-52.65786,40.89619,33.80587
86.873562336,-34.73746,-14.83389,-2.428004,0.9835001,-0.2165576,-0.223662,-52.63543,39.3922,35.87799
86.883560657,-30.24553,-15.36807,-3.525478,0.9611942,-0.144615,-0.2260345,-52.63543,39.3922,35.87799
86.893558979,-29.8148,-15.72418,-4.988776,0.9714485,-0.1459448,-0.2341878,-52.63543,39.3922,35.87799
86.903556824,-26.79967,-16.61447,-6.02527899999998,0.9828845,-0.1577314,-0.2193689,-52.63543,39.3922,35.87799
86.913555622,-24.52294,-17.02993,-7.42760699999997,0.9726567,-0.1578852,-0.2140867,-52.63543,39.3922,35.87799
86.923553467,-22.24621,-18.5731,-7.976343,0.9584079,-0.1255604,-0.2088058,-51.89497,39.41526,37.94756
86.933551311,-23.84608,-20.59108,-9.50061200000003,0.9574315,-0.09846251,-0.1662178,-51.89497,39.41526,37.94756
86.94355011,-23.04615,-22.49035,-11.02488,0.9904426,-0.1192541,-0.226092,-51.89497,39.41526,37.94756
86.953547955,-22.80001,-22.60905,-10.65906,0.9820903,-0.09060914,-0.2638923,-51.89497,39.41526,37.94756
86.963546753,-29.0764,-23.32128,-10.781,0.9370221,-0.05221286,-0.2719595,-51.89497,39.41526,37.94756
86.973544598,-35.41433,-23.85546,-10.59809,0.9684569,-0.09070304,-0.2447255,-51.87845,38.28781,39.56615
86.983542442,-38.73712,-23.6774,-10.59809,0.9784226,-0.1548566,-0.2672195,-51.87845,38.28781,39.56615
86.993541241,-34.86053,-23.08387,-10.84197,1.000291,-0.1785866,-0.3055376,-51.87845,38.28781,39.56615
87.003539085,-34.49133,-23.14323,-10.84197,0.9914861,-0.09836526,-0.2820926,-51.87845,38.28781,39.56615
87.013537884,-37.62952,-24.21157,-10.90294,0.9728896,-0.01524628,-0.2394883,-51.87845,38.28781,39.56615
87.023535728,-43.96745,-25.81408,-11.20779,0.9692098,-0.05268385,-0.2337293,-51.86388,37.16418,41.63625
87.03353405,-45.62885,-28.663,-10.781,1.006472,-0.06441983,-0.216084,-51.86388,37.16418,41.63625
87.043532372,-48.95164,-31.21515,-9.86643700000001,1.024784,-0.0789424,-0.1964906,-51.86388,37.16418,41.63625
87.053530693,-54.2435,-33.35183,-9.43964200000003,1.050988,-0.09870702,-0.1826524,-51.86388,37.16418,41.63625
87.063529015,-53.56663,-33.94535,-9.19575899999999,1.041524,-0.1164161,-0.2917467,-51.86388,37.16418,41.63625
87.073527336,-60.7044899999999,-32.34284,-5.598484,0.9897733,-0.03491716,-0.354371,-51.08749,35.29199,44.48997
87.083525181,-76.7031300000001,-31.92738,-1.330531,0.9747967,0.01068477,-0.3304278,-51.08749,35.29199,44.48997
87.093523979,-95.5323000000001,-30.56227,4.095867,0.9873601,-0.06145476,-0.3285168,-51.08749,35.29199,44.48997
87.103521824,-111.2233,-27.89142,12.87566,0.9976069,-0.1663648,-0.3447793,-51.08749,35.29199,44.48997
87.113520622,-130.114,-24.44898,25.86243,1.02864,-0.2355562,-0.326151,-51.08749,35.29199,44.48997
87.123518467,-156.2656,-20.59108,41.22706,1.025464,-0.2203828,-0.254363,-49.96194,34.5675,47.79188
87.133516312,-187.0938,-16.0803,55.25034,1.015386,-0.2033248,-0.280193,-49.96194,34.5675,47.79188
87.14351511,-216.5066,-10.73858,67.3225500000001,0.9565358,-0.1853009,-0.3604958,-49.96194,34.5675,47.79188
87.153512955,-242.0429,-5.634277,77.7485500000002,0.9102384,-0.08201446,-0.3905919,-49.96194,34.5675,47.79188
87.163511753,-265.2409,-1.598316,86.2844499999999,0.8805445,-0.005826753,-0.3910384,-48.78221,30.81706,53.10953
87.173509598,-282.2856,2.200235,93.1131799999998,0.8869095,0.01864872,-0.3853129,-48.78221,30.81706,53.10953
87.183508396,-290.4696,5.702025,98.6615200000003,0.9128827,0.03658558,-0.39302,-48.78221,30.81706,53.10953
87.193506241,-292.8078,9.50057699999998,102.1369,0.9671896,0.07633647,-0.4146608,-48.78221,30.81706,53.10953
87.203504086,-290.1619,13.59589,104.4537,1.020524,0.1161076,-0.4319928,-48.78221,30.81706,53.10953
87.213502884,-288.2544,18.64084,105.1244,1.108372,0.1869434,-0.4216355,-46.01665,22.95408,58.07327
87.223500729,-284.5624,24.10126,104.2708,1.111482,0.2279458,-0.4613733,-46.01665,22.95408,58.07327
87.23349905,-281.5472,30.45196,103.844,1.04454,0.2619601,-0.5292231,-46.01665,22.95408,58.07327
87.243497372,-282.4087,37.33684,104.4537,0.967811,0.2989992,-0.564035,-46.01665,22.95408,58.07327
87.253495693,-286.7776,43.33143,105.7951,0.9300152,0.3139123,-0.5520086,-46.01665,22.95408,58.07327
87.263494015,-290.9618,49.14796,106.4658,0.8934374,0.2892338,-0.5677314,-44.33353,13.4804,60.9731
87.273492336,-292.5617,54.43032,106.8926,0.8356711,0.250946,-0.5910711,-44.33353,13.4804,60.9731
87.283490181,-294.4692,59.17851,107.0755,0.8054085,0.2281702,-0.5718694,-44.33353,13.4804,60.9731
87.293488979,-296.3768,64.1047499999997,105.7951,0.7902406,0.2062839,-0.5412084,-44.33353,13.4804,60.9731
87.303486824,-296.4998,67.9626499999998,103.0514,0.7798233,0.1643354,-0.5359152,-44.33353,13.4804,60.9731
87.313485622,-293.8539,70.5741599999999,98.3566699999999,0.7992987,0.1131533,-0.5421574,-45.57554,1.287421,59.80137
87.323483467,-283.3317,71.3457400000001,89.75979,0.8619657,0.09731766,-0.5494413,-45.57554,1.287421,59.80137
87.333481312,-270.0405,71.1676899999998,78.0534100000002,0.9186609,0.06333252,-0.5093309,-45.57554,1.287421,59.80137
87.34348011,-251.519,70.5148099999999,66.40799,0.9235323,-0.01349381,-0.4719907,-45.57554,1.287421,59.80137
87.353477955,-225.4289,69.1496999999998,54.09189,0.9319831,-0.07395111,-0.4590683,-45.57554,1.287421,59.80137
87.363476753,-192.6933,63.3925200000002,39.76376,0.9786629,0.03621683,-0.4161062,-48.36044,-8.214903,55.76596
87.373474598,-165.1264,59.59398,23.66748,1.002259,0.07772582,-0.3917507,-48.36044,-8.214903,55.76596
87.383472443,-140.9438,55.73607,13.54634,1.00969,0.07172207,-0.3735762,-48.36044,-8.214903,55.76596
87.393471241,-131.6523,54.01485,12.08304,1.079071,0.09071145,-0.254058,-48.36044,-8.214903,55.76596
87.403469086,-141.0054,51.70011,21.77739,1.072106,0.09913312,-0.2215049,-48.36044,-8.214903,55.76596
87.413467884,-159.0346,46.95192,33.4228,1.02448,0.1965278,-0.2023039,-51.49573,-18.55831,50.05517
87.423465729,-188.1398,41.61021,35.3129,0.9184805,0.2603321,-0.2758362,-51.49573,-18.55831,50.05517
87.43346405,-213.1838,32.5293,34.82513,0.8928584,0.1961139,-0.3346399,-51.49573,-18.55831,50.05517
87.443462372,-229.4901,26.11924,32.26436,0.9461175,0.1635494,-0.2911739,-51.49573,-18.55831,50.05517
87.453460693,-237.1203,21.4304,30.923,0.9576925,0.06684422,-0.2634118,-51.49573,-18.55831,50.05517
87.463459015,-236.8741,18.28473,32.87407,0.9198092,-0.0438016,-0.2714531,-53.17377,-23.94156,44.7811
87.47345686,-229.244,15.0797,36.10551,0.8860716,-0.1161209,-0.2953044,-53.17377,-23.94156,44.7811
87.483455181,-215.9528,10.33151,38.78823,0.8809047,-0.1536239,-0.3464934,-53.17377,-23.94156,44.7811
87.493453503,-205.6152,4.158864,40.86124,0.8728468,-0.1148078,-0.388604,-53.17377,-23.94156,44.7811
87.503451824,-204.8153,-1.895078,40.49541,0.8271485,-0.04368262,-0.4297002,-53.17377,-23.94156,44.7811
87.513450146,-214.476,-8.83930499999998,38.48338,0.7558972,0.03769329,-0.5166978,-54.47885,-31.99585,38.23353
87.523448467,-229.4901,-17.38605,35.73969,0.7183049,0.09174699,-0.5822111,-54.47885,-31.99585,38.23353
87.533446312,-238.7817,-25.39862,31.16688,0.7165773,0.00086276,-0.6329138,-54.47885,-31.99585,38.23353
87.54344511,-233.1206,-32.46155,26.22825,0.7207921,-0.1979269,-0.64627,-54.47885,-31.99585,38.23353
87.553442955,-212.2608,-35.96334,22.93583,0.8204259,-0.3118738,-0.5688851,-54.47885,-31.99585,38.23353
87.563441754,-185.0631,-37.44715,21.71642,0.8736981,-0.3463432,-0.5742335,-53.9928,-36.2249,32.58259
87.573439598,-166.9724,-36.43816,25.43563,0.9842533,-0.3611174,-0.2509049,-53.9928,-36.2249,32.58259
87.583437443,-161.8036,-20.11626,29.64261,1.172876,-0.3810602,0.08233892,-53.9928,-36.2249,32.58259
87.593436241,-130.6678,-6.405858,25.55757,1.063578,-0.4241299,0.1256124,-53.9928,-36.2249,32.58259
87.603434086,-117.3151,10.39086,22.02127,1.241451,-0.4422756,0.4660531,-53.9928,-36.2249,32.58259
87.613432884,-96.57836,35.08145,20.25312,1.460488,-0.7632464,0.6026266,-53.48993,-41.58193,28.48574
87.623430729,-46.98257,63.1551100000002,19.4605,1.501062,-1.002617,0.642818,-53.48993,-41.58193,28.48574
87.633428574,7.10513699999998,72.9482600000001,22.87486,1.30206,-1.089374,-0.1225344,-53.48993,-41.58193,28.48574
87.643427372,47.0402,63.3925200000002,19.39953,0.9370179,-0.6288505,-0.5177991,-53.48993,-41.58193,28.48574
87.653425217,25.81124,54.48967,6.71760999999998,0.8904274,0.24981,-0.2499415,-53.48993,-41.58193,28.48574
87.663424015,-16.58516,54.19291,-2.91577,0.9726356,0.3146103,-0.03761373,-52.69121,-43.13205,24.43589
87.67342186,-32.953,54.07421,1.230241,0.9547065,-0.07980303,-0.03317373,-52.69121,-43.13205,24.43589
87.683420181,-18.98495,52.11558,9.40032399999997,0.931963,-0.2440629,-0.03835613,-52.69121,-43.13205,24.43589
87.693418503,0.951813900000003,49.80083,11.16848,0.9237018,-0.03614572,0.02525536,-52.69121,-43.13205,24.43589
87.703416824,8.76653499999999,43.62819,8.42479100000002,1.002812,0.1652069,0.1384881,-54.57412,-42.03283,21.12639
87.713415146,4.459208,35.73433,6.41275599999997,1.042677,0.2225656,0.1604184,-54.57412,-42.03283,21.12639
87.723413467,-5.75530800000001,28.73074,6.59566799999998,1.009783,0.1048993,0.1179127,-54.57412,-42.03283,21.12639
87.733411312,-12.09323,23.09227,7.205376,0.9998031,-0.09089641,0.09070171,-54.57412,-42.03283,21.12639
87.74341011,-4.83231,19.76854,5.376253,1.026371,-0.2614239,0.03757736,-54.57412,-42.03283,21.12639
87.753407955,4.951474,16.91962,3.120335,1.016154,-0.2628038,0.01510245,-55.68174,-42.43851,19.12057
87.763406753,7.35127000000003,14.13006,0.3766508,0.9825602,-0.186001,0.03715574,-55.68174,-42.43851,19.12057
87.773404598,0.951813900000003,9.97539500000001,-0.903735200000002,0.9563013,-0.1361388,0.07308189,-55.68174,-42.43851,19.12057
87.783402443,-3.293979,5.523968,-1.635384,0.9573308,-0.139021,0.07451656,-55.68174,-42.43851,19.12057
87.793401241,0.3364816,1.606712,-2.976741,0.9726657,-0.1257906,0.05342907,-55.68174,-42.43851,19.12057
87.803399086,6.18213799999999,-1.420259,-4.622952,0.9770879,-0.07630389,0.03522273,-55.70335,-41.30126,18.66298
87.813397884,11.16633,-4.150468,-5.3546,0.9833987,-0.0240221,-0.0002163651,-55.70335,-41.30126,18.66298
87.823395729,12.76619,-6.287153,-6.26916200000001,0.9750398,0.005183226,-0.02988103,-55.70335,-41.30126,18.66298
87.833393574,12.2124,-8.00837199999998,-6.63498599999997,0.9899011,0.01728324,-0.06723898,-55.70335,-41.30126,18.66298
87.843392372,10.48946,-8.60189500000002,-6.87886999999998,0.9976053,-0.004068796,-0.08064704,-55.70335,-41.30126,18.66298
87.853390217,8.33580199999998,-8.542543,-6.63498599999997,0.988966,-0.03742826,-0.09641641,-56.06237,-42.06479,18.66426
87.863389015,8.27426799999999,-8.067724,-6.39110400000002,0.9992328,-0.06555478,-0.1122201,-56.06237,-42.06479,18.66426
87.87338686,7.41280299999999,-7.236791,-5.720425,1.018116,-0.03307886,-0.1089113,-56.06237,-42.06479,18.66426
87.883385181,5.382206,-6.287153,-5.29363,1.025747,-0.02414167,-0.1046197,-56.06237,-42.06479,18.66426
87.893383503,5.44374,-5.159458,-5.171688,1.030136,-0.0246681,-0.118506,-56.06237,-42.06479,18.66426
87.903381824,5.751406,-4.150468,-4.561981,1.014575,-0.000810051,-0.1328423,-55.70085,-41.67126,19.89052
87.913380146,5.99753899999999,-3.260183,-4.50101,1.010553,0.03162909,-0.1371508,-55.70085,-41.67126,19.89052
87.923378468,5.751406,-2.073135,-4.013244,1.001704,0.03586282,-0.1333078,-55.70085,-41.67126,19.89052
87.933376312,5.013007,-0.767383199999997,-3.220624,0.9597725,0.03687288,-0.1447208,-55.70085,-41.67126,19.89052
87.943375111,1.690213,-0.1738595,-1.696355,0.9719682,0.06254948,-0.1265628,-55.70085,-41.67126,19.89052
87.953372955,-3.417045,0.4790165,-0.5379106,1.006107,0.03577092,-0.09981517,-54.57073,-42.03937,20.35239
87.963371754,-6.06297400000002,1.131893,0.986358399999998,1.019918,0.02677581,-0.1036655,-54.57073,-42.03937,20.35239
87.973369598,-9.81650199999998,2.081531,2.205774,1.009806,0.04586894,-0.1194458,-54.57073,-42.03937,20.35239
87.983367443,-13.44696,2.437645,3.303247,1.007138,0.05783318,-0.1338015,-54.57073,-42.03937,20.35239
87.993366241,-16.09289,3.446635,3.912955,1.024427,0.04563678,-0.1232999,-54.57073,-42.03937,20.35239
88.003364086,-15.84676,4.871092,3.973926,1.060039,0.01770928,-0.1190476,-55.30252,-42.80952,19.89938
88.013362885,-12.70856,6.41425300000001,4.644604,0.9960523,-2.427888e-05,-0.1131885,-55.30252,-42.80952,19.89938
88.023360729,-15.29296,6.71101499999999,6.22984400000002,0.9794425,0.08047177,-0.09595159,-55.30252,-42.80952,19.89938
88.033358574,-23.16921,6.117492,6.53469799999998,1.003446,0.047959,-0.08976357,-55.30252,-42.80952,19.89938
88.043357372,-23.78455,5.93943499999998,6.53469799999998,0.9998482,-0.04591196,-0.09116885,-55.30252,-42.80952,19.89938
88.053355217,-21.26168,5.702025,7.38828800000001,0.9935437,-0.02106049,-0.07010692,-55.307,-42.4357,19.12335
88.063354015,-20.83095,5.167854,7.14440499999997,0.9815415,-0.03046472,-0.06290494,-55.307,-42.4357,19.12335
88.07335186,-19.66182,4.871092,6.96149300000002,1.00763,-0.07022101,-0.05624011,-55.307,-42.4357,19.12335
88.083350182,-16.64669,4.57433,6.473727,1.008661,-0.0987133,-0.03900583,-55.307,-42.4357,19.12335
88.093348503,-10.7395,4.099511,5.86401899999998,0.9697345,-0.1012419,-0.01883713,-55.307,-42.4357,19.12335
88.103346825,-8.77043599999998,2.496997,5.86401899999998,0.9659424,-0.08010991,0.01514294,-56.05898,-42.07132,17.89025
88.113345146,-6.80137299999998,0.716426,5.193341,0.9908283,-0.1341753,0.0007561988,-56.05898,-42.07132,17.89025
88.123343468,-0.1557842,-0.9454404,4.095867,0.9806561,-0.1636336,-0.01022573,-56.05898,-42.07132,17.89025
88.133341312,7.04360400000002,-2.666659,2.449656,0.9619831,-0.1552161,-0.005888163,-56.05898,-42.07132,17.89025
88.143339634,10.48946,-4.862697,1.535095,0.9936404,-0.1283235,-0.003078819,-56.05898,-42.07132,17.89025
88.153337956,11.41246,-6.34650599999999,0.620533899999998,1.009255,-0.1038408,-0.01651247,-55.6744,-42.45268,17.44356
88.163336277,9.32033300000002,-7.59290600000003,0.01082622,1.009743,-0.07817273,-0.02704861,-55.6744,-42.45268,17.44356
88.173334599,6.48980500000002,-9.31412399999998,-1.025677,1.036593,-0.05475911,-0.02231568,-55.6744,-42.45268,17.44356
88.183332443,3.35161,-10.67923,-1.635384,1.019961,-0.0518879,-0.04430193,-55.6744,-42.45268,17.44356
88.193331242,2.244012,-12.22239,-2.428004,1.03093,-0.0397332,-0.06729583,-55.6744,-42.45268,17.44356
88.203329086,1.07488,-12.99397,-2.91577,1.034991,0.002890573,-0.09124268,-55.30333,-42.44278,18.28484
88.213327885,-2.863246,-12.69721,-2.549946,0.9922588,0.02029277,-0.1151015,-55.30333,-42.44278,18.28484
88.223325729,-5.816842,-12.40045,-2.367033,0.9908374,-0.007985716,-0.1222703,-55.30333,-42.44278,18.28484
88.233323574,-3.970845,-11.27275,-2.428004,1.02501,-0.06318945,-0.1218371,-55.30333,-42.44278,18.28484
88.243322372,2.367078,-9.07671499999999,-2.367033,1.052836,-0.0925541,-0.1515498,-55.68763,-42.06197,18.66704
88.253320217,5.566806,-6.88067700000001,-2.245092,1.031798,-0.0104518,-0.1615844,-55.68763,-42.06197,18.66704
88.263319016,1.013347,-5.337515,-1.879267,1.00018,0.03850712,-0.1596276,-55.68763,-42.06197,18.66704
88.27331686,-4.586177,-4.44723,-1.147618,0.9992371,0.03715348,-0.1462254,-55.68763,-42.06197,18.66704
88.283314705,-7.66283799999999,-3.556944,-0.4769399,1.007394,0.01859979,-0.1203918,-55.68763,-42.06197,18.66704
88.293313503,-8.83197000000002,-3.616297,-0.3549984,1.013829,-0.01220227,-0.1017306,-55.31487,-42.05535,19.12132
88.303311348,-6.862906,-4.091116,-0.720822899999998,1.019225,-0.03963203,-0.08402561,-55.31487,-42.05535,19.12132
88.313310146,-4.586177,-4.44723,-1.696355,1.026002,-0.06337507,-0.09120995,-55.31487,-42.05535,19.12132
88.323307991,-2.55558,-4.803344,-3.098683,1.049412,-0.0899981,-0.0773652,-55.31487,-42.05535,19.12132
88.333306313,-1.755648,-4.862697,-4.318098,1.035558,-0.1048983,-0.08260155,-55.31487,-42.05535,19.12132
88.343304634,-2.124848,-4.565935,-4.805864,1.009683,-0.1025947,-0.09356428,-55.67388,-42.81887,19.1226
88.353302956,-2.247914,-4.565935,-5.232659,0.9907081,-0.07816468,-0.09114461,-55.67388,-42.81887,19.1226
88.363301277,-2.432514,-5.278163,-5.3546,0.9651096,-0.0382978,-0.08680307,-55.67388,-42.81887,19.1226
88.373299599,-3.293979,-5.87168699999998,-5.232659,0.9658766,-0.001381797,-0.09016395,-55.67388,-42.81887,19.1226
88.383297443,-3.724712,-6.761972,-5.415571,0.9649357,-0.003445041,-0.101169,-55.67388,-42.81887,19.1226
88.393296242,-1.940248,-7.65225799999999,-6.33013299999999,0.977789,-0.03913322,-0.09926794,-55.68174,-42.43851,19.12057
88.403294087,2.244012,-8.00837199999998,-7.00081100000001,0.9888456,-0.05681128,-0.09018972,-55.68174,-42.43851,19.12057
88.413292885,4.951474,-8.542543,-7.42760699999997,0.9995818,-0.05752718,-0.08542249,-55.68174,-42.43851,19.12057
88.42329073,5.99753899999999,-9.13606700000001,-7.48857699999998,1.006412,-0.05782993,-0.08016998,-55.68174,-42.43851,19.12057
88.433288574,6.55133799999999,-9.373476,-8.03731400000003,1.013676,-0.05592687,-0.1002833,-55.68174,-42.43851,19.12057
88.443287373,7.04360400000002,-9.49218100000001,-8.03731400000003,1.012206,-0.05546559,-0.0998023,-54.91205,-43.56742,19.90622
88.453285217,8.58193500000002,-9.25477200000002,-8.22022599999998,1.0076,-0.0439949,-0.1108045,-54.91205,-43.56742,19.90622
88.463284016,9.19726699999998,-9.01736299999997,-7.67149000000001,0.9991175,-0.007848445,-0.1251563,-54.91205,-43.56742,19.90622
88.47328186,5.87447300000001,-8.66124800000001,-6.75692799999998,0.9918536,0.04154776,-0.1280278,-54.91205,-43.56742,19.90622
88.483279705,1.874812,-8.77995300000002,-6.513045,0.9984032,0.02995754,-0.1342577,-54.91205,-43.56742,19.90622
88.493278504,-0.03271778,-8.364487,-6.14722099999998,0.9987378,0.0118922,-0.1443037,-55.2826,-43.9435,20.74397
88.503276348,0.02881546,-7.94901899999999,-5.598484,1.010808,0.01802777,-0.1371477,-55.2826,-43.9435,20.74397
88.513275147,-0.03271778,-7.236791,-4.988776,1.02227,0.030394,-0.138128,-55.2826,-43.9435,20.74397
88.523272991,-0.586516899999998,-6.10909600000003,-5.110718,1.010697,0.02379107,-0.1443277,-55.2826,-43.9435,20.74397
88.533271313,-0.4634504,-5.574925,-4.683922,0.9976934,-0.01056509,-0.1533891,-55.2826,-43.9435,20.74397
88.543269634,0.8287475,-4.684639,-4.257127,0.9825073,-0.00660569,-0.1658066,-54.92358,-43.17998,20.74269
88.553267956,-0.709583300000001,-3.675649,-3.525478,0.9898179,0.01930681,-0.1643903,-54.92358,-43.17998,20.74269
88.563266277,-3.170913,-2.963421,-3.525478,0.9952625,-0.01123942,-0.1686991,-54.92358,-43.17998,20.74269
88.573264599,-2.124848,-2.013783,-3.586449,0.9929593,-0.04435966,-0.1720366,-54.92358,-43.17998,20.74269
88.583262444,0.951813900000003,-1.004793,-3.159653,0.989732,-0.002085092,-0.1653418,-54.92358,-43.17998,20.74269
88.593261242,-1.017249,-0.2925643,-2.488975,0.9819376,0.04980052,-0.1605558,-54.16006,-43.9318,21.13931
88.603259087,-3.909311,0.3009594,-2.245092,0.9894527,0.03872848,-0.1653518,-54.16006,-43.9318,21.13931
88.613257885,-3.293979,1.013188,-2.610917,0.9910756,0.00428501,-0.1624743,-54.16006,-43.9318,21.13931
88.62325573,0.5210813,2.31894,-3.220624,0.9902561,-0.0296462,-0.1514569,-54.16006,-43.9318,21.13931
88.633253574,5.074541,2.793759,-3.220624,1.007952,-0.03740406,-0.1347356,-54.16006,-43.9318,21.13931
88.643252373,7.04360400000002,3.209226,-2.8548,1.007399,-0.007676062,-0.1242136,-54.15051,-44.31542,20.75434
88.653250217,5.197607,3.149873,-2.91577,1.008392,0.0178143,-0.1022074,-54.15051,-44.31542,20.75434
88.663249016,3.043944,2.200235,-2.976741,1.006725,-0.02298071,-0.09597251,-54.15051,-44.31542,20.75434
88.67324686,4.459208,1.428654,-3.159653,1.002027,-0.03229324,-0.09452619,-54.15051,-44.31542,20.75434
88.683244705,5.25914,0.657073599999999,-3.403537,1.004585,-0.01280066,-0.09405709,-54.15051,-44.31542,20.75434
88.693243503,4.705341,-0.5299737,-3.647419,1.002287,-0.02011764,-0.0921369,-54.53311,-43.93788,20.74953
88.703241348,4.951474,-1.598316,-4.135185,0.9942763,-0.03419276,-0.07297627,-54.53311,-43.93788,20.74953
88.713240147,6.55133799999999,-2.844716,-4.318098,0.9898561,-0.03232755,-0.07201189,-54.53311,-43.93788,20.74953
88.723237991,7.47433699999998,-3.794354,-4.440039,0.9867864,-0.02464823,-0.07583713,-54.53311,-43.93788,20.74953
88.733236313,7.16667,-4.862697,-4.440039,0.9862514,-0.02229927,-0.08349402,-54.53311,-43.93788,20.74953
88.743234634,7.28973700000001,-5.87168699999998,-4.622952,0.998023,-0.02647526,-0.08734206,-53.77944,-44.30553,21.59562
88.753232956,7.96660199999998,-6.70261999999998,-5.232659,1.012295,-0.03397713,-0.08832217,-53.77944,-44.30553,21.59562
88.763231277,10.1818,-7.77096299999999,-5.720425,1.01189,-0.03834983,-0.08736318,-53.77944,-44.30553,21.59562
88.773229599,12.33546,-9.07671499999999,-5.720425,1.033108,-0.0004999689,-0.08597419,-53.77944,-44.30553,21.59562
88.783227444,11.8432,-9.848295,-5.720425,1.036312,0.03650366,-0.08503214,-54.15588,-44.30507,21.97984
88.793226242,9.13573400000002,-10.67923,-5.720425,1.020801,0.03166583,-0.1022326,-54.15588,-44.30507,21.97984
88.803224087,8.705001,-11.2134,-5.659454,1.000004,0.02278339,-0.1251657,-54.15588,-44.30507,21.97984
88.813222408,8.33580199999998,-11.0947,-5.3546,0.9727452,0.0205326,-0.152875,-54.15588,-44.30507,21.97984
88.82322073,8.028135,-11.0947,-5.3546,0.9651403,0.01009423,-0.161952,-54.15588,-44.30507,21.97984
88.833218574,9.19726699999998,-11.27275,-5.84236700000003,0.9710486,0.006778668,-0.1653115,-53.7848,-44.29518,22.82113
88.843217373,9.19726699999998,-11.3321,-5.84236700000003,0.9831989,0.008480935,-0.1648545,-53.7848,-44.29518,22.82113
88.853215218,8.705001,-11.03534,-5.720425,0.9883823,-0.007877262,-0.1581593,-53.7848,-44.29518,22.82113
88.863214016,9.935666,-10.44182,-5.29363,0.992954,-0.01811014,-0.1710862,-53.7848,-44.29518,22.82113
88.873211861,11.35093,-9.78894299999998,-4.927805,0.9901072,0.003679051,-0.1734797,-53.7848,-44.29518,22.82113
88.883209705,9.99719900000002,-9.01736299999997,-4.196156,0.9847318,0.03022068,-0.1820916,-53.0387,-44.28301,23.60069
88.893208504,7.53587,-8.42383900000002,-3.647419,0.9843123,0.05257009,-0.181618,-53.0387,-44.28301,23.60069
88.903206348,5.074541,-7.77096299999999,-3.098683,0.9844592,0.07047388,-0.1902372,-53.0387,-44.28301,23.60069
88.913205147,3.043944,-6.70261999999998,-2.367033,1.007882,0.06837973,-0.2041562,-53.0387,-44.28301,23.60069
88.923202991,0.705681,-5.515573,-1.879267,1.013756,0.06706426,-0.2012947,-53.0387,-44.28301,23.60069
88.933201313,0.890280700000001,-4.328525,-1.940238,1.017747,0.0359639,-0.209908,-53.04067,-44.2792,24.0522
88.943199635,1.013347,-2.666659,-1.818297,1.020019,0.04478645,-0.2065642,-53.04067,-44.2792,24.0522
88.953197479,-0.0942510000000003,-1.598316,-1.574414,1.005465,0.04171923,-0.1917022,-53.04067,-44.2792,24.0522
88.963196278,-1.632582,-0.886087999999999,-1.086647,0.999543,0.04614678,-0.1730285,-53.04067,-44.2792,24.0522
88.973194122,-3.417045,-0.5299737,-0.4769399,0.9959552,0.02952318,-0.176368,-53.04067,-44.2792,24.0522
88.983192444,-5.139976,0.004197581,0.4376215,0.9836975,0.03372027,-0.1691691,-53.04237,-44.27593,24.4392
88.993190765,-7.60130500000002,0.3009594,0.925387699999998,0.9829507,0.02153943,-0.171079,-53.04237,-44.27593,24.4392
89.003189087,-7.47823899999999,0.3603118,0.864416900000002,0.9794452,0.000539594,-0.1748961,-53.04237,-44.27593,24.4392
89.013187408,-6.370641,0.4196641,0.4985923,0.9718841,-0.01161358,-0.1590867,-53.04237,-44.27593,24.4392
89.02318573,-3.786245,0.1229023,-0.05014454,0.9667184,-0.02189409,-0.1562036,-53.04237,-44.27593,24.4392
89.033183575,-1.509515,0.004197581,-0.720822899999998,0.9626372,-0.01231292,-0.1624205,-52.27715,-45.03102,24.44881
89.043182373,-1.571049,-0.4706214,-0.720822899999998,0.9677603,0.0004885783,-0.1552541,-52.27715,-45.03102,24.44881
89.053180218,-3.047846,-0.826735599999998,-0.5379106,0.9781207,-0.006004642,-0.1437846,-52.27715,-45.03102,24.44881
89.063179016,-4.032378,-1.242202,-0.2940276,0.9962532,-0.01147769,-0.1438148,-52.27715,-45.03102,24.44881
89.073176861,-3.417045,-1.598316,-0.5379106,0.9964116,-0.0196303,-0.1323272,-52.27715,-45.03102,24.44881
89.083174706,-2.001781,-1.95443,-1.086647,1.00462,-0.01556744,-0.1309068,-53.03281,-44.65955,24.05422
89.093173504,0.644147799999998,-2.547954,-1.452472,1.013352,-0.01343799,-0.1294868,-53.03281,-44.65955,24.05422
89.103171349,2.059412,-2.785364,-1.391501,1.010116,0.002923585,-0.1400141,-53.03281,-44.65955,24.05422
89.113170147,1.997879,-3.082125,-1.025677,1.01261,0.02582528,-0.1385886,-53.03281,-44.65955,24.05422
89.123167992,-0.2173175,-3.260183,-0.659852100000001,1.01126,0.04565202,-0.1462486,-53.03281,-44.65955,24.05422
89.133165836,-2.432514,-3.735002,-0.1720861,1.001729,0.05998933,-0.1519786,-53.02296,-45.04372,23.60475
89.143164635,-4.64771,-3.735002,0.1327677,0.9868623,0.04694708,-0.1643923,-53.02296,-45.04372,23.60475
89.153162479,-4.401577,-3.853706,0.1937385,0.9676198,0.03330173,-0.1801482,-53.02296,-45.04372,23.60475
89.163161278,-2.370981,-3.794354,-0.2330568,0.9683502,0.02010363,-0.1901962,-53.02296,-45.04372,23.60475
89.173159123,-0.0942510000000003,-3.43824,-0.903735200000002,0.969812,0.02014567,-0.188763,-53.02296,-45.04372,23.60475
89.183157921,0.644147799999998,-3.082125,-1.086647,0.9712617,0.0205813,-0.19738,-53.02494,-45.03991,24.05625
89.193155766,0.8287475,-2.607306,-0.903735200000002,0.9799591,-0.0009256236,-0.1768109,-53.02494,-45.03991,24.05625
89.203154087,1.013347,-2.132488,-0.598881400000002,0.9938793,-0.01576743,-0.1825742,-53.02494,-45.03991,24.05625
89.213152409,1.25948,-1.420259,-0.5379106,1.006398,-0.007758196,-0.1840338,-53.02494,-45.03991,24.05625
89.22315073,-0.709583300000001,-1.360907,-0.2330568,1.001653,0.01171293,-0.1701519,-53.02494,-45.03991,24.05625
89.233149052,-0.709583300000001,-1.004793,-0.4159691,1.002837,0.0005508879,-0.1711082,-53.01878,-45.417,24.44528
89.243147373,1.136414,-0.648678499999998,-0.4159691,1.001769,0.005319028,-0.1787648,-53.01878,-45.417,24.44528
89.253145218,1.874812,-0.411269,-0.1720861,0.9904616,0.03674763,-0.1715746,-53.01878,-45.417,24.44528
89.263144016,0.5210813,-0.05515479,0.4985923,0.9843696,0.07537977,-0.184974,-53.01878,-45.417,24.44528
89.273141861,-2.370981,0.2416071,1.169271,0.9849315,0.07156036,-0.1787525,-53.01878,-45.417,24.44528
89.283140659,-5.01691,0.4196641,1.596066,0.996335,0.06107301,-0.1811626,-52.33175,-45.41184,24.45038
89.293138504,-6.06297400000002,0.716426,1.839949,0.9968768,0.03252283,-0.1691918,-52.33175,-45.41184,24.45038
89.303136349,-5.078443,1.013188,1.474125,0.9973604,0.006777479,-0.169186,-52.33175,-45.41184,24.45038
89.313135147,-3.724712,1.369302,1.474125,0.9955838,-0.002538762,-0.1744448,-52.33175,-45.41184,24.45038
89.323132992,-2.678647,1.428654,1.596066,0.9956854,-0.007842635,-0.1701365,-52.33175,-45.41184,24.45038
89.33313179,-2.309447,1.488007,1.718008,0.992996,0.005763233,-0.1643924,-52.65807,-44.65674,24.057
89.343129635,-4.032378,1.488007,1.596066,0.9891964,0.02665822,-0.1562553,-52.65807,-44.65674,24.057
89.35312748,-5.693775,1.250597,1.778978,0.9910402,0.006263169,-0.1586462,-52.65807,-44.65674,24.057
89.363126278,-4.586177,1.131893,1.657037,0.9887303,-0.0006514448,-0.165819,-52.65807,-44.65674,24.057
89.373124123,-3.724712,1.369302,1.596066,0.9784025,0.00454689,-0.1595808,-53.03281,-44.65955,24.05422
89.383122921,-3.047846,1.250597,1.657037,0.9806321,0.01511936,-0.1772948,-53.03281,-44.65955,24.05422
89.393120766,-3.417045,1.547359,1.839949,0.9856503,0.007478527,-0.1734729,-53.03281,-44.65955,24.05422
89.403119087,-2.986313,1.784769,1.657037,0.9862109,0.003619617,-0.1715586,-53.03281,-44.65955,24.05422
89.413117409,-2.247914,1.784769,1.474125,0.9932048,-0.00544439,-0.1682184,-53.03281,-44.65955,24.05422
89.42311573,-0.3403839,1.784769,1.047329,0.9927459,-0.006884963,-0.1653458,-53.02494,-45.03991,24.05625
89.433114052,0.1518819,1.784769,1.1083,0.9947814,0.01458055,-0.1605691,-53.02494,-45.03991,24.05625
89.443112373,-0.1557842,1.725416,1.474125,0.9979551,0.02731282,-0.1567493,-53.02494,-45.03991,24.05625
89.453110218,-0.955716300000001,1.428654,1.535095,0.999353,0.03075519,-0.1553169,-53.02494,-45.03991,24.05625
89.463109017,-1.571049,1.30995,1.718008,0.9971715,0.01706186,-0.1600953,-53.02494,-45.03991,24.05625
89.473106861,-0.955716300000001,1.30995,1.90092,0.9929247,0.009701993,-0.1586503,-52.28135,-44.65775,23.60828
89.483105183,1.07488,1.428654,1.778978,0.9768202,0.0107583,-0.1677155,-52.28135,-44.65775,23.60828
89.493103504,1.25948,1.666064,1.90092,0.9703045,0.02032208,-0.170578,-52.28135,-44.65775,23.60828
89.503101349,1.25948,1.666064,1.778978,0.9850368,0.01431345,-0.1686879,-52.28135,-44.65775,23.60828
89.513100147,0.4595481,1.903473,1.96189,0.9855694,0.01188988,-0.1691667,-52.28135,-44.65775,23.60828
89.523097992,-0.709583300000001,2.200235,2.388686,0.992489,0.006672463,-0.1701346,-53.4407,-43.13768,24.43033
89.53309679,-1.447982,2.200235,2.510627,1.00624,0.001174244,-0.1634571,-53.4407,-43.13768,24.43033
89.543094635,-1.324916,2.615702,2.632569,1.003308,0.001619818,-0.1615378,-53.4407,-43.13768,24.43033
89.55309248,-0.6480501,2.853111,2.327715,1.007604,0.00665183,-0.1519751,-53.4407,-43.13768,24.43033
89.563091278,-0.0942510000000003,3.031168,2.571598,0.9963049,0.01115642,-0.1663138,-53.4407,-43.13768,24.43033
89.573089123,0.2749484,3.031168,2.815481,0.9884675,0.03913794,-0.1715717,-53.40388,-44.66945,23.21294
89.583087921,-1.571049,3.268578,3.303247,0.9744549,0.05879785,-0.1701166,-53.40388,-44.66945,23.21294
89.593085766,-4.032378,3.268578,3.669072,0.9773288,0.0355426,-0.1686799,-53.40388,-44.66945,23.21294
89.603084088,-3.909311,3.32793,3.54713,0.9802745,0.008366136,-0.1710709,-53.40388,-44.66945,23.21294
89.613082409,-3.109379,3.802749,3.730042,0.9794385,0.001099969,-0.1667604,-53.40388,-44.66945,23.21294
89.623080254,-2.801713,3.921454,3.669072,0.9795919,-0.007210643,-0.1725014,-52.28333,-44.65393,24.05979
89.633079052,-2.801713,3.921454,3.912955,0.9775299,-0.0007762304,-0.1552708,-52.28333,-44.65393,24.05979
89.643076897,-3.663178,4.040159,4.034896,0.9806246,-0.009987454,-0.159581,-52.28333,-44.65393,24.05979
89.653075218,-3.478579,4.218216,4.156838,0.9861926,-0.0210541,-0.1595878,-52.28333,-44.65393,24.05979
89.66307354,-3.724712,4.455625,3.791013,0.9954777,-0.02224514,-0.1505108,-52.28333,-44.65393,24.05979
89.673071861,-2.55558,4.455625,3.608101,0.994603,-0.0276341,-0.1533793,-53.41344,-44.28583,23.59791
89.683070183,-1.817181,4.455625,3.608101,0.9907939,-0.006262128,-0.1461995,-53.41344,-44.28583,23.59791
89.693068504,-2.494047,4.455625,3.851984,0.9881757,0.003400588,-0.146676,-53.41344,-44.28583,23.59791
89.703066349,-3.170913,4.158864,3.730042,0.9791328,0.01775631,-0.1514497,-53.41344,-44.28583,23.59791
89.713065147,-3.909311,3.684045,3.791013,0.9830142,0.01889699,-0.1414067,-53.41344,-44.28583,23.59791
89.723062992,-3.355512,3.743397,3.669072,0.9955091,0.002065716,-0.1490813,-53.77076,-45.05262,23.21219
89.73306179,-2.617113,3.684045,3.364218,0.9986818,0.01476727,-0.1486116,-53.77076,-45.05262,23.21219
89.743059635,-3.417045,3.802749,3.912955,1.001511,0.01962995,-0.1543607,-53.77076,-45.05262,23.21219
89.753058433,-4.893843,3.802749,3.912955,1.002006,0.01909676,-0.1605829,-53.77076,-45.05262,23.21219
89.763056278,-6.30910700000001,3.802749,3.851984,1.001957,0.02219128,-0.140962,-53.77076,-45.05262,23.21219
89.773054123,-6.80137299999998,3.56534,3.730042,1.000768,0.007554456,-0.1447847,-53.78283,-44.29899,22.36963
89.783052921,-6.12450699999998,3.56534,3.608101,1.003504,-0.008440715,-0.1462211,-53.78283,-44.29899,22.36963
89.793050766,-4.340044,3.684045,3.669072,1.00981,-0.006827596,-0.1428825,-53.78283,-44.29899,22.36963
89.803049564,-3.847778,3.743397,3.730042,1.009351,-0.008276949,-0.140967,-53.78283,-44.29899,22.36963
89.813047409,-4.155444,3.446635,3.608101,1.012782,-0.009084542,-0.1304441,-53.78283,-44.29899,22.36963
89.823045254,-4.032378,3.505987,3.54713,1.021275,-0.02004517,-0.1251918,-53.78283,-44.29899,22.36963
89.833044052,-3.540112,3.684045,3.425189,1.016078,-0.02898251,-0.1347519,-53.78283,-44.29899,22.36963
89.843041897,-2.678647,3.684045,3.608101,1.011952,-0.01695059,-0.1385764,-53.78283,-44.29899,22.36963
89.853040695,-3.109379,3.862102,3.608101,1.007772,-0.001968976,-0.138573,-53.78283,-44.29899,22.36963
89.86303854,-4.64771,3.862102,3.48616,1.003234,0.006233075,-0.1352172,-53.78283,-44.29899,22.36963
89.873036861,-4.893843,3.862102,3.303247,0.9993508,-0.02060114,-0.1385535,-54.56823,-42.40937,21.57992
89.883035183,-3.293979,4.099511,3.120335,0.9993132,-0.0186932,-0.1423826,-54.56823,-42.40937,21.57992
89.893033504,-2.863246,4.277568,2.876452,1.006421,-0.007809428,-0.1366548,-54.56823,-42.40937,21.57992
89.903031826,-4.278511,4.277568,2.876452,1.008325,-0.005302626,-0.1323516,-54.56823,-42.40937,21.57992
89.913030148,-4.955376,4.158864,2.998394,1.000347,-0.02144807,-0.1270692,-54.52892,-44.31115,21.59006
89.923027992,-3.970845,4.040159,3.120335,0.9893161,-0.03090766,-0.1280047,-54.52892,-44.31115,21.59006
89.933026791,-3.232446,3.862102,3.364218,0.9857218,-0.02132564,-0.1351795,-54.52892,-44.31115,21.59006
89.943024635,-4.155444,3.684045,3.54713,0.9875173,-0.01295898,-0.1275276,-54.52892,-44.31115,21.59006
89.953023434,-4.46311,3.505987,3.181306,0.9926867,-0.02898065,-0.137104,-54.52892,-44.31115,21.59006
89.963021278,-3.232446,3.56534,2.69354,0.9990668,-0.03122289,-0.1304145,-54.16006,-43.9318,21.13931
89.973019123,-2.986313,3.56534,2.571598,1.000067,-0.03269165,-0.1337659,-54.16006,-43.9318,21.13931
89.983017921,-3.170913,3.387283,2.632569,1.002847,-0.02476078,-0.1227655,-54.16006,-43.9318,21.13931
89.993015766,-4.155444,3.090521,2.632569,0.9994207,-0.02381273,-0.1179741,-54.16006,-43.9318,21.13931
90.003014565,-4.340044,3.031168,2.510627,1.00348,-0.03252333,-0.1227647,-54.16006,-43.9318,21.13931
90.013012409,-3.663178,3.149873,2.388686,1.001181,-0.03986665,-0.1237159,-54.54267,-43.55426,21.1345
90.023010254,-1.632582,3.209226,2.205774,0.9996545,-0.03654786,-0.129457,-54.54267,-43.55426,21.1345
90.033009052,-0.709583300000001,3.090521,1.718008,1.001385,-0.02482476,-0.1265916,-54.54267,-43.55426,21.1345
90.043006897,-0.5249836,3.149873,1.718008,0.996936,-0.02154177,-0.1299347,-54.54267,-43.55426,21.1345
