Time (s),Gyroscope X (deg/s),Gyroscope Y (deg/s),Gyroscope Z (deg/s),Accelerometer X (g),Accelerometer Y (g),Accelerometer Z (g),Magnetometer X (uT),Magnetometer Y (uT),Magnetometer Z (uT)
12.121529102,-1.509515,6.117492,2.388686,0.9689935,-0.03785795,-0.1002101,-28.76436,-24.77112,52.64358
12.13152647,-3.232446,14.66423,3.364218,0.976409,-0.04356028,-0.1021358,-28.76436,-24.77112,52.64358
12.141523838,-4.83231,23.50773,4.156838,0.9827592,-0.04441987,-0.1035824,-28.76436,-24.77112,52.64358
12.151521206,-6.24757399999999,32.70735,5.13237,0.9989512,-0.05045667,-0.1079163,-28.76436,-24.77112,52.64358
12.161518574,-7.232106,41.4915,6.04693200000002,1.001929,-0.0533135,-0.1079207,-28.76436,-24.77112,52.64358
12.171515942,-7.47823899999999,50.0976,7.14440499999997,1.023427,-0.05622454,-0.1007788,-28.38792,-24.77158,52.25935
12.18151331,-7.35517199999998,59.0598000000002,8.24187900000002,1.059405,-0.07788458,-0.1027503,-28.38792,-24.77158,52.25935
12.191509724,-5.693775,67.90331,9.64420700000001,1.084872,-0.08467495,-0.1032715,-28.38792,-24.77158,52.25935
12.201507092,-3.232446,76.7467999999998,10.92459,1.116553,-0.08499461,-0.1004552,-28.38792,-24.77158,52.25935
12.211504459,-0.955716300000001,85.6496699999999,12.50983,1.154271,-0.0953778,-0.09525392,-28.38792,-24.77158,52.25935
12.221501827,1.382547,94.1964000000002,14.15604,1.175093,-0.08803603,-0.08141341,-29.50171,-24.80017,49.86451
12.231499195,3.413143,102.8025,15.43643,1.196649,-0.09378263,-0.0656565,-29.50171,-24.80017,49.86451
12.241496086,5.44374,111.2899,16.71681,1.206182,-0.0824001,-0.06376174,-29.50171,-24.80017,49.86451
12.251493454,6.73593800000001,118.9463,18.11914,1.215763,-0.07338051,-0.05468782,-29.50171,-24.80017,49.86451
12.261490345,6.79747099999997,126.6622,19.21662,1.221787,-0.0566649,-0.04656684,-29.50171,-24.80017,49.86451
12.271487713,5.566806,133.4877,20.19215,1.233828,-0.04915106,-0.04802549,-32.50913,-23.70884,46.61116
12.281485081,4.397675,139.9571,20.9238,1.231613,-0.06081356,-0.04323287,-32.50913,-23.70884,46.61116
12.291482449,4.459208,145.8923,21.28962,1.232365,-0.07486907,-0.04083768,-32.50913,-23.70884,46.61116
12.30147934,4.705341,151.3527,21.47253,1.241841,-0.08628743,-0.03462977,-32.50913,-23.70884,46.61116
12.311476708,5.505273,156.5164,21.41156,1.245351,-0.09155027,-0.0331988,-36.18278,-23.39319,42.19577
12.321474075,5.99753899999999,161.2052,22.26515,1.256549,-0.09075098,-0.02316843,-36.18278,-23.39319,42.19577
12.331471443,6.67440499999999,165.8347,23.24068,1.262731,-0.08222309,-0.007388394,-36.18278,-23.39319,42.19577
12.341468334,6.55133799999999,169.752,24.58204,1.268517,-0.07854048,0.01078646,-36.18278,-23.39319,42.19577
12.351465225,5.62834,172.957,25.9234,1.27942,-0.08792109,0.02417,-36.18278,-23.39319,42.19577
12.361462593,4.951474,175.9246,27.69155,1.282006,-0.09550908,0.0390033,-40.69762,-21.26214,35.76504
12.371459961,4.951474,178.002,29.33776,1.284021,-0.09878752,0.04809358,-40.69762,-21.26214,35.76504
12.381457329,4.705341,179.7825,30.67912,1.291674,-0.09070335,0.0653069,-40.69762,-21.26214,35.76504
12.391454697,3.720809,181.1476,31.89853,1.290949,-0.07731212,0.09641216,-40.69762,-21.26214,35.76504
12.401452065,1.25948,182.216,33.05698,1.296271,-0.07449656,0.127031,-40.69762,-21.26214,35.76504
12.411449432,-1.386449,183.6404,34.33736,1.290379,-0.0714429,0.1547979,-45.56546,-19.84538,27.65824
12.421445847,-3.786245,185.4803,35.12998,1.274306,-0.07093675,0.1916762,-45.56546,-19.84538,27.65824
12.431443215,-6.678307,187.2609,36.10551,1.249425,-0.06877492,0.2161264,-45.56546,-19.84538,27.65824
12.441440582,-10.06263,188.9821,36.89814,1.246098,-0.0988506,0.2290615,-45.56546,-19.84538,27.65824
12.45143795,-12.2163,191.0595,37.69075,1.234739,-0.1164592,0.2410502,-45.56546,-19.84538,27.65824
12.461435318,-13.20083,193.4336,38.17852,1.215504,-0.1298632,0.2516159,-47.8278,-17.64441,20.01835
12.471432686,-13.75463,196.4605,37.56881,1.181219,-0.1458538,0.2775228,-47.8278,-17.64441,20.01835
12.481430054,-12.64703,197.0541,39.09308,1.188644,-0.2040947,0.2693891,-47.8278,-17.64441,20.01835
12.491426468,-9.81650199999998,198.1224,40.06861,1.166021,-0.218419,0.2928825,-47.8278,-17.64441,20.01835
12.501423836,-6.49370699999998,198.1224,40.55638,1.157259,-0.2184035,0.3134765,-47.8278,-17.64441,20.01835
12.511421204,-3.847778,198.3598,40.73929,1.140672,-0.2164497,0.3503553,-50.77628,-15.08512,10.37183
12.521418572,-3.724712,197.7069,41.47094,1.12699,-0.2134403,0.3901002,-50.77628,-15.08512,10.37183
12.531415939,-4.83231,196.5792,41.95871,1.109729,-0.2019126,0.4126204,-50.77628,-15.08512,10.37183
12.541413307,-6.61677399999998,195.8077,42.44648,1.08504,-0.1835354,0.4562091,-50.77628,-15.08512,10.37183
12.551410198,-9.57036899999999,196.2231,41.53191,1.066494,-0.2075682,0.4720406,-50.77628,-15.08512,10.37183
12.561407566,-12.0317,194.9767,41.16609,1.042999,-0.22722,0.4993654,-51.48937,-15.16103,2.045729
12.571404457,-10.98563,193.2555,41.22706,1.013485,-0.2121126,0.5147275,-51.48937,-15.16103,2.045729
12.581401825,-12.0317,192.0091,40.86124,0.978029,-0.1916589,0.54302,-51.48937,-15.16103,2.045729
12.591399193,-16.09289,190.1098,40.67832,0.9537311,-0.1685549,0.5712924,-51.48937,-15.16103,2.045729
12.601396084,-22.86155,187.5577,40.37347,0.9335243,-0.1554872,0.6091317,-51.48937,-15.16103,2.045729
12.611393452,-30.12247,185.0055,39.51988,0.9189959,-0.16006,0.6187298,-50.72144,-14.09551,-7.565342
12.621390819,-36.09119,181.385,38.23949,0.8837242,-0.2013303,0.6456021,-50.72144,-14.09551,-7.565342
12.631388187,-36.89112,176.6962,37.32493,0.8301755,-0.2300826,0.6461815,-50.72144,-14.09551,-7.565342
12.641385555,-35.22973,172.2448,34.64222,0.7790298,-0.2567163,0.6606348,-50.72144,-14.09551,-7.565342
12.651382446,-32.89146,167.3185,32.75212,0.7411625,-0.2642852,0.6587884,-50.72144,-14.09551,-7.565342
12.661379337,-29.93787,162.8078,30.923,0.7130988,-0.2230838,0.6549981,-48.55352,-11.48799,-16.01286
12.671376705,-31.59927,160.3149,28.72805,0.6801591,-0.2334139,0.6593654,-48.55352,-11.48799,-16.01286
12.681374073,-33.19913,156.5757,28.48417,0.6526601,-0.2223605,0.6522319,-48.55352,-11.48799,-16.01286
12.691371441,-35.22973,152.5398,28.11835,0.6089339,-0.2289284,0.6661885,-48.55352,-11.48799,-16.01286
12.701368809,-36.64499,147.7916,27.75252,0.5354864,-0.2627412,0.6347392,-48.55352,-11.48799,-16.01286
12.711366177,-35.16819,141.2035,27.56961,0.4703915,-0.3003159,0.5989692,-46.34123,-8.175591,-23.62512
12.721363544,-31.23007,134.378,26.77699,0.4273084,-0.315877,0.5846909,-46.34123,-8.175591,-23.62512
12.731359959,-26.06128,127.1963,25.61855,0.3952594,-0.3482762,0.5651336,-46.34123,-8.175591,-23.62512
12.741357326,-20.40022,119.065,25.13078,0.3519912,-0.3542054,0.5417603,-46.34123,-8.175591,-23.62512
12.751354694,-15.04683,111.646,25.00884,0.3334466,-0.3269214,0.5365213,-46.34123,-8.175591,-23.62512
12.761352062,-14.86223,105.5327,25.19175,0.3051759,-0.3008716,0.5236422,-41.10541,-6.65511,-28.36733
12.77134943,-17.20049,98.0543099999999,26.59408,0.2792312,-0.2689445,0.5107577,-41.10541,-6.65511,-28.36733
12.781346798,-22.43081,91.5255399999999,27.3867,0.252604,-0.2782351,0.5088922,-41.10541,-6.65511,-28.36733
12.791344166,-25.44594,84.1658599999997,27.81349,0.228614,-0.2724883,0.4984039,-41.10541,-6.65511,-28.36733
12.801341057,-28.76874,76.3906900000002,27.32573,0.1948884,-0.293144,0.4912894,-41.10541,-6.65511,-28.36733
12.811338425,-29.8148,66.83496,27.3867,0.1776965,-0.2863919,0.4697817,-38.11695,-5.518783,-31.57618
12.821335316,-27.29194,58.2882200000001,25.67952,0.1745532,-0.2491988,0.4520703,-38.11695,-5.518783,-31.57618
12.831332684,-26.49201,51.87817,23.36263,0.1397851,-0.1617242,0.4746014,-38.11695,-5.518783,-31.57618
12.841330051,-29.8148,45.58682,20.80186,0.1072308,-0.113917,0.5119748,-38.11695,-5.518783,-31.57618
12.851327419,-30.7378,40.06705,17.69235,0.1307114,-0.1708863,0.5018984,-35.51476,-3.99783,-33.95134
12.86132431,-16.89282,31.4016,12.50983,0.04944999,-0.204714,0.4326553,-35.51476,-3.99783,-33.95134
12.871321678,-6.80137299999998,23.15162,8.72964499999998,0.07656313,-0.09133463,0.4440647,-35.51476,-3.99783,-33.95134
12.881319046,-10.98563,16.97897,6.96149300000002,0.07479602,0.05659451,0.5229946,-35.51476,-3.99783,-33.95134
12.891316414,-15.66216,9.26316700000002,3.48616,0.02358388,-0.01955057,0.4905604,-35.51476,-3.99783,-33.95134
12.901313305,-13.3239,-0.1738595,-1.452472,0.05831504,-0.1307406,0.4785641,-33.72343,-2.850252,-34.78249
12.911310196,-9.57036899999999,-7.59290600000003,-5.537513,0.06607965,-0.1540562,0.5158855,-33.72343,-2.850252,-34.78249
12.921307564,-4.83231,-16.13965,-10.29323,0.02708441,-0.205404,0.5116595,-33.72343,-2.850252,-34.78249
12.931304932,0.2134152,-25.57667,-14.01245,0.04044121,-0.2421156,0.50686,-33.72343,-2.850252,-34.78249
12.941302299,1.567146,-34.18277,-16.63419,0.06979639,-0.2483081,0.5101604,-33.72343,-2.850252,-34.78249
12.951299667,1.382547,-41.2457,-19.07302,0.08294928,-0.2480175,0.5134874,-33.35853,-2.463271,-34.33024
12.961297035,1.07488,-47.4777,-21.02409,0.1112053,-0.2737571,0.5072233,-33.35853,-2.463271,-34.33024
12.971294403,-0.586516899999998,-53.65034,-23.15806,0.1339204,-0.315537,0.5124588,-33.35853,-2.463271,-34.33024
12.981291771,-0.0942510000000003,-60.6539200000001,-24.68233,0.1520699,-0.3476663,0.5200926,-33.35853,-2.463271,-34.33024
12.991288185,4.951474,-67.3013900000002,-26.57243,0.1571431,-0.4102701,0.5181856,-33.35853,-2.463271,-34.33024
13.001285553,12.27393,-74.12691,-27.79184,0.1688621,-0.4371065,0.5339651,-34.48952,-2.458632,-32.79057
13.011282921,20.76551,-80.1808500000003,-29.80388,0.2156782,-0.4127161,0.5491916,-34.48952,-2.458632,-32.79057
13.021280289,26.11891,-85.8786799999998,-31.02329,0.2402997,-0.3478002,0.5802394,-34.48952,-2.458632,-32.79057
13.031277657,27.47264,-92.2293899999998,-32.0598,0.2664113,-0.3106807,0.5974131,-34.48952,-2.458632,-32.79057
13.041275024,27.2265,-98.9361999999998,-33.15727,0.2927775,-0.2871934,0.6112398,-34.48952,-2.458632,-32.79057
13.051272392,26.61117,-106.8894,-33.82795,0.3149428,-0.2734903,0.6269906,-37.41214,-3.601027,-30.35526
13.061269283,25.93431,-116.1484,-34.19377,0.3369317,-0.2762951,0.6446604,-37.41214,-3.601027,-30.35526
13.071266174,23.84218,-125.7041,-34.62057,0.3746063,-0.3098465,0.6670964,-37.41214,-3.601027,-30.35526
13.081263542,24.76517,-135.7347,-34.31571,0.4461514,-0.3313161,0.6621915,-37.41214,-3.601027,-30.35526
13.09126091,31.04156,-141.9073,-35.5961,0.528483,-0.3565478,0.6476972,-37.41214,-3.601027,-30.35526
13.101258278,39.28701,-146.1807,-36.51066,0.5893372,-0.3276907,0.6427978,-40.39862,-4.741168,-27.59791
13.111255169,43.53281,-149.9792,-37.54716,0.5968971,-0.2627445,0.6609538,-40.39862,-4.741168,-27.59791
13.121252537,41.87141,-155.3209,-39.1324,0.5987148,-0.2295856,0.6695565,-40.39862,-4.741168,-27.59791
13.131249905,36.57955,-160.7814,-41.0225,0.6549407,-0.2140456,0.6531829,-40.39862,-4.741168,-27.59791
13.141247273,27.34957,-165.5296,-43.21745,0.7197673,-0.2145638,0.668863,-40.39862,-4.741168,-27.59791
13.15124464,18.55032,-170.3965,-43.5223,0.758719,-0.2391948,0.6544442,-44.50352,-6.99649,-20.77929
13.161241531,16.39665,-173.9576,-43.58327,0.7947131,-0.2883086,0.6261581,-44.50352,-6.99649,-20.77929
13.171238422,19.41178,-174.8479,-43.88812,0.8237686,-0.3056144,0.5839972,-44.50352,-6.99649,-20.77929
13.18123579,18.98105,-174.9072,-44.43686,0.8343319,-0.2978499,0.560048,-44.50352,-6.99649,-20.77929
13.191233158,12.82773,-178.231,-43.94909,0.8474818,-0.2720107,0.5408754,-44.50352,-6.99649,-20.77929
13.201230526,6.98206999999997,-182.9198,-43.58327,0.8719553,-0.2522167,0.5269489,-47.47932,-9.557069,-13.56364
13.211227894,2.982411,-186.7777,-44.9856,0.8993852,-0.2600367,0.5158958,-47.47932,-9.557069,-13.56364
13.221225262,2.244012,-189.9234,-46.0221,0.9308496,-0.2237536,0.4832885,-47.47932,-9.557069,-13.56364
13.23122263,-0.832649800000001,-192.1788,-48.33899,0.9735712,-0.2158398,0.4592832,-47.47932,-9.557069,-13.56364
13.241219997,-0.4019172,-192.7129,-50.53394,1.022821,-0.2178789,0.4486692,-47.47932,-9.557069,-13.56364
13.251216412,1.813279,-191.7633,-54.37509,1.054564,-0.2216427,0.4467005,-49.2767,-11.78851,-5.953878
13.26121378,6.67440499999999,-190.8137,-56.93586,1.098982,-0.2520409,0.4274879,-49.2767,-11.78851,-5.953878
13.271211147,14.48913,-188.677,-58.1552800000001,1.12634,-0.2559572,0.4183482,-49.2767,-11.78851,-5.953878
13.281208515,24.14984,-183.8694,-59.1308100000001,1.136521,-0.253401,0.410194,-49.2767,-11.78851,-5.953878
13.291205883,33.01062,-178.4684,-59.0698400000002,1.109858,-0.2094316,0.3872575,-49.2767,-11.78851,-5.953878
13.301203251,37.13335,-175.7382,-57.5455699999998,1.096634,-0.1544885,0.3662091,-51.52618,-13.62925,3.263123
13.311200142,35.90269,-175.7382,-54.49704,1.111874,-0.1101028,0.3513352,-51.52618,-13.62925,3.263123
13.32119751,32.21069,-176.3317,-49.9852,1.172146,-0.07653373,0.3315999,-51.52618,-13.62925,3.263123
13.331194878,27.10344,-175.7975,-45.29045,1.221673,-0.06739511,0.320504,-51.52618,-13.62925,3.263123
13.341191769,20.95011,-174.5511,-41.51026,1.256634,-0.06088184,0.3194842,-51.52618,-13.62925,3.263123
13.351189137,14.79679,-173.5421,-38.33978,1.277098,-0.06109947,0.3046127,-51.50923,-16.21819,11.98486
13.361186028,9.01266799999998,-172.5331,-36.20581,1.272633,-0.057537,0.2787765,-51.50923,-16.21819,11.98486
13.371183395,3.782343,-171.7022,-35.53513,1.270207,-0.08448719,0.2596446,-51.50923,-16.21819,11.98486
13.381180763,0.3364816,-170.6932,-34.92542,1.257088,-0.1132161,0.2285674,-51.50923,-16.21819,11.98486
13.391178131,-1.386449,-169.981,-34.98639,1.256305,-0.1498526,0.2094352,-51.50923,-16.21819,11.98486
13.401175499,-1.386449,-168.3191,-35.77901,1.249108,-0.1822424,0.190313,-50.02363,-17.27664,20.45161
13.411172867,0.8287475,-165.945,-36.38872,1.253627,-0.215898,0.1668636,-50.02363,-17.27664,20.45161
13.421170235,5.62834,-162.8587,-34.62057,1.272124,-0.2151958,0.1505596,-50.02363,-17.27664,20.45161
13.431166649,10.42793,-158.7634,-31.45009,1.277661,-0.1728577,0.1452747,-50.02363,-17.27664,20.45161
13.441164017,10.98173,-154.0745,-28.09669,1.279316,-0.105266,0.1466901,-47.42094,-20.99015,28.87593
13.451161385,7.16667,-149.3264,-24.19457,1.262751,-0.05363702,0.1423985,-47.42094,-20.99015,28.87593
13.461158753,0.0903486900000002,-146.062,-20.90215,1.229077,-0.02523794,0.1323998,-47.42094,-20.99015,28.87593
13.47115612,-8.093571,-141.1951,-19.98759,1.199878,-0.02803054,0.1027797,-47.42094,-20.99015,28.87593
13.481153488,-13.93923,-136.7437,-19.62176,1.183285,-0.05344844,0.06931486,-47.42094,-20.99015,28.87593
13.491150856,-16.52362,-131.2832,-20.1705,1.166789,-0.08354399,0.05547266,-43.66175,-22.74975,34.91206
13.501148224,-16.15442,-125.6448,-21.99962,1.167373,-0.1153818,0.02676528,-43.66175,-22.74975,34.91206
13.511145115,-12.7701,-120.0063,-23.09709,1.18255,-0.1452849,0.01861073,-43.66175,-22.74975,34.91206
13.521142006,-7.539772,-114.0711,-22.91418,1.187791,-0.1652234,0.005685171,-43.66175,-22.74975,34.91206
13.531139374,-1.201849,-107.7204,-22.73127,1.189427,-0.1487349,-0.001500568,-43.66175,-22.74975,34.91206
13.541136742,4.028476,-101.3103,-20.96312,1.190585,-0.132768,-0.01155679,-40.68159,-22.69292,38.99783
13.55113411,7.16667,-94.7221799999999,-19.49982,1.189298,-0.1163592,-0.0211303,-40.68159,-22.69292,38.99783
13.561131001,7.65893599999998,-88.7275900000003,-17.67069,1.174723,-0.09288426,-0.02637527,-40.68159,-22.69292,38.99783
13.571128369,6.24367199999998,-83.2671700000002,-15.59769,1.157014,-0.08397494,-0.02347524,-40.68159,-22.69292,38.99783
13.581125736,5.136074,-77.0351800000003,-14.56119,1.153208,-0.08892708,-0.02538163,-40.68159,-22.69292,38.99783
13.591123104,5.505273,-70.74383,-13.64662,1.140485,-0.08638563,-0.03876023,-37.67924,-23.77444,43.41218
13.601120472,6.98206999999997,-63.7995999999998,-12.91498,1.140371,-0.08068817,-0.05311878,-37.67924,-23.77444,43.41218
13.611117363,8.58193500000002,-56.79602,-12.06138,1.13025,-0.06113122,-0.07129206,-37.67924,-23.77444,43.41218
13.621114254,8.397335,-50.38596,-11.08585,1.116648,-0.03766777,-0.07988876,-37.67924,-23.77444,43.41218
13.631111622,7.35127000000003,-44.03526,-10.23226,1.102788,-0.0263448,-0.08704616,-37.67924,-23.77444,43.41218
13.64110899,5.074541,-38.33743,-9.62255399999997,1.091499,-0.02230841,-0.0994705,-35.03503,-25.25602,45.82627
13.651106357,2.797811,-31.98673,-8.76896300000003,1.075494,-0.02661743,-0.1109273,-35.03503,-25.25602,45.82627
13.661103725,2.059412,-25.69538,-7.61051899999998,1.066617,-0.04735588,-0.1276567,-35.03503,-25.25602,45.82627
13.671101093,2.428612,-19.9382,-6.63498599999997,1.045707,-0.0497303,-0.1295339,-35.03503,-25.25602,45.82627
13.681098461,3.228544,-14.18102,-5.476542,1.028749,-0.05494231,-0.1314173,-35.03503,-25.25602,45.82627
13.691095829,4.889941,-8.89865800000003,-4.805864,1.021099,-0.0629343,-0.1385805,-33.97076,-25.61806,47.06168
13.701092243,6.98206999999997,-3.616297,-3.830332,1.008894,-0.06173078,-0.1399953,-33.97076,-25.61806,47.06168
13.711089611,8.95113399999999,1.250597,-3.098683,0.9975683,-0.05574258,-0.1514629,-33.97076,-25.61806,47.06168
13.721086979,9.32033300000002,5.998787,-2.488975,0.9983495,-0.04556623,-0.1562527,-33.97076,-25.61806,47.06168
13.731084347,9.01266799999998,10.15345,-2.184121,0.9982005,-0.03789062,-0.166783,-33.97076,-25.61806,47.06168
13.741081715,7.843536,14.36747,-1.879267,0.9917762,-0.03317567,-0.1686874,-33.24039,-24.84518,47.83719
13.751079082,6.48980500000002,18.22537,-1.879267,0.9878304,-0.03092919,-0.1801669,-33.24039,-24.84518,47.83719
13.761075973,5.074541,21.48975,-1.574414,0.9883897,-0.034832,-0.1830383,-33.24039,-24.84518,47.83719
13.771073341,4.274609,24.69478,-1.208589,0.9934114,-0.04313415,-0.1983594,-33.24039,-24.84518,47.83719
13.781070709,3.720809,27.30629,-0.8427644,0.9943996,-0.0442181,-0.2127181,-33.24039,-24.84518,47.83719
13.791068077,2.797811,29.56168,-0.2940276,0.9963742,-0.0456764,-0.2170284,-33.60388,-25.23489,47.06243
13.801064968,2.367078,31.75772,0.31568,1.002163,-0.04269901,-0.2227821,-33.60388,-25.23489,47.06243
13.811062336,1.690213,33.65699,0.986358399999998,1.002613,-0.04077268,-0.2256549,-33.60388,-25.23489,47.06243
13.821059227,0.767214200000001,35.20015,1.352183,1.006566,-0.04357514,-0.2218324,-33.60388,-25.23489,47.06243
13.831056595,0.3980148,36.20914,1.839949,1.003533,-0.03780814,-0.2223072,-33.60388,-25.23489,47.06243
13.841053963,0.4595481,37.09943,1.90092,1.002493,-0.03449728,-0.2299635,-33.24317,-24.47464,46.67416
13.851051331,1.197947,37.6336,1.474125,1.003575,-0.04035545,-0.2352282,-33.24317,-24.47464,46.67416
13.861048698,1.936346,37.98972,1.474125,1.009337,-0.03590323,-0.239068,-33.24317,-24.47464,46.67416
13.871046066,2.982411,38.28648,1.352183,1.011191,-0.03112124,-0.2515154,-33.24317,-24.47464,46.67416
13.881043434,3.597743,38.46453,1.352183,1.013066,-0.02719226,-0.2510411,-33.24317,-24.47464,46.67416
13.891040802,3.597743,38.34583,1.352183,1.022132,-0.0167382,-0.2434024,-34.74295,-24.11915,45.04849
13.901037216,3.53621,38.10842,1.718008,1.024943,-0.01091715,-0.2505874,-34.74295,-24.11915,45.04849
13.911034584,3.16701,37.69295,1.90092,1.026332,-0.006984636,-0.2486766,-34.74295,-24.11915,45.04849
13.921031952,2.551678,37.04008,2.083832,1.013676,-0.00773378,-0.25009,-34.74295,-24.11915,45.04849
13.93102932,2.120945,36.32785,2.449656,1.018604,-0.0104775,-0.2419621,-34.74295,-24.11915,45.04849
13.941026688,1.628679,36.09044,2.571598,1.021383,-0.002568569,-0.2333547,-35.79936,-24.13747,43.81511
13.951024055,0.644147799999998,35.55627,2.510627,1.018479,-0.00360222,-0.2338279,-35.79936,-24.13747,43.81511
13.961020946,-0.0942510000000003,35.08145,2.327715,1.028166,-0.0004820116,-0.2324099,-35.79936,-24.13747,43.81511
13.971018314,-0.832649800000001,34.72533,2.022861,1.034103,-0.005228528,-0.2328976,-35.79936,-24.13747,43.81511
13.981015682,-0.894183000000003,34.54728,1.839949,1.035069,-0.004688405,-0.2290708,-35.79936,-24.13747,43.81511
13.991012573,-0.586516899999998,34.36922,1.352183,1.045647,0.002757067,-0.234834,-36.93226,-23.39882,42.19021
14.001009941,-0.709583300000001,33.41958,1.230241,1.059868,0.02395108,-0.23295,-36.93226,-23.39882,42.19021
14.011006832,-2.186381,33.00412,0.925387699999998,1.073244,0.03834712,-0.2286698,-36.93226,-23.39882,42.19021
14.0210042,-4.340044,31.81707,0.5595631,1.084848,0.04358055,-0.2128984,-36.93226,-23.39882,42.19021
14.031001568,-6.370641,30.80808,0.1937385,1.094646,0.04089797,-0.2086076,-37.68453,-23.03389,41.02161
14.040998936,-6.92443900000002,29.91779,-0.2940276,1.104908,0.01337132,-0.2119684,-37.68453,-23.03389,41.02161
14.050996304,-6.18604100000003,29.20556,-0.5379106,1.114952,-0.002422437,-0.2071961,-37.68453,-23.03389,41.02161
14.060993671,-4.401577,28.37463,-0.4159691,1.122967,-0.0138609,-0.2000285,-37.68453,-23.03389,41.02161
14.070991039,-2.494047,27.42499,-0.4769399,1.134049,-0.007399262,-0.2081853,-37.68453,-23.03389,41.02161
14.080988407,-0.894183000000003,25.88183,-0.720822899999998,1.138776,0.0005130481,-0.2034098,-38.43204,-23.04333,40.56455
14.090985775,0.767214200000001,24.45737,-0.903735200000002,1.135678,0.00963649,-0.2086711,-38.43204,-23.04333,40.56455
14.100982189,1.25948,23.03292,-1.208589,1.140724,0.02618801,-0.2163414,-38.43204,-23.04333,40.56455
14.110979557,0.2749484,21.01493,-1.513443,1.135725,0.03287487,-0.2182487,-38.43204,-23.04333,40.56455
14.120976925,-1.447982,19.17501,-1.635384,1.122361,0.04373487,-0.2239711,-38.43204,-23.04333,40.56455
14.130974293,-4.093911,17.5725,-1.757326,1.102792,0.04762082,-0.2349452,-39.54333,-23.44193,39.39723
14.140971661,-6.001441,15.49516,-1.696355,1.093508,0.04886452,-0.2382794,-39.54333,-23.44193,39.39723
14.150969029,-7.41670600000002,13.53654,-1.513443,1.090054,0.05125669,-0.2349239,-39.54333,-23.44193,39.39723
14.16096592,-9.508835,11.81532,-1.452472,1.084107,0.0564363,-0.2401793,-39.54333,-23.44193,39.39723
14.170963287,-12.15476,9.61928199999999,-1.086647,1.079126,0.06215164,-0.2420863,-39.54333,-23.44193,39.39723
14.180960655,-14.61609,7.24518699999998,-0.4769399,1.062188,0.05605151,-0.2348766,-38.79384,-23.43631,39.40279
14.190958023,-16.03136,5.049149,0.1327677,1.041611,0.06195782,-0.2353208,-38.79384,-23.43631,39.40279
14.200954914,-18.43115,2.378292,0.925387699999998,1.017238,0.06246571,-0.2333642,-38.79384,-23.43631,39.40279
14.210951805,-20.58482,0.004197581,1.474125,1.011006,0.05700161,-0.2328733,-38.79384,-23.43631,39.40279
14.220949173,-22.55388,-1.895078,2.083832,0.9843833,0.04785149,-0.2194244,-38.79384,-23.43631,39.40279
14.230946541,-23.16921,-3.616297,2.75451,0.9757543,0.04045329,-0.2127074,-39.1641,-23.81293,40.17604
14.240943909,-22.12315,-5.515573,3.54713,0.9645351,0.04128686,-0.2035951,-39.1641,-23.81293,40.17604
14.250941277,-21.13862,-6.82132499999999,4.33975,0.9507151,0.05077652,-0.1987877,-39.1641,-23.81293,40.17604
14.260938644,-21.13862,-8.60189500000002,5.315282,0.9311126,0.05672402,-0.1968408,-39.1641,-23.81293,40.17604
14.270936012,-21.69242,-10.73858,6.41275599999997,0.9130942,0.05650839,-0.1814949,-39.1641,-23.81293,40.17604
14.28093338,-22.73848,-12.81591,7.51023000000002,0.9014692,0.05292976,-0.1757308,-39.53268,-24.19284,40.56229
14.290930748,-24.03068,-14.00296,8.48576300000002,0.8993348,0.03685591,-0.1752443,-39.53268,-24.19284,40.56229
14.300927639,-24.21528,-14.9526,9.64420700000001,0.8995509,0.02510546,-0.1852918,-39.53268,-24.19284,40.56229
14.31092453,-24.95368,-15.60548,10.86362,0.9005637,0.0232475,-0.1781144,-39.53268,-24.19284,40.56229
14.320921898,-27.10734,-16.02094,12.32692,0.8931516,0.02905957,-0.1642243,-39.53268,-24.19284,40.56229
14.330919266,-30.43013,-16.43641,14.21701,0.8832978,0.03540144,-0.1402799,-38.779,-24.56049,41.40839
14.340916634,-35.72199,-16.43641,16.10711,0.8694296,0.02159566,-0.1321164,-38.779,-24.56049,41.40839
14.350914002,-40.09085,-15.72418,17.75332,0.8761741,-9.021314e-05,-0.1268583,-38.779,-24.56049,41.40839
14.360910893,-43.41365,-14.71519,19.15564,0.8795822,-0.02571638,-0.1201575,-38.779,-24.56049,41.40839
14.37090826,-44.95198,-13.35009,20.80186,0.8599945,-0.04649976,-0.1186823,-38.779,-24.56049,41.40839
14.380905628,-46.18264,-11.98498,22.20418,0.8455564,-0.05596088,-0.1124332,-38.01128,-25.68557,42.64554
14.390902996,-46.79797,-10.73858,22.87486,0.8452789,-0.06715179,-0.113387,-38.01128,-25.68557,42.64554
14.400900364,-46.67491,-9.61088600000001,23.72845,0.8406079,-0.07795233,-0.1152904,-38.01128,-25.68557,42.64554
14.410896778,-46.18264,-8.30513400000001,24.21622,0.8375,-0.09402788,-0.1128879,-38.01128,-25.68557,42.64554
14.420894146,-45.01351,-7.35549600000001,24.21622,0.8396277,-0.1294464,-0.1114468,-38.01128,-25.68557,42.64554
14.430891514,-40.39852,-6.04974400000001,23.91136,0.8456067,-0.1623591,-0.110013,-36.87472,-26.43131,43.43194
14.440888882,-33.19913,-3.497592,23.48457,0.8485327,-0.1886124,-0.1176686,-36.87472,-26.43131,43.43194
14.45088625,-25.87667,-1.242202,23.11874,0.8300396,-0.1899891,-0.1219432,-36.87472,-26.43131,43.43194
14.460883618,-19.84642,0.004197581,22.38709,0.8169854,-0.1692594,-0.1118757,-36.87472,-26.43131,43.43194
14.470880985,-16.03136,1.250597,21.65545,0.8183369,-0.1634146,-0.1133152,-36.87472,-26.43131,43.43194
14.480878353,-14.00076,1.903473,20.25312,0.8058285,-0.1718788,-0.1085055,-37.59276,-27.95836,43.43449
14.490875721,-12.27783,2.31894,19.15564,0.7872148,-0.1926474,-0.1075106,-37.59276,-27.95836,43.43449
14.500872612,-10.80103,2.615702,17.9972,0.770945,-0.2085233,-0.1079567,-37.59276,-27.95836,43.43449
14.51086998,-8.46277000000003,2.55635,16.41196,0.776118,-0.2244309,-0.1050901,-37.59276,-27.95836,43.43449
14.520866871,-5.324575,2.793759,14.82672,0.7646289,-0.2353223,-0.1021959,-37.59276,-27.95836,43.43449
14.530864239,-2.001781,2.971816,13.18051,0.7596567,-0.2301014,-0.10506,-38.72037,-27.96026,44.20015
14.540861607,0.5210813,3.090521,11.47333,0.7487394,-0.2196308,-0.1055222,-38.72037,-27.96026,44.20015
14.550858975,1.690213,2.437645,9.40032399999997,0.7396545,-0.2027278,-0.09737495,-38.72037,-27.96026,44.20015
14.560855866,1.07488,1.784769,7.08343500000003,0.7320736,-0.1883169,-0.09927975,-38.72037,-27.96026,44.20015
14.570853233,0.644147799999998,0.775778400000001,4.644604,0.7404822,-0.1949539,-0.0992927,-38.72037,-27.96026,44.20015
14.580850601,1.751746,0.004197581,1.96189,0.7541288,-0.1952185,-0.1045808,-39.8429,-27.97197,43.8048
14.590847969,3.35161,-1.420259,-0.2940276,0.7734799,-0.1882041,-0.1232808,-39.8429,-27.97197,43.8048
14.600845337,5.013007,-3.319535,-2.306063,0.8057882,-0.1700543,-0.1214275,-39.8429,-27.97197,43.8048
14.610842705,6.73593800000001,-5.931039,-4.196156,0.8487275,-0.1474263,-0.1310797,-39.8429,-27.97197,43.8048
14.620840073,7.78200200000001,-8.60189500000002,-6.08625000000001,0.8956929,-0.1314737,-0.1354728,-41.71661,-27.98603,43.7909
14.630836487,7.59740300000001,-11.51016,-7.91537200000002,0.9395409,-0.1054744,-0.1503918,-41.71661,-27.98603,43.7909
14.640833855,6.24367199999998,-15.48677,-9.80546599999998,0.9860365,-0.09052929,-0.1576554,-41.71661,-27.98603,43.7909
14.650831222,4.643808,-19.52273,-11.75653,1.047978,-0.09379303,-0.1702055,-41.71661,-27.98603,43.7909
14.66082859,4.151542,-23.61805,-13.70759,1.112463,-0.1028641,-0.18563,-41.71661,-27.98603,43.7909
14.670825958,4.643808,-27.77271,-15.65866,1.174126,-0.1173363,-0.2010482,-43.22792,-27.2431,43.00172
14.680823326,5.62834,-31.45256,-16.93905,1.232952,-0.1105051,-0.2188598,-43.22792,-27.2431,43.00172
14.690820694,6.55133799999999,-35.25111,-17.91458,1.288153,-0.09192939,-0.219918,-43.22792,-27.2431,43.00172
14.700817585,6.05907200000001,-39.16837,-18.52429,1.345268,-0.07134139,-0.21763,-43.22792,-27.2431,43.00172
14.710814953,4.705341,-42.01728,-18.7072,1.374167,-0.02760058,-0.226306,-43.22792,-27.2431,43.00172
14.720812321,0.3364816,-44.45073,-18.46332,1.385299,0.002200386,-0.2330331,-42.83915,-27.99773,43.39556
14.730809689,-6.24757399999999,-47.00288,-17.73167,1.38736,0.0221735,-0.2320847,-42.83915,-27.99773,43.39556
14.74080658,-12.33936,-48.8428,-16.57322,1.374964,0.03359995,-0.2311089,-42.83915,-27.99773,43.39556
14.750803947,-17.20049,-49.85179,-15.29283,1.342057,0.02120826,-0.2396627,-42.83915,-27.99773,43.39556
14.760800838,-20.21562,-50.50467,-13.70759,1.29794,0.009138035,-0.2419756,-42.83915,-27.99773,43.39556
14.770798206,-22.12315,-50.14855,-12.00041,1.257342,0.01698201,-0.252914,-41.34187,-27.98322,43.79369
14.780795574,-23.41535,-48.66474,-10.23226,1.209883,0.0272254,-0.2523554,-41.34187,-27.98322,43.79369
14.790792942,-25.63054,-46.94352,-8.46410900000001,1.16222,0.02240496,-0.2513139,-41.34187,-27.98322,43.79369
14.80079031,-27.35347,-44.74749,-7.06178199999999,1.109328,0.01074383,-0.2430829,-41.34187,-27.98322,43.79369
14.810787678,-27.96881,-41.66116,-6.14722099999998,1.064943,-0.01297673,-0.243478,-41.34187,-27.98322,43.79369
14.820785046,-26.36894,-38.27808,-5.3546,1.025824,-0.03173382,-0.2438836,-39.44993,-29.09987,45.03918
14.830782413,-22.73848,-34.42017,-5.171688,0.9800323,-0.0584066,-0.2452326,-39.44993,-29.09987,45.03918
14.840779781,-17.63122,-30.50292,-5.110718,0.9583672,-0.07246293,-0.2475841,-39.44993,-29.09987,45.03918
14.850776672,-12.27783,-26.34826,-5.049747,0.9311444,-0.07589887,-0.2456214,-39.44993,-29.09987,45.03918
14.860773563,-6.61677399999998,-21.89683,-5.415571,0.9247553,-0.07317086,-0.2523111,-39.44993,-29.09987,45.03918
14.870770931,-2.186381,-17.26734,-5.598484,0.9104385,-0.06322263,-0.2494172,-37.54985,-30.59742,46.2222
14.880768299,0.767214200000001,-13.05332,-5.78139599999999,0.8975193,-0.04983642,-0.2455695,-37.54985,-30.59742,46.2222
14.890765667,2.182479,-9.31412399999998,-6.14722099999998,0.889553,-0.04073899,-0.2431651,-37.54985,-30.59742,46.2222
14.900762558,2.305545,-5.45622,-6.26916200000001,0.8865148,-0.03438528,-0.2326328,-37.54985,-30.59742,46.2222
14.910759926,1.25948,-2.19184,-6.45207400000002,0.8844104,-0.02619217,-0.2355027,-37.54985,-30.59742,46.2222
14.920757294,-0.2173175,0.597721199999998,-6.513045,0.888424,-0.03248713,-0.2417295,-37.52993,-31.73141,47.06679
14.930754662,-2.124848,2.971816,-6.63498599999997,0.9041774,-0.0408702,-0.2360119,-37.52993,-31.73141,47.06679
14.940752029,-3.417045,5.049149,-6.81789900000001,0.9212422,-0.04157512,-0.2436987,-37.52993,-31.73141,47.06679
14.950749397,-4.709243,6.88907200000001,-6.87886999999998,0.936938,-0.0471314,-0.2475532,-37.52993,-31.73141,47.06679
14.960746765,-6.12450699999998,8.01676800000001,-7.00081100000001,0.9672328,-0.05130456,-0.2380334,-37.52993,-31.73141,47.06679
14.970744133,-7.10903899999999,8.84769999999998,-7.06178199999999,0.9926443,-0.05518036,-0.2385553,-37.16135,-31.35151,46.68053
14.980740547,-7.90897099999997,9.32251899999998,-7.18372300000002,1.02738,-0.06288669,-0.2529712,-37.16135,-31.35151,46.68053
14.990737915,-7.90897099999997,9.50057699999998,-7.06178199999999,1.061525,-0.06457599,-0.2458517,-37.16135,-31.35151,46.68053
15.000735283,-7.60130500000002,9.67863400000001,-7.244694,1.084517,-0.06953289,-0.2530691,-37.16135,-31.35151,46.68053
15.010732651,-6.61677399999998,10.03475,-7.42760699999997,1.106886,-0.06719981,-0.2588516,-37.16135,-31.35151,46.68053
15.020730019,-5.93990799999998,9.97539500000001,-7.30566500000003,1.119807,-0.05490127,-0.2703631,-37.51839,-32.11885,46.23031
15.030727386,-6.001441,9.73798600000003,-6.93983999999998,1.125883,-0.04120558,-0.2737272,-37.51839,-32.11885,46.23031
15.040724278,-6.678307,9.14446299999999,-6.45207400000002,1.119261,-0.02570293,-0.2646268,-37.51839,-32.11885,46.23031
15.050721645,-7.17057299999998,8.96640499999999,-5.84236700000003,1.10893,-0.0206231,-0.2713101,-37.51839,-32.11885,46.23031
15.060719013,-7.724371,8.49158700000002,-5.3546,1.096146,-0.01457598,-0.2732037,-37.51839,-32.11885,46.23031
15.070716381,-8.58583600000001,8.610291,-4.866835,1.070697,-0.008761524,-0.2731608,-37.13241,-32.50293,45.46111
15.080713749,-9.508835,8.31352900000002,-4.318098,1.049805,-0.01213381,-0.2779093,-37.13241,-32.50293,45.46111
15.090711117,-10.0011,8.66964300000001,-3.464507,1.021186,-0.01896384,-0.2721148,-37.13241,-32.50293,45.46111
15.100707531,-9.324236,8.66964300000001,-2.488975,0.9963516,-0.01996675,-0.2749426,-37.13241,-32.50293,45.46111
15.110704899,-8.58583600000001,9.02575799999998,-1.818297,0.9700628,-0.02155891,-0.2859036,-37.13241,-32.50293,45.46111
15.120702267,-7.78590499999999,9.50057699999998,-0.659852100000001,0.943724,-0.02008727,-0.2805938,-37.12624,-32.88001,45.85014
15.130699635,-7.35517199999998,9.97539500000001,0.2547093,0.9257385,-0.02235567,-0.2772118,-37.12624,-32.88001,45.85014
15.140697002,-6.862906,10.45021,1.352183,0.9061624,-0.01790056,-0.2790931,-37.12624,-32.88001,45.85014
15.15069437,-6.370641,11.16244,2.266744,0.891484,-0.01482845,-0.2833755,-37.12624,-32.88001,45.85014
15.160691738,-5.693775,11.69661,3.059364,0.8861872,-0.01841365,-0.2919797,-37.12624,-32.88001,45.85014
15.170689106,-5.201509,12.17143,3.48616,0.8897064,-0.02417542,-0.2919844,-36.73069,-33.64772,44.69598
15.180686474,-4.83231,12.64625,3.730042,0.8940246,-0.02074992,-0.2986929,-36.73069,-33.64772,44.69598
15.190683365,-4.770776,13.29913,4.095867,0.8984087,-0.02065892,-0.2982219,-36.73069,-33.64772,44.69598
15.200680733,-5.263042,13.77395,4.27878,0.9008444,-0.02060641,-0.2977476,-36.73069,-33.64772,44.69598
15.210678101,-5.263042,13.952,4.095867,0.9131588,-0.02765662,-0.2982458,-36.72452,-34.02481,45.08501
15.220674992,-5.078443,14.13006,3.608101,0.9327722,-0.03402844,-0.2934926,-36.72452,-34.02481,45.08501
15.23067236,-4.64771,14.18941,3.364218,0.9431267,-0.040706,-0.3021233,-36.72452,-34.02481,45.08501
15.240669251,-4.216978,13.47719,2.998394,0.957328,-0.04424277,-0.29449,-36.72452,-34.02481,45.08501
15.250666618,-3.355512,12.82431,2.144803,0.973051,-0.05126512,-0.2993013,-36.72452,-34.02481,45.08501
15.260663986,-2.124848,12.17143,1.718008,0.986333,-0.05773132,-0.291187,-37.87484,-32.52217,43.84304
15.270661354,-0.2788507,11.28115,1.1083,0.9986199,-0.06332865,-0.2921642,-37.87484,-32.52217,43.84304
15.280658722,1.813279,10.33151,0.1327677,1.007351,-0.06121237,-0.2921799,-37.87484,-32.52217,43.84304
15.29065609,3.597743,9.44122399999999,-0.659852100000001,1.012289,-0.06443306,-0.2830948,-37.87484,-32.52217,43.84304
15.300653458,5.320673,8.37288200000001,-1.330531,1.017436,-0.05320297,-0.288371,-37.87484,-32.52217,43.84304
15.310650826,6.428272,7.24518699999998,-1.879267,1.016786,-0.04442061,-0.2831078,-37.11411,-32.90344,43.07663
15.320648193,6.428272,6.23619700000001,-2.549946,1.014187,-0.03568991,-0.2792769,-37.11411,-32.90344,43.07663
15.330645084,5.689873,4.752387,-2.671887,1.016369,-0.02197903,-0.2725841,-37.11411,-32.90344,43.07663
15.340642452,4.582274,3.56534,-2.976741,1.0125,-0.02352647,-0.2740127,-37.11411,-32.90344,43.07663
15.350639343,3.53621,2.55635,-3.159653,1.009136,-0.02600948,-0.2725705,-37.11411,-32.90344,43.07663
15.360636711,2.551678,1.488007,-3.159653,1.004393,-0.03289321,-0.2711247,-37.85573,-33.28942,43.0731
15.370634079,1.628679,0.3009594,-2.91577,0.9970418,-0.03056926,-0.2668053,-37.85573,-33.28942,43.0731
15.380631447,1.25948,-0.4706214,-2.8548,0.9912504,-0.03362565,-0.2696659,-37.85573,-33.28942,43.0731
15.390628338,1.25948,-0.886087999999999,-2.732858,0.9824716,-0.03336579,-0.2753935,-37.85573,-33.28942,43.0731
15.400625706,1.321013,-1.479612,-2.732858,0.9791002,-0.03531913,-0.2691657,-37.85573,-33.28942,43.0731
15.410623074,1.136414,-2.013783,-2.793829,0.9819127,-0.0294542,-0.271565,-38.61925,-32.53761,42.67648
15.420620442,1.628679,-2.310545,-2.793829,0.9818422,-0.02548911,-0.2629515,-38.61925,-32.53761,42.67648
15.430617809,1.628679,-2.547954,-2.732858,0.9852417,-0.0249711,-0.2667862,-38.61925,-32.53761,42.67648
15.440615177,1.751746,-2.547954,-2.245092,0.9890211,-0.01854409,-0.2629658,-38.61925,-32.53761,42.67648
15.450612545,2.182479,-2.844716,-2.123151,0.9947381,-0.0116455,-0.2648919,-38.61925,-32.53761,42.67648
15.460609913,2.551678,-2.963421,-1.818297,1.005263,-0.001237182,-0.2653915,-38.22878,-33.2955,42.68332
15.470607281,2.674744,-2.844716,-1.513443,1.008085,0.004177102,-0.2639621,-38.22878,-33.2955,42.68332
15.480603695,1.628679,-2.785364,-0.903735200000002,0.9991279,0.01426631,-0.257249,-38.22878,-33.2955,42.68332
15.490601063,0.705681,-2.547954,-0.3549984,0.9996064,0.01477486,-0.2558143,-38.22878,-33.2955,42.68332
15.500598431,-0.4634504,-2.42925,0.01082622,0.9961408,0.01759134,-0.2591589,-38.22878,-33.2955,42.68332
15.510595799,-1.017249,-2.369897,0.864416900000002,0.9889431,0.01160029,-0.2610591,-38.24619,-32.53152,43.06626
15.520593166,-1.817181,-2.310545,1.352183,0.9888795,0.0150094,-0.2601028,-38.24619,-32.53152,43.06626
15.530590057,-1.878715,-2.19184,1.718008,0.9841102,0.009613675,-0.2553073,-38.24619,-32.53152,43.06626
15.540587425,-2.186381,-2.073135,2.022861,0.9850488,0.0116023,-0.252438,-38.24619,-32.53152,43.06626
15.550584793,-2.74018,-1.95443,1.96189,0.9826329,0.01062655,-0.2476478,-38.24619,-32.53152,43.06626
15.560582161,-2.74018,-1.835726,2.205774,0.9807686,0.006277655,-0.2409433,-37.49671,-32.5259,43.07182
15.570579529,-2.432514,-1.835726,2.205774,0.9792359,0.01018754,-0.2351988,-37.49671,-32.5259,43.07182
15.580576897,-2.74018,-1.657669,2.083832,0.9753581,0.009165367,-0.2323203,-37.49671,-32.5259,43.07182
15.590574265,-2.986313,-1.420259,2.022861,0.9729689,0.006710386,-0.2299226,-37.49671,-32.5259,43.07182
15.600571633,-3.417045,-1.301555,1.778978,0.9791455,0.01507149,-0.2323284,-37.49671,-32.5259,43.07182
15.610569,-3.847778,-1.420259,1.657037,0.9831802,0.007892787,-0.2289836,-37.49502,-32.52917,42.68482
15.620565414,-3.847778,-1.360907,1.413154,0.9891424,0.001640704,-0.2347352,-37.49502,-32.52917,42.68482
15.630562782,-3.232446,-1.242202,0.986358399999998,0.999479,-0.004056554,-0.242409,-37.49502,-32.52917,42.68482
15.64056015,-2.801713,-0.886087999999999,0.4376215,1.005831,-0.004867855,-0.2385913,-37.49502,-32.52917,42.68482
15.650557518,-2.494047,-0.708030899999999,0.1937385,1.00976,-0.006856805,-0.2519977,-37.49502,-32.52917,42.68482
15.660554886,-2.063314,-0.4706214,-0.05014454,1.00869,-0.001409783,-0.2385972,-38.24619,-32.53152,43.06626
15.670552254,-1.632582,-0.3519166,-0.598881400000002,1.013651,-0.006193104,-0.2409974,-38.24619,-32.53152,43.06626
15.680549145,-1.017249,-0.2332119,-1.025677,1.012803,-0.01305251,-0.2453014,-38.24619,-32.53152,43.06626
15.690546513,-0.1557842,-0.1145072,-1.208589,1.01181,-0.01212218,-0.2476928,-38.24619,-32.53152,43.06626
15.70054388,0.2749484,0.2416071,-1.208589,1.006748,-0.001995488,-0.2452937,-38.24619,-32.53152,43.06626
15.710541248,0.02881546,0.4196641,-1.147618,0.9982778,0.008103343,-0.2385814,-37.47929,-33.28988,42.68888
15.720538616,-0.894183000000003,0.2416071,-0.7817937,0.9903468,0.015227,-0.2395266,-37.47929,-33.28988,42.68888
15.730535984,-1.571049,-0.1145072,-0.598881400000002,0.9869748,0.0132517,-0.2356916,-37.47929,-33.28988,42.68888
15.740533352,-2.124848,-0.4706214,-0.4159691,0.9901364,0.0007367106,-0.2294724,-37.47929,-33.28988,42.68888
15.75053072,-2.247914,-0.5299737,-0.903735200000002,0.9928162,-0.01239656,-0.2366523,-37.47929,-33.28988,42.68888
15.760527134,-1.447982,-0.5299737,-1.26956,0.9960193,-0.02747204,-0.2447898,-37.8619,-32.91233,42.68407
15.770524502,-0.0942510000000003,-0.5299737,-1.940238,0.9967408,-0.04017999,-0.2543594,-37.8619,-32.91233,42.68407
15.78052187,1.567146,-0.826735599999998,-2.8548,0.9957934,-0.04167408,-0.2562716,-37.8619,-32.91233,42.68407
15.790519237,2.797811,-0.826735599999998,-3.403537,0.9908962,-0.04027353,-0.2519563,-37.8619,-32.91233,42.68407
15.800516605,3.782343,-1.18285,-4.135185,0.9944474,-0.02170688,-0.2486172,-38.22878,-33.2955,42.68332
15.810513973,4.028476,-1.420259,-4.622952,0.9914878,-0.01983475,-0.2500482,-38.22878,-33.2955,42.68332
15.820510864,3.597743,-1.835726,-4.988776,0.9902875,-0.007648517,-0.2433492,-38.22878,-33.2955,42.68332
15.830508232,2.244012,-2.844716,-5.232659,0.9856102,-0.01787551,-0.2356812,-38.22878,-33.2955,42.68332
15.8405056,3.474676,-3.556944,-5.415571,0.9908373,-0.03671958,-0.2352069,-38.22878,-33.2955,42.68332
15.850502968,7.28973700000001,-3.319535,-5.598484,0.9982124,-0.04060177,-0.2505332,-37.85573,-33.28942,43.0731
15.860500336,10.9202,-2.963421,-5.598484,0.9941919,-0.03451748,-0.2672779,-37.85573,-33.28942,43.0731
15.870497704,12.52006,-2.963421,-5.3546,0.9841812,-0.02075016,-0.2811427,-37.85573,-33.28942,43.0731
15.880495071,12.33546,-2.726011,-5.3546,0.9907473,-0.006948278,-0.273979,-37.85573,-33.28942,43.0731
15.890492439,12.52006,-2.42925,-5.110718,0.9907665,-0.007893465,-0.2711074,-37.85573,-33.28942,43.0731
15.900488853,12.58159,-2.132488,-4.622952,0.9811221,-0.01350832,-0.2797035,-37.47929,-33.28988,42.68888
15.910486221,13.01233,-2.19184,-4.50101,0.9815273,-0.009122457,-0.2792268,-37.47929,-33.28988,42.68888
15.920483589,12.08933,-1.95443,-3.586449,0.9870931,0.00615697,-0.2677546,-37.47929,-33.28988,42.68888
15.930480957,9.99719900000002,-1.717021,-2.8548,0.9815729,0.01486504,-0.26009,-37.47929,-33.28988,42.68888
15.940478325,7.35127000000003,-1.657669,-2.06218,0.981061,0.01639609,-0.2509965,-37.47929,-33.28988,42.68888
15.950475693,5.382206,-1.598316,-1.635384,0.982152,0.010039,-0.2576969,-37.48099,-33.28661,43.07588
15.960473061,3.782343,-1.479612,-1.025677,0.9774071,0.003093819,-0.2629512,-37.48099,-33.28661,43.07588
15.970469952,2.674744,-1.420259,-0.4159691,0.9795372,-0.006609247,-0.2658238,-37.48099,-33.28661,43.07588
15.980467319,2.059412,-1.420259,-0.1720861,0.985447,-0.009872146,-0.2634404,-37.48099,-33.28661,43.07588
15.990464687,1.44408,-1.538964,0.1937385,0.987955,-0.01372329,-0.2648795,-37.48099,-33.28661,43.07588
16.000462055,1.690213,-1.717021,0.2547093,0.9919147,-0.01708174,-0.2687142,-37.51413,-31.76192,43.45477
16.010459423,2.120945,-1.479612,0.3766508,0.9918348,-0.01263966,-0.2610579,-37.51413,-31.76192,43.45477
16.020456791,1.997879,-1.717021,0.4985923,0.9965957,-0.00673623,-0.2634606,-37.51413,-31.76192,43.45477
16.030454159,2.059412,-1.835726,0.4376215,0.9966326,-0.008666107,-0.2620245,-37.51413,-31.76192,43.45477
16.040451527,1.936346,-1.95443,0.2547093,0.9959927,-0.0003475626,-0.2543683,-37.51413,-31.76192,43.45477
16.050447941,1.567146,-2.073135,0.31568,0.9931523,-0.004772769,-0.2538836,-37.11132,-33.27399,44.23967
16.060445309,1.197947,-2.42925,0.3766508,0.9936294,-0.004303717,-0.256756,-37.11132,-33.27399,44.23967
16.070442677,0.951813900000003,-2.607306,0.31568,0.9888213,-0.007831009,-0.2600968,-37.11132,-33.27399,44.23967
16.080440044,1.013347,-2.844716,0.4985923,0.9898216,-0.009308549,-0.2644053,-37.11132,-33.27399,44.23967
16.090437412,1.44408,-2.726011,0.0717969800000001,0.9932855,-0.01217331,-0.2663249,-37.11132,-33.27399,44.23967
16.10043478,1.874812,-2.666659,-0.2330568,0.9971274,-0.009190527,-0.2672896,-37.50208,-32.51554,44.29733
16.110431671,2.059412,-2.785364,-0.5379106,0.9941235,-0.004850082,-0.264414,-37.50208,-32.51554,44.29733
16.120429039,1.628679,-2.726011,-0.598881400000002,0.9848139,-0.002109587,-0.2634413,-37.50208,-32.51554,44.29733
16.130426407,1.382547,-2.607306,-0.8427644,0.9818379,0.0007911287,-0.2586511,-37.50208,-32.51554,44.29733
16.140423775,1.136414,-2.547954,-1.025677,0.9730961,-0.0008788868,-0.2629426,-37.50208,-32.51554,44.29733
16.150421143,1.197947,-2.310545,-1.208589,0.9740046,0.002483632,-0.2691666,-37.5001,-32.51936,43.84583
16.16041851,1.07488,-1.835726,-1.330531,0.9730137,0.003484186,-0.2639007,-37.5001,-32.51936,43.84583
16.170415878,0.644147799999998,-1.95443,-1.391501,0.9691246,0.002877543,-0.2686796,-37.5001,-32.51936,43.84583
16.180413246,0.4595481,-1.835726,-1.208589,0.9729855,0.004915136,-0.2667725,-37.5001,-32.51936,43.84583
16.190410614,0.2134152,-1.479612,-1.391501,0.9788387,0.004505358,-0.2710898,-37.5001,-32.51936,43.84583
16.200407505,0.02881546,-1.123497,-1.330531,0.9749772,0.002450209,-0.2749111,-37.11749,-32.8969,43.85063
16.210404396,0.1518819,-0.826735599999998,-1.391501,0.9808147,0.003095347,-0.2701358,-37.11749,-32.8969,43.85063
16.220401764,-0.0942510000000003,-0.826735599999998,-1.452472,0.985127,0.007107554,-0.2658371,-37.11749,-32.8969,43.85063
16.230399132,-0.03271778,-0.4706214,-1.330531,0.9889508,0.01107064,-0.2658448,-37.11749,-32.8969,43.85063
16.2403965,-0.1557842,-0.1145072,-1.208589,0.9866064,0.006160515,-0.266318,-37.11749,-32.8969,43.85063
16.250393868,-0.0942510000000003,-0.2925643,-1.391501,0.992959,0.005375549,-0.2596288,-37.13322,-32.13619,43.84658
16.260390759,-0.1557842,0.06354995,-1.208589,0.9889971,0.008663774,-0.2634514,-37.13322,-32.13619,43.84658
16.270388126,-0.5249836,0.2416071,-1.025677,0.9889989,0.008720834,-0.2572299,-37.13322,-32.13619,43.84658
16.280385494,-0.6480501,0.3603118,-0.8427644,0.9939634,0.004025296,-0.2500587,-37.13322,-32.13619,43.84658
16.290382862,-0.955716300000001,0.4196641,-0.659852100000001,0.9909651,0.00777025,-0.2591474,-37.13322,-32.13619,43.84658
16.30038023,-0.832649800000001,0.597721199999998,-0.720822899999998,0.991617,-0.0009462736,-0.257232,-36.74641,-32.88701,44.69192
16.310377598,-0.586516899999998,0.8351307,-0.2330568,0.9910216,0.004908351,-0.2534038,-36.74641,-32.88701,44.69192
16.320374966,-0.709583300000001,0.953835399999999,-0.1111153,0.9945672,-0.002341424,-0.2567582,-36.74641,-32.88701,44.69192
16.330372334,-0.7711166,1.07254,-0.05014454,0.9931397,-0.004396735,-0.2658481,-36.74641,-32.88701,44.69192
16.340369701,-0.709583300000001,1.30995,0.1937385,0.9954683,0.001559522,-0.2572393,-36.74641,-32.88701,44.69192
16.350366592,-1.017249,1.606712,0.31568,0.9896873,-0.001943124,-0.2557926,-37.50376,-32.51228,44.68433
16.36036396,-0.955716300000001,1.666064,0.3766508,0.9902025,-0.003364448,-0.2529217,-37.50376,-32.51228,44.68433
16.370360851,-1.078783,1.903473,0.5595631,0.991737,-0.007217278,-0.2524448,-37.50376,-32.51228,44.68433
16.380358219,-0.955716300000001,2.378292,0.7424754,0.9873161,-0.005374016,-0.2538733,-37.50376,-32.51228,44.68433
16.390355587,-0.6480501,2.853111,0.7424754,0.9911752,-0.003393482,-0.2581877,-36.75061,-32.51373,43.85139
16.400352478,-0.586516899999998,3.209226,0.864416900000002,0.9917991,-0.01067467,-0.2586655,-36.75061,-32.51373,43.85139
16.410349846,-0.03271778,3.624692,0.925387699999998,0.996708,-0.01247758,-0.2538878,-36.75061,-32.51373,43.85139
16.420347214,0.5210813,4.040159,0.925387699999998,1.000603,-0.01247082,-0.2615519,-36.75061,-32.51373,43.85139
16.430344582,0.644147799999998,4.455625,0.925387699999998,0.9923131,-0.01213549,-0.2601018,-36.75061,-32.51373,43.85139
16.44034195,0.705681,5.049149,0.925387699999998,0.9946324,-0.005697861,-0.2519717,-37.49841,-32.52263,43.45882
16.450339317,0.5826145,5.286559,0.925387699999998,0.9936489,-0.005235738,-0.2524486,-37.49841,-32.52263,43.45882
16.460336685,0.2134152,5.58332,0.925387699999998,0.9931618,-0.005245362,-0.2524478,-37.49841,-32.52263,43.45882
16.470334053,0.3364816,6.05813900000001,1.1083,0.9898539,-0.01061221,-0.2476549,-37.49841,-32.52263,43.45882
16.480331421,0.2749484,6.23619700000001,1.047329,0.9893644,-0.01069206,-0.2553112,-37.49841,-32.52263,43.45882
16.490328312,0.3980148,6.35490099999999,1.047329,0.9850006,-0.01169314,-0.2490819,-37.87484,-32.52217,43.84304
16.50032568,0.890280700000001,6.35490099999999,1.352183,0.9899089,-0.013518,-0.2466971,-37.87484,-32.52217,43.84304
16.510323048,1.07488,6.473606,1.169271,0.9942352,-0.01060899,-0.2567555,-37.87484,-32.52217,43.84304
16.520320416,1.136414,6.53295800000002,1.352183,0.9946967,-0.009085024,-0.2505352,-37.87484,-32.52217,43.84304
16.530317783,1.382547,6.41425300000001,1.413154,0.9956782,-0.009608597,-0.2567582,-37.87484,-32.52217,43.84304
16.540314198,1.321013,6.117492,1.413154,0.9956434,-0.007612883,-0.2510158,-37.12366,-32.51981,43.4616
16.550311566,1.567146,6.23619700000001,1.474125,0.9961851,-0.01052221,-0.2514946,-37.12366,-32.51981,43.4616
16.560308933,1.44408,6.117492,1.474125,0.9888511,-0.009209288,-0.2514821,-37.12366,-32.51981,43.4616
16.570306301,1.690213,5.76137699999998,1.535095,0.9893842,-0.0116153,-0.2500467,-37.12366,-32.51981,43.4616
16.580303669,1.321013,5.58332,1.535095,0.9868937,-0.008757632,-0.2510002,-37.12366,-32.51981,43.4616
16.590301037,1.013347,5.405263,1.596066,0.9835395,-0.01171323,-0.2481222,-37.12983,-32.14273,43.07258
16.600298405,0.767214200000001,5.049149,1.596066,0.9848899,-0.005899116,-0.2529118,-37.12983,-32.14273,43.07258
16.610295773,0.767214200000001,4.752387,1.474125,0.9815987,-0.01228577,-0.253383,-37.12983,-32.14273,43.07258
16.62029314,0.8287475,4.455625,1.657037,0.9826194,-0.01466899,-0.2505127,-37.12983,-32.14273,43.07258
16.630290031,0.890280700000001,4.396273,1.90092,0.9800473,-0.007421913,-0.2495529,-37.12983,-32.14273,43.07258
16.640287399,0.8287475,4.218216,1.90092,0.9762402,-0.01240041,-0.2543308,-38.25406,-32.15117,43.06423
16.650284767,0.3980148,4.099511,1.96189,0.9737497,-0.009542739,-0.2552843,-38.25406,-32.15117,43.06423
16.660282135,0.2134152,3.862102,1.778978,0.9757893,-0.01436186,-0.2552866,-38.25406,-32.15117,43.06423
16.670279503,0.3364816,3.505987,2.022861,0.9738353,-0.01380486,-0.243319,-38.25406,-32.15117,43.06423
16.680276871,0.3364816,3.387283,2.083832,0.9782089,-0.01327199,-0.2476339,-38.25406,-32.15117,43.06423
16.690274239,0.3364816,3.031168,2.144803,0.9829726,-0.007280776,-0.2404651,-38.6288,-32.15398,43.06145
16.700271606,0.02881546,2.912464,2.266744,0.9849361,-0.008310365,-0.2509969,-38.6288,-32.15398,43.06145
16.710268974,0.02881546,3.031168,2.205774,0.9869875,-0.01353624,-0.2423848,-38.6288,-32.15398,43.06145
16.720265388,-0.0942510000000003,2.853111,2.205774,0.9922731,-0.009531121,-0.2409593,-38.6288,-32.15398,43.06145
16.730262756,0.2134152,2.793759,1.96189,0.9854815,-0.01110558,-0.2390328,-38.6288,-32.15398,43.06145
16.740260124,0.3980148,2.615702,1.96189,0.9888629,-0.009611655,-0.2423891,-38.26023,-31.77408,42.6752
16.750257492,0.644147799999998,2.912464,2.083832,0.9893255,-0.008056964,-0.2328188,-38.26023,-31.77408,42.6752
16.76025486,0.4595481,3.031168,2.022861,0.988865,-0.009545817,-0.2352104,-38.26023,-31.77408,42.6752
16.770252228,0.3980148,3.268578,2.083832,0.9908628,-0.01181762,-0.2222918,-38.26023,-31.77408,42.6752
16.780249119,0.705681,3.56534,2.022861,0.9961843,-0.009777492,-0.2232588,-38.26023,-31.77408,42.6752
16.790246487,0.767214200000001,4.158864,2.205774,0.9967723,-0.01509369,-0.2213441,-37.89335,-31.39091,42.67596
16.800243854,0.767214200000001,4.930444,2.266744,0.9986333,-0.01008346,-0.2089057,-37.89335,-31.39091,42.67596
16.810241222,0.5210813,5.58332,2.510627,0.9918076,-0.009635869,-0.1983652,-37.89335,-31.39091,42.67596
16.82023859,-0.2788507,6.53295800000002,2.937423,0.9952095,-0.00904324,-0.1940641,-37.89335,-31.39091,42.67596
16.830235958,-1.140316,7.66065299999999,3.608101,0.9938042,-0.01194717,-0.1897537,-37.89335,-31.39091,42.67596
16.840233326,-1.694115,8.90705299999997,4.156838,1.001223,-0.01754417,-0.1801937,-38.26023,-31.77408,42.6752
16.850230694,-2.124848,10.68762,4.888487,1.013576,-0.02648037,-0.17447,-38.26023,-31.77408,42.6752
16.860228062,-1.940248,12.40884,5.681107,1.019926,-0.02733556,-0.175438,-38.26023,-31.77408,42.6752
16.870224953,-2.001781,14.13006,7.022464,1.042362,-0.02830187,-0.1702126,-38.26023,-31.77408,42.6752
16.880222321,-3.601645,16.14804,8.48576300000002,1.068765,-0.03240717,-0.144893,-38.26023,-31.77408,42.6752
16.890219688,-4.155444,18.99695,9.94906,1.095937,-0.02592937,-0.1329776,-38.63916,-31.40362,41.83189
16.900216579,-5.570708,21.72716,11.83915,1.125277,-0.03103185,-0.1167559,-38.63916,-31.40362,41.83189
16.910213947,-6.55523999999999,24.81349,13.91216,1.148504,-0.02153652,-0.08521278,-38.63916,-31.40362,41.83189
16.920210838,-8.40123700000001,29.08686,16.04613,1.165768,-0.005771545,-0.04600371,-38.63916,-31.40362,41.83189
16.930208206,-11.4779,33.83505,18.424,1.16331,-0.00420876,-0.02924966,-38.63916,-31.40362,41.83189
16.940205574,-15.53909,38.46453,21.22865,1.163734,-0.02643088,-0.01584455,-39.39651,-31.02889,41.8243
16.950202942,-18.12349,43.74689,23.97233,1.156077,-0.05950336,-0.002422558,-39.39651,-31.02889,41.8243
16.96020031,-18.92342,49.26666,27.08184,1.14372,-0.1020025,2.807472e-06,-39.39651,-31.02889,41.8243
16.970197678,-17.13896,55.61737,30.25232,1.135922,-0.1279202,-0.0009340778,-39.39651,-31.02889,41.8243
16.980195045,-14.43149,61.9680699999999,33.8496,1.126612,-0.1251885,-0.0009185516,-40.51369,-31.05095,40.20345
16.990192413,-13.26236,67.72525,37.26396,1.120843,-0.1034702,-0.004742694,-40.51369,-31.05095,40.20345
17.000189781,-14.92376,73.1263099999997,40.61735,1.129069,-0.09959905,0.02874229,-40.51369,-31.05095,40.20345
17.010186672,-18.86189,78.4680300000002,44.21463,1.162941,-0.137213,0.09330069,-40.51369,-31.05095,40.20345
17.02018404,-20.33868,86.4806000000001,47.87287,1.210375,-0.1964703,0.1530553,-40.51369,-31.05095,40.20345
17.030181408,-17.69275,96.2737400000002,51.40918,1.239384,-0.2354592,0.1841222,-42.03029,-29.56747,37.0237
17.040178776,-12.09323,106.7791,55.06742,1.26671,-0.2365254,0.2209252,-42.03029,-29.56747,37.0237
17.050176144,-6.001441,117.2251,58.5427600000003,1.273981,-0.2079865,0.2438768,-42.03029,-29.56747,37.0237
17.060173512,-3.540112,127.0776,61.4693500000002,1.278289,-0.1776897,0.2529545,-42.03029,-29.56747,37.0237
17.070170879,-5.75530800000001,135.565,64.5178899999998,1.27212,-0.1609484,0.2371679,-42.03029,-29.56747,37.0237
17.080168247,-10.0011,142.6279,67.3225500000001,1.272477,-0.1798536,0.2414793,-45.03403,-28.48322,32.93185
17.090165615,-14.61609,149.4535,69.7613799999999,1.291337,-0.224249,0.2347578,-45.03403,-28.48322,32.93185
17.100162506,-14.43149,157.1099,71.89536,1.296051,-0.2680178,0.2208821,-45.03403,-28.48322,32.93185
17.110159397,-11.17023,163.1045,74.4561300000003,1.279957,-0.2930398,0.229531,-45.03403,-28.48322,32.93185
17.120156765,-7.66283799999999,168.743,76.5901000000001,1.280642,-0.2766393,0.2678117,-45.03403,-28.48322,32.93185
17.130154133,-5.570708,175.0937,77.9924299999999,1.293837,-0.2516955,0.3098969,-48.44786,-25.14254,26.11604
17.140151501,-6.12450699999998,181.385,79.5167000000003,1.297154,-0.2196359,0.3543905,-48.44786,-25.14254,26.11604
17.150148869,-9.13963599999997,187.4983,80.2483499999999,1.30883,-0.2182973,0.3692057,-48.44786,-25.14254,26.11604
17.16014576,-13.01623,193.4929,80.4312599999998,1.328277,-0.2416453,0.3777921,-48.44786,-25.14254,26.11604
17.170143127,-15.47756,198.9533,79.9435000000002,1.350363,-0.2763108,0.3653196,-48.44786,-25.14254,26.11604
17.180140495,-14.36996,203.2267,79.21185,1.331239,-0.2955,0.3806723,-51.00926,-23.33462,17.25036
17.190137863,-12.15476,206.2537,77.5656399999997,1.310362,-0.3248233,0.4075165,-51.00926,-23.33462,17.25036
17.200135231,-8.58583600000001,208.6278,75.7974900000002,1.283391,-0.3155408,0.4180898,-51.00926,-23.33462,17.25036
17.210132599,-5.324575,211.1206,73.1147699999998,1.264486,-0.3199983,0.4497099,-51.00926,-23.33462,17.25036
17.220129967,-2.370981,214.2069,69.6394299999997,1.230038,-0.3279549,0.4512077,-51.00926,-23.33462,17.25036
17.230127335,-0.03271778,216.0468,67.13963,1.205968,-0.3177836,0.4464613,-53.6916,-18.55371,7.658824
17.240124703,0.767214200000001,217.4119,64.7008099999999,1.174048,-0.3041157,0.4690065,-53.6916,-18.55371,7.658824
17.250121594,-0.1557842,218.4209,62.0790599999999,1.175994,-0.303372,0.4929318,-53.6916,-18.55371,7.658824
17.260118961,-1.078783,219.5486,59.6402300000001,1.158029,-0.3065373,0.5044497,-53.6916,-18.55371,7.658824
17.270116329,-0.0942510000000003,219.9641,56.46975,1.11776,-0.3154097,0.5246224,-53.6916,-18.55371,7.658824
17.280113697,0.2749484,219.0738,53.84801,1.094297,-0.3107156,0.5572052,-53.34978,-14.8356,-2.807726
17.290111065,1.25948,217.59,52.14083,1.075695,-0.3054877,0.5845152,-53.34978,-14.8356,-2.807726
17.300108433,2.490145,216.8184,48.48258,1.051807,-0.3050273,0.5802494,-53.34978,-14.8356,-2.807726
17.310104847,2.797811,214.8004,46.16569,1.00697,-0.3043325,0.5937276,-53.34978,-14.8356,-2.807726
17.320102215,4.951474,212.7824,42.69036,0.9474394,-0.3002466,0.5847374,-53.34978,-14.8356,-2.807726
17.330099583,6.18213799999999,209.7555,39.45891,0.9013876,-0.2870378,0.5876857,-51.50141,-11.48605,-13.19662
17.340096951,3.35161,204.4731,36.28843,0.8302023,-0.2587404,0.5945026,-51.50141,-11.48605,-13.19662
17.350094318,3.474676,197.4695,34.03251,0.7788833,-0.2512749,0.565397,-51.50141,-11.48605,-13.19662
17.360091686,2.490145,190.2285,32.02047,0.7361068,-0.2578207,0.5267085,-51.50141,-11.48605,-13.19662
17.370089054,0.2749484,181.385,30.86203,0.6778413,-0.2428919,0.5315921,-51.50141,-11.48605,-13.19662
17.380086422,-3.540112,172.1854,29.15485,0.6269601,-0.2579719,0.5335989,-46.72133,-8.168053,-22.4024
17.390083313,-2.617113,164.8851,27.81349,0.5811121,-0.2568911,0.4853424,-46.72133,-8.168053,-22.4024
17.400080681,-4.216978,159.7808,26.16728,0.5442817,-0.2430107,0.4356312,-46.72133,-8.168053,-22.4024
17.410078049,-7.60130500000002,155.5668,25.19175,0.4744973,-0.2119498,0.4228233,-46.72133,-8.168053,-22.4024
17.420075417,-17.32355,150.047,25.67952,0.4045246,-0.1962278,0.4334699,-46.72133,-8.168053,-22.4024
17.430072785,-26.30741,141.3222,27.44767,0.3516222,-0.1818106,0.4239869,-41.09388,-7.042548,-29.20381
17.440070152,-36.58346,131.6478,29.03291,0.2854214,-0.2111847,0.4370314,-41.09388,-7.042548,-29.20381
17.45006752,-42.73678,120.3708,30.00844,0.2500712,-0.2751564,0.4261022,-41.09388,-7.042548,-29.20381
17.460064888,-39.04479,110.8151,28.36223,0.223514,-0.3404824,0.4075009,-41.09388,-7.042548,-29.20381
17.470062256,-31.6608,101.1406,26.35019,0.1725481,-0.3769148,0.4128634,-41.09388,-7.042548,-29.20381
17.480059147,-20.89248,90.2198,23.78942,0.1112393,-0.3565658,0.3794647,-35.91604,-5.896353,-33.17045
17.490056515,-12.33936,80.7234199999999,20.55797,0.08744138,-0.3353616,0.3584434,-35.91604,-5.896353,-33.17045
17.500053883,-6.61677399999998,71.4050900000001,18.60691,0.07313976,-0.275191,0.3268669,-35.91604,-5.896353,-33.17045
17.510051251,-6.92443900000002,64.1047499999997,16.04613,0.07041058,-0.2597474,0.3211248,-35.91604,-5.896353,-33.17045
17.520048618,-6.43217400000002,57.10118,14.52187,0.04899417,-0.2355586,0.3024913,-35.91604,-5.896353,-33.17045
17.530045986,-8.15510499999999,50.03825,12.9976,-0.0003428211,-0.2293144,0.2949186,-31.82246,-3.984339,-35.60101
17.540043354,-9.508835,41.90697,11.35139,-0.03108381,-0.2277289,0.2691287,-31.82246,-3.984339,-35.60101
17.550039768,-10.49337,34.13181,8.97352800000002,-0.04183699,-0.2524227,0.2490535,-31.82246,-3.984339,-35.60101
17.560037136,-9.93956800000001,26.416,6.473727,-0.04542365,-0.2690155,0.2490641,-31.82246,-3.984339,-35.60101
17.570034504,-8.27817099999997,17.39444,3.608101,-0.07114825,-0.2479405,0.271118,-29.58465,-3.21656,-36.74938
17.580031872,-6.55523999999999,6.77036799999997,0.31568,-0.09957371,-0.2392649,0.2716439,-29.58465,-3.21656,-36.74938
17.59002924,-5.386109,-4.743992,-3.769361,-0.09635476,-0.2546155,0.2864781,-29.58465,-3.21656,-36.74938
17.600026608,-2.678647,-16.67382,-8.28119799999998,-0.0782688,-0.2833313,0.2955469,-29.58465,-3.21656,-36.74938
17.610023976,2.059412,-29.61263,-13.03692,-0.05686563,-0.3328069,0.3122725,-29.58465,-3.21656,-36.74938
17.620021343,12.64313,-41.89857,-18.03652,-0.03466925,-0.3476299,0.2907017,-28.09355,-2.824954,-36.74029
17.630018234,24.58057,-51.39495,-22.48738,0.01548391,-0.3456891,0.2882209,-28.09355,-2.824954,-36.74029
17.640015602,32.51836,-57.9237099999997,-25.53592,0.06206627,-0.2836848,0.2723307,-28.09355,-2.824954,-36.74029
17.65001297,33.87209,-62.6125500000003,-28.09669,0.08731788,-0.252269,0.3053003,-28.09355,-2.824954,-36.74029
17.660010338,32.27223,-68.0136200000003,-29.80388,0.1061868,-0.2443395,0.3344585,-28.09355,-2.824954,-36.74029
17.670007706,31.22616,-74.60173,-31.38912,0.1057352,-0.2455518,0.362217,-28.83238,-3.581484,-35.5808
17.680005073,28.58023,-83.32653,-32.6695,0.1195119,-0.2517714,0.3961735,-28.83238,-3.581484,-35.5808
17.690002441,25.38051,-94.0099600000001,-33.64503,0.1369781,-0.2466624,0.438735,-28.83238,-3.581484,-35.5808
17.699999809,21.50391,-105.465,-34.80348,0.1787588,-0.2913269,0.4592524,-28.83238,-3.581484,-35.5808
17.709997177,22.61151,-115.9703,-36.14484,0.2488962,-0.3157794,0.4500436,-28.83238,-3.581484,-35.5808
17.719994068,27.0419,-123.152,-37.91299,0.3165012,-0.3348226,0.4532806,-31.8096,-5.104704,-33.14391
17.729991436,31.16463,-129.8588,-39.74211,0.3578771,-0.3318025,0.4814437,-31.8096,-5.104704,-33.14391
17.739988804,33.13369,-137.2185,-40.83958,0.4061712,-0.3332728,0.5349604,-31.8096,-5.104704,-33.14391
17.749986172,36.64109,-144.7562,-41.69318,0.4469666,-0.3518912,0.5363298,-31.8096,-5.104704,-33.14391
17.75998354,42.48674,-149.5638,-42.85162,0.4978185,-0.3610563,0.5400721,-31.8096,-5.104704,-33.14391
17.769980907,44.825,-153.5404,-43.03453,0.5507179,-0.3747946,0.5706123,-36.60313,-6.631711,-29.55947
17.779978275,46.79407,-159.6537,-42.42482,0.5890219,-0.3377536,0.6059506,-36.60313,-6.631711,-29.55947
17.789975643,46.91714,-167.9036,-41.93706,0.6172724,-0.3108318,0.6192946,-36.60313,-6.631711,-29.55947
17.799973011,44.27121,-177.6374,-41.08347,0.6522647,-0.306459,0.5967394,-36.60313,-6.631711,-29.55947
17.809969425,40.14848,-188.3209,-40.65667,0.7250586,-0.3168106,0.5827364,-36.60313,-6.631711,-29.55947
17.819966793,35.96422,-199.3604,-39.68114,0.8182303,-0.3479875,0.5854535,-41.45515,-8.836348,-23.58526
17.829964161,33.81056,-209.8658,-39.01046,0.9031486,-0.3800143,0.6192926,-41.45515,-8.836348,-23.58526
17.839961529,34.54896,-217.8783,-39.31532,0.9403573,-0.4144502,0.6522583,-41.45515,-8.836348,-23.58526
17.849958897,38.17942,-220.9053,-41.51026,0.9808345,-0.416032,0.6574525,-41.45515,-8.836348,-23.58526
17.859955788,43.22514,-217.9377,-42.66871,1.045835,-0.3744541,0.6530213,-41.45515,-8.836348,-23.58526
17.869953155,45.50187,-211.7057,-43.0955,1.073374,-0.3096648,0.6639639,-46.68517,-11.46357,-14.77345
17.879950523,43.10207,-205.5924,-40.96152,1.07413,-0.2202542,0.6620252,-46.68517,-11.46357,-14.77345
17.889947891,32.21069,-202.8028,-36.44969,1.081452,-0.1427089,0.6768283,-46.68517,-11.46357,-14.77345
17.899945259,15.47366,-203.0996,-31.57203,1.137643,-0.1244065,0.6968259,-46.68517,-11.46357,-14.77345
17.909942627,-0.2173175,-204.2867,-28.03572,1.194815,-0.1330484,0.6909856,-46.68517,-11.46357,-14.77345
17.919939995,-13.3239,-205.7705,-25.90175,1.273159,-0.2055391,0.6717246,-51.11617,-13.69454,-4.796637
17.929937363,-18.55422,-206.542,-26.02369,1.340354,-0.2811877,0.650091,-51.11617,-13.69454,-4.796637
17.939934731,-14.86223,-205.4737,-27.6699,1.391502,-0.3329703,0.6160363,-51.11617,-13.69454,-4.796637
17.949931622,-6.370641,-203.159,-29.19417,1.384472,-0.348362,0.5954738,-51.11617,-13.69454,-4.796637
17.959928989,3.228544,-200.2507,-30.84038,1.37365,-0.3434016,0.5768268,-51.11617,-13.69454,-4.796637
17.969926357,12.08933,-195.7993,-32.30368,1.363193,-0.2801428,0.5557715,-52.98923,-15.53575,4.036143
17.979923725,17.75039,-189.7453,-33.0963,1.348566,-0.1767429,0.5227485,-52.98923,-15.53575,4.036143
17.989921093,18.55032,-183.0979,-32.91339,1.312212,-0.1103759,0.4725444,-52.98923,-15.53575,4.036143
17.999918461,13.19693,-177.9935,-31.69397,1.281839,-0.02475471,0.442425,-52.98923,-15.53575,4.036143
18.009915829,2.674744,-173.8982,-30.90135,1.226523,0.01362677,0.4018326,-52.98923,-15.53575,4.036143
18.019913197,-9.20116899999999,-170.8713,-30.53553,1.200347,-0.02087654,0.3521152,-52.96191,-18.87505,13.98744
18.029910564,-17.50816,-168.1411,-30.90135,1.178446,-0.07587162,0.2842097,-52.96191,-18.87505,13.98744
18.039907455,-20.76942,-165.5296,-31.87688,1.159361,-0.1512864,0.209126,-52.96191,-18.87505,13.98744
18.049904823,-18.61575,-163.2148,-32.36465,1.136406,-0.2018543,0.149357,-52.96191,-18.87505,13.98744
18.059902191,-14.24689,-161.6123,-32.6695,1.136696,-0.2182224,0.1125103,-52.96191,-18.87505,13.98744
18.069899559,-9.20116899999999,-159.0602,-33.0963,1.140269,-0.2269558,0.1062849,-52.19881,-21.08672,21.68071
18.079896927,-4.155444,-155.9738,-33.82795,1.149393,-0.22006,0.09669568,-52.19881,-21.08672,21.68071
18.089893818,1.321013,-151.5224,-34.80348,1.127297,-0.2113558,0.08668187,-52.19881,-21.08672,21.68071
18.099890709,6.36673800000001,-148.1393,-35.77901,1.09117,-0.2084233,0.06042241,-52.19881,-21.08672,21.68071
18.109888077,11.16633,-144.4595,-37.12037,1.069852,-0.1896437,0.03461162,-49.62272,-23.59251,30.48561
18.119885445,14.36606,-140.8983,-38.46172,1.066156,-0.174771,0.02169268,-49.62272,-23.59251,30.48561
18.129882813,16.02746,-137.5746,-39.49823,1.058779,-0.1717081,0.0006474064,-49.62272,-23.59251,30.48561
18.13988018,17.75039,-134.2509,-40.71764,1.039403,-0.1523077,-0.01463825,-49.62272,-23.59251,30.48561
18.149877548,19.41178,-129.4433,-43.70521,1.031016,-0.1473342,-0.03711798,-49.62272,-23.59251,30.48561
18.159874916,21.87311,-126.1196,-44.86366,1.021699,-0.1448263,-0.06150976,-47.01032,-24.28232,36.57216
18.169872284,24.02678,-123.0333,-46.32695,1.016954,-0.1261306,-0.07921361,-47.01032,-24.28232,36.57216
18.179869652,25.68817,-120.0063,-47.54637,1.029883,-0.1143266,-0.09168217,-47.01032,-24.28232,36.57216
18.189866543,26.48811,-117.098,-48.0951,1.042199,-0.09568772,-0.09936566,-47.01032,-24.28232,36.57216
18.199863911,26.3035,-113.8336,-48.27802,1.047656,-0.1009823,-0.1055953,-47.01032,-24.28232,36.57216
18.209861279,25.99584,-110.9254,-48.5219,1.054078,-0.1057587,-0.110391,-43.24982,-26.1053,42.60863
18.219858646,27.47264,-107.7204,-48.39996,1.078811,-0.1258331,-0.1271791,-43.24982,-26.1053,42.60863
18.229856014,29.8109,-103.7437,-48.21704,1.084069,-0.1203926,-0.1281468,-43.24982,-26.1053,42.60863
18.239853382,32.57989,-99.4110199999998,-47.30249,1.097541,-0.111476,-0.1387013,-43.24982,-26.1053,42.60863
18.24985075,34.85662,-95.3750599999998,-45.71725,1.110613,-0.08114203,-0.1444748,-43.24982,-26.1053,42.60863
18.259848118,34.54896,-90.9829900000002,-43.88812,1.12749,-0.04585148,-0.1478634,-39.85532,-27.94799,46.64282
18.269845486,31.84149,-86.94702,-42.18094,1.146167,-0.02850524,-0.1512504,-39.85532,-27.94799,46.64282
18.279842377,27.5957,-82.3175399999998,-40.5957,1.17532,-0.02405488,-0.1527381,-39.85532,-27.94799,46.64282
18.289839745,23.65758,-77.8067599999998,-38.88852,1.187071,-0.02733837,-0.1652007,-39.85532,-27.94799,46.64282
18.299837112,21.25778,-71.8715199999997,-36.93745,1.207917,-0.02156361,-0.1633243,-39.85532,-27.94799,46.64282
18.30983448,18.98105,-65.99564,-35.04736,1.212326,-0.02299573,-0.1700316,-36.84959,-29.03605,50.28316
18.319831848,16.82739,-60.1791,-32.36465,1.212639,-0.01380053,-0.1748203,-36.84959,-29.03605,50.28316
18.329829216,14.05839,-53.65034,-29.74291,1.209454,0.0003121992,-0.1657255,-36.84959,-29.03605,50.28316
18.339826584,10.3664,-46.88417,-27.06019,1.201099,0.003986403,-0.1709762,-36.84959,-29.03605,50.28316
18.349823952,6.36673800000001,-39.93995,-24.80427,1.190094,-0.006991918,-0.1786114,-36.84959,-29.03605,50.28316
18.35982132,3.966942,-32.69896,-22.12156,1.178395,-0.03236043,-0.1642272,-34.28356,-29.75739,52.69273
18.369818211,3.474676,-24.68639,-19.7437,1.15682,-0.05131388,-0.1708847,-34.28356,-29.75739,52.69273
18.402309895,8.397335,1.547359,-12.42721,1.098494,-0.05928256,-0.1722167,-34.28356,-29.75739,52.69273
18.409807682,8.33580199999998,7.66065299999999,-10.65906,1.088536,-0.04773337,-0.1631094,-32.40118,-30.49041,54.3232
18.419804096,6.79747099999997,15.73257,-8.890904,1.08308,-0.04239052,-0.1516154,-32.40118,-30.49041,54.3232
18.429801464,5.197607,24.10126,-7.30566500000003,1.070407,-0.04213742,-0.1496791,-32.40118,-30.49041,54.3232
18.439798832,3.413143,31.99512,-5.659454,1.060894,-0.05444759,-0.1467879,-32.40118,-30.49041,54.3232
18.4497962,1.813279,39.77029,-3.952273,1.065591,-0.07078908,-0.1372204,-32.40118,-30.49041,54.3232
18.459793568,1.813279,48.49508,-2.8548,1.064987,-0.09084744,-0.1506143,-31.65786,-30.1077,53.93974
18.469790936,3.16701,56.68571,-1.391501,1.05216,-0.1086956,-0.1615946,-31.65786,-30.1077,53.93974
18.479788303,4.151542,64.8169799999998,-0.1111153,1.054879,-0.09727225,-0.1405449,-31.65786,-30.1077,53.93974
18.489785671,3.659276,72.7108500000001,1.291212,1.064573,-0.09395892,-0.1180696,-31.65786,-30.1077,53.93974
18.499783039,4.151542,80.6047100000001,2.998394,1.080493,-0.1110023,-0.1032571,-31.65786,-30.1077,53.93974
18.50977993,5.99753899999999,88.2611699999998,4.400721,1.107454,-0.1190543,-0.08559469,-33.14361,-30.50966,52.70513
18.519777298,8.21273500000003,95.9176300000001,6.22984400000002,1.119497,-0.1114527,-0.07748186,-33.14361,-30.50966,52.70513
18.529774666,10.42793,103.3367,7.99799599999998,1.122634,-0.09677296,-0.07318392,-33.14361,-30.50966,52.70513
18.539772034,11.2894,110.2809,9.82711900000002,1.151073,-0.08015747,-0.07132346,-33.14361,-30.50966,52.70513
18.549769402,10.12027,116.8097,11.77818,1.170338,-0.06810987,-0.07088158,-33.14361,-30.50966,52.70513
18.55976677,8.08966899999999,122.9823,13.97313,1.191581,-0.05745032,-0.06709275,-34.27929,-29.40046,49.91719
18.569764137,6.05907200000001,128.8582,15.37546,1.191292,-0.06821691,-0.07474668,-34.27929,-29.40046,49.91719
18.579761505,4.951474,133.3096,17.38749,1.205239,-0.08452477,-0.08146687,-34.27929,-29.40046,49.91719
18.589758873,5.197607,137.583,18.66788,1.21399,-0.08333614,-0.07669666,-34.27929,-29.40046,49.91719
18.599755764,5.382206,140.8474,20.13118,1.229368,-0.09750091,-0.06475542,-34.27929,-29.40046,49.91719
18.609753132,5.99753899999999,143.7556,21.35059,1.244429,-0.09458941,-0.04468224,-38.35297,-27.94328,45.87994
18.6197505,6.612871,146.9013,22.14321,1.243617,-0.102634,-0.01931422,-38.35297,-27.94328,45.87994
18.629747867,7.78200200000001,149.6315,22.69195,1.256092,-0.117771,-0.001146179,-38.35297,-27.94328,45.87994
18.639745235,10.30486,153.0146,23.30166,1.252985,-0.1073951,0.0242211,-38.35297,-27.94328,45.87994
18.649742603,11.90473,156.8132,23.30166,1.249272,-0.09072711,0.04815208,-38.35297,-27.94328,45.87994
18.659739971,12.27393,160.1962,23.36263,1.236726,-0.07085837,0.06922618,-41.35583,-26.49557,39.78655
18.669737339,12.2124,162.8671,23.78942,1.214223,-0.06583919,0.08218568,-41.35583,-26.49557,39.78655
18.679734707,10.551,165.2412,24.09428,1.207661,-0.05310626,0.1070798,-41.35583,-26.49557,39.78655
18.689731598,8.33580199999998,168.6836,23.97233,1.219373,-0.05375025,0.1175882,-41.35583,-26.49557,39.78655
18.699728966,7.16667,171.8887,24.15525,1.216718,-0.04136904,0.1486971,-44.75195,-23.91941,32.5233
18.709726334,6.55133799999999,174.5595,25.00884,1.207013,-0.01706193,0.1707222,-44.75195,-23.91941,32.5233
18.719723701,3.228544,176.993,25.74049,1.244207,-0.02478893,0.2017668,-44.75195,-23.91941,32.5233
18.729721069,-0.6480501,180.0199,26.71602,1.27699,-0.05675101,0.249097,-44.75195,-23.91941,32.5233
18.739718437,-0.3403839,183.225,28.84999,1.282026,-0.09026825,0.2926472,-44.75195,-23.91941,32.5233
18.749715805,3.413143,188.0919,30.55718,1.279164,-0.1186795,0.327117,-48.09135,-24.00901,24.88723
18.759713173,8.64346799999999,193.7303,31.59368,1.280883,-0.1057874,0.3515181,-48.09135,-24.00901,24.88723
18.769710541,12.58159,198.5972,32.69115,1.252356,-0.0653652,0.3697433,-48.09135,-24.00901,24.88723
18.779707432,13.31999,201.7429,32.8131,1.234677,-0.03145295,0.3965656,-48.09135,-24.00901,24.88723
18.7897048,11.22786,204.4731,32.44727,1.21419,-0.004027457,0.4109516,-48.09135,-24.00901,24.88723
18.799702167,6.612871,205.7789,31.53271,1.195322,-0.01113322,0.4186435,-49.96272,-22.2626,15.63998
18.809699535,2.736278,205.4821,30.25232,1.185563,-0.06237622,0.4158022,-49.96272,-22.2626,15.63998
18.819696903,2.859344,205.0073,28.72805,1.18625,-0.09871613,0.4258605,-49.96272,-22.2626,15.63998
18.829694271,5.751406,203.9983,27.02087,1.176038,-0.09917139,0.451243,-49.96272,-22.2626,15.63998
18.839690685,9.62799900000003,202.5738,25.00884,1.131657,-0.07069871,0.4723704,-49.96272,-22.2626,15.63998
18.849688053,10.67406,199.4875,23.05777,1.082409,-0.04218623,0.508342,-50.71226,-20.07707,4.850704
18.859685421,9.074201,196.7573,20.9238,1.030097,-0.0330106,0.5089095,-50.71226,-20.07707,4.850704
18.869682789,5.566806,194.2645,19.0337,1.003219,-0.08062094,0.5151901,-50.71226,-20.07707,4.850704
18.879680157,5.44374,192.5433,17.9972,0.9706847,-0.1121929,0.5339194,-50.71226,-20.07707,4.850704
18.889677525,8.88960099999997,191.7124,16.83875,0.9379516,-0.1330254,0.5583891,-50.71226,-20.07707,4.850704
18.899674892,14.85832,191.8904,15.80225,0.8999818,-0.1089093,0.5675421,-50.72695,-17.49249,-4.387037
18.90967226,19.53485,191.9498,15.0706,0.8409532,-0.05384225,0.5527949,-50.72695,-17.49249,-4.387037
18.919669628,18.05805,192.0685,14.52187,0.8063239,-0.05206602,0.5562049,-50.72695,-17.49249,-4.387037
18.929666519,14.18146,190.466,14.39993,0.7844053,-0.05245959,0.5605504,-50.72695,-17.49249,-4.387037
18.939663887,13.19693,188.7447,14.27798,0.7777415,-0.0608347,0.5624785,-50.72695,-17.49249,-4.387037
18.949661255,12.58159,185.5991,13.24148,0.750319,-0.07996947,0.5486525,-47.31929,-17.53473,-12.36005
18.959658623,12.15086,179.2484,12.44886,0.6913895,-0.05515952,0.5726776,-47.31929,-17.53473,-12.36005
18.969655991,8.88960099999997,172.0667,11.65624,0.6367075,-0.04937967,0.578993,-47.31929,-17.53473,-12.36005
18.979653358,6.79747099999997,165.7754,11.83915,0.574706,-0.01773168,0.5604284,-47.31929,-17.53473,-12.36005
18.989650726,-0.2173175,159.9588,11.83915,0.5437003,-0.02770874,0.5461278,-47.31929,-17.53473,-12.36005
18.999648094,-6.61677399999998,152.5398,13.36342,0.4845651,-0.01878196,0.5342642,-43.93691,-16.43264,-19.95214
19.009645462,-13.1393,145.9517,14.27798,0.4344133,0.004190895,0.4979739,-43.93691,-16.43264,-19.95214
19.019642353,-20.58482,139.4823,15.37546,0.370131,0.001874415,0.4899508,-43.93691,-16.43264,-19.95214
19.029639721,-27.16887,133.0722,16.5339,0.328208,0.02801323,0.4632169,-43.93691,-16.43264,-19.95214
19.039637089,-35.78353,127.2557,17.38749,0.2991061,-0.005106661,0.4647119,-43.93691,-16.43264,-19.95214
19.049634457,-41.25998,118.5902,18.05817,0.2478592,-0.07848496,0.4691273,-39.81378,-15.30803,-25.53917
19.059631825,-37.62952,107.3726,17.50943,0.2255713,-0.1637028,0.4447807,-39.81378,-15.30803,-25.53917
19.069629192,-29.87634,94.96799,16.22905,0.2016683,-0.2134604,0.4754641,-39.81378,-15.30803,-25.53917
19.07962656,-17.50816,81.1982300000003,14.94866,0.1395817,-0.1511208,0.4655061,-39.81378,-15.30803,-25.53917
19.089623928,-9.01656900000002,70.8115699999999,11.77818,0.1109418,-0.1057722,0.4382656,-39.81378,-15.30803,-25.53917
19.099621296,-4.893843,61.84936,9.52226500000001,0.08024922,-0.05447061,0.4287343,-36.81577,-14.55533,-29.133
19.109618187,-4.340044,53.18392,7.57120099999999,0.05512211,-0.01431464,0.4105819,-36.81577,-14.55533,-29.133
19.119615555,-5.93990799999998,44.45912,5.86401899999998,0.03991099,-0.03523965,0.3871636,-36.81577,-14.55533,-29.133
19.129612923,-3.478579,36.3872,4.27878,0.04925568,-0.06637899,0.3627479,-36.81577,-14.55533,-29.133
19.139610291,1.567146,28.9088,2.388686,0.04215092,-0.07794604,0.3354844,-36.81577,-14.55533,-29.133
19.149607658,5.074541,21.19299,0.1327677,0.0431285,-0.07782145,0.3469686,-33.88529,-13.79329,-31.56628
19.159605026,8.21273500000003,11.81532,-1.879267,0.03985396,-0.05958267,0.3292622,-33.88529,-13.79329,-31.56628
19.169602394,8.45886800000002,0.1822547,-3.525478,0.003372012,-0.03691684,0.3360201,-33.88529,-13.79329,-31.56628
19.179599762,6.36673800000001,-14.47778,-4.744893,-0.02009901,-0.03170622,0.3719529,-33.88529,-13.79329,-31.56628
19.18959713,2.859344,-31.51191,-6.02527899999998,-0.01417736,-0.03537148,0.3834293,-33.88529,-13.79329,-31.56628
19.199594021,1.690213,-48.07122,-8.22022599999998,0.01910173,-0.06859831,0.3977371,-32.38632,-13.78204,-31.55516
19.209591389,4.889941,-62.5532000000002,-11.08585,0.06503276,-0.0755624,0.3871302,-32.38632,-13.78204,-31.55516
19.219588757,9.68953300000002,-73.8895,-13.64662,0.09795257,-0.06430902,0.3774984,-32.38632,-13.78204,-31.55516
19.229586124,13.19693,-83.2671700000002,-16.2074,0.1243443,-0.04233599,0.3851039,-32.38632,-13.78204,-31.55516
19.239583492,15.59672,-91.69521,-18.09749,0.166633,-0.03659283,0.3902931,-32.38632,-13.78204,-31.55516
19.24958086,17.19659,-100.3607,-19.86564,0.2157539,-0.05673181,0.4198843,-33.50804,-14.16048,-30.33597
19.259578228,18.61185,-110.0351,-21.02409,0.267019,-0.06126076,0.4513821,-33.50804,-14.16048,-30.33597
19.269575596,20.64245,-120.6592,-22.06059,0.3043403,-0.05014318,0.4704573,-33.50804,-14.16048,-30.33597
19.279572964,21.44238,-132.1735,-22.85321,0.3266566,-0.04482532,0.4723313,-33.50804,-14.16048,-30.33597
19.289569855,20.58092,-145.7652,-23.03612,0.3605764,-0.03428719,0.488541,-36.13748,-14.53329,-27.12839
19.299567223,19.04258,-159.2382,-23.34098,0.4212814,-0.02339971,0.4850823,-36.13748,-14.53329,-27.12839
19.309564591,18.30419,-171.2867,-23.58486,0.4954855,-0.03146921,0.4519333,-36.13748,-14.53329,-27.12839
19.319561958,17.68885,-181.0205,-23.82874,0.5584445,-0.03643291,0.4637893,-36.13748,-14.53329,-27.12839
19.329559326,17.62732,-188.3802,-24.43845,0.6199161,-0.03992869,0.4799546,-36.13748,-14.53329,-27.12839
19.339556694,19.35025,-194.6122,-25.53592,0.6614456,-0.04598594,0.471748,-40.18662,-16.04486,-22.37738
19.349554062,20.21172,-200.2507,-27.2431,0.6842028,-0.06389245,0.4836773,-40.18662,-16.04486,-22.37738
19.35955143,20.33478,-206.0672,-28.34058,0.7543207,-0.08740859,0.4706396,-40.18662,-16.04486,-22.37738
19.369548798,22.18078,-211.1715,-29.31611,0.8422434,-0.0988884,0.4599606,-40.18662,-16.04486,-22.37738
19.379545689,25.01131,-214.9107,-28.88931,0.923753,-0.05401606,0.4612426,-40.18662,-16.04486,-22.37738
19.389543057,23.90371,-219.006,-27.12116,0.9786675,0.03231482,0.4836178,-45.08737,-16.39041,-13.96196
19.399540424,14.05839,-223.8729,-24.86525,1.018735,0.07903935,0.5112933,-45.08737,-16.39041,-13.96196
19.409537792,-1.324916,-229.2146,-22.54836,1.076934,0.09460171,0.5461238,-45.08737,-16.39041,-13.96196
19.41953516,-18.73882,-233.6067,-21.14603,1.144387,0.05829412,0.5747302,-45.08737,-16.39041,-13.96196
19.429532528,-29.9994,-235.2092,-21.02409,1.195635,0.00193482,0.5713053,-45.08737,-16.39041,-13.96196
19.439529896,-33.6914,-232.4197,-21.87768,1.248094,-0.04139417,0.555432,-49.22182,-17.85833,-3.986884
19.44952631,-35.22973,-228.7398,-22.18253,1.276412,-0.04420121,0.559212,-49.22182,-17.85833,-3.986884
19.459523678,-36.27579,-227.0186,-21.63379,1.303885,-0.02810829,0.5591599,-49.22182,-17.85833,-3.986884
19.469521046,-40.64465,-225.8909,-21.38991,1.356872,0.004472141,0.5533163,-49.22182,-17.85833,-3.986884
19.479518414,-48.27477,-225.7722,-22.54836,1.42875,-0.03513303,0.5307081,-49.22182,-17.85833,-3.986884
19.489515782,-51.6591,-225.4161,-23.88971,1.491179,-0.09039163,0.5172134,-50.73673,-19.29947,6.846157
19.499513149,-46.98257,-223.7542,-25.90175,1.531586,-0.1144334,0.5109276,-50.73673,-19.29947,6.846157
19.509510517,-39.90625,-219.7183,-28.09669,1.556464,-0.1166786,0.4773846,-50.73673,-19.29947,6.846157
19.519507408,-32.27613,-215.2075,-28.88931,1.55356,-0.09280733,0.4371831,-50.73673,-19.29947,6.846157
19.529504776,-29.69173,-211.587,-27.97475,1.526334,-0.07073411,0.4123389,-50.73673,-19.29947,6.846157
19.539502144,-31.2916,-208.0852,-26.6334,1.495087,-0.06819989,0.3851139,-51.49849,-20.74207,16.84626
19.549499512,-33.6914,-204.2273,-26.02369,1.455417,-0.08435489,0.3516869,-51.49849,-20.74207,16.84626
19.55949688,-33.81446,-199.4791,-26.69437,1.398323,-0.1330228,0.3077699,-51.49849,-20.74207,16.84626
19.569494248,-29.01487,-195.3838,-27.97475,1.350486,-0.1558099,0.2576087,-51.49849,-20.74207,16.84626
19.579491615,-20.70788,-190.5762,-28.88931,1.311795,-0.1718227,0.2375801,-51.49849,-20.74207,16.84626
19.589488983,-12.4009,-184.5223,-29.19417,1.300295,-0.1566182,0.2246747,-49.96424,-24.38981,26.48787
19.599486351,-6.001441,-177.5187,-29.25514,1.274363,-0.1250716,0.223276,-49.96424,-24.38981,26.48787
19.609483242,-3.047846,-170.3371,-29.1332,1.271787,-0.1179606,0.2094,-49.96424,-24.38981,26.48787
19.61948061,-2.001781,-163.3335,-28.52349,1.274563,-0.1365557,0.1892997,-49.96424,-24.38981,26.48787
19.629477978,0.8287475,-154.5494,-28.64543,1.254392,-0.1526579,0.1725889,-49.96424,-24.38981,26.48787
19.639475346,5.44374,-145.8246,-26.93825,1.227255,-0.1611183,0.1563668,-46.97432,-25.44736,33.74023
19.649472713,9.68953300000002,-137.8714,-24.86525,1.175571,-0.159872,0.1387492,-46.97432,-25.44736,33.74023
19.659470081,13.19693,-129.5027,-23.15806,1.125183,-0.149875,0.1187343,-46.97432,-25.44736,33.74023
19.669467449,15.16599,-121.8462,-21.63379,1.083169,-0.1452905,0.07334165,-46.97432,-25.44736,33.74023
19.679464817,15.28906,-115.4362,-19.7437,1.040179,-0.1407604,0.02412209,-46.97432,-25.44736,33.74023
19.689462185,14.42759,-110.5693,-17.73167,1.020897,-0.1269184,-0.01461252,-42.46014,-27.63799,40.6228
19.699459076,12.27393,-105.9991,-16.14643,1.009855,-0.1103128,-0.03469774,-42.46014,-27.63799,40.6228
19.709456444,9.13573400000002,-101.1322,-14.68313,1.035992,-0.1011328,-0.04383862,-42.46014,-27.63799,40.6228
19.719453812,6.428272,-95.8498799999999,-13.76857,1.051159,-0.1049137,-0.06492142,-42.46014,-27.63799,40.6228
19.729451179,4.090009,-90.5081599999999,-12.42721,1.060724,-0.09561027,-0.07786205,-42.46014,-27.63799,40.6228
19.739448547,1.751746,-85.4038599999997,-10.84197,1.070147,-0.07842932,-0.07931863,-39.83423,-28.71906,45.42137
19.749445915,-1.017249,-79.76539,-8.15925599999997,1.069911,-0.04011477,-0.0869853,-39.83423,-28.71906,45.42137
19.759443283,-7.47823899999999,-73.9488500000001,-5.84236700000003,1.078665,-0.0131975,-0.08509318,-39.83423,-28.71906,45.42137
19.769440651,-16.64669,-68.6665000000002,-3.098683,1.082731,0.003930267,-0.08079749,-39.83423,-28.71906,45.42137
19.779438019,-26.55354,-63.2060800000001,-0.4769399,1.099409,-0.002123256,-0.08800366,-39.83423,-28.71906,45.42137
19.78943491,-34.42979,-57.3895400000002,1.96189,1.107593,-0.02291407,-0.09423406,-37.95551,-29.445,47.89034
19.799432278,-39.04479,-50.92013,4.583633,1.126317,-0.03436465,-0.1114925,-37.95551,-29.445,47.89034
19.809429645,-42.18298,-44.21331,7.14440499999997,1.144153,-0.05008782,-0.1158267,-37.95551,-29.445,47.89034
19.819427013,-44.27511,-37.32844,9.76614900000002,1.164935,-0.06732465,-0.1326087,-37.95551,-29.445,47.89034
19.829424381,-44.82891,-30.74033,12.08304,1.174273,-0.0714917,-0.130231,-37.95551,-29.445,47.89034
19.839421749,-44.21358,-23.7961,14.52187,1.175707,-0.06997921,-0.1273624,-35.73359,-31.32384,48.6907
19.849419117,-42.24451,-16.73317,16.41196,1.158376,-0.08168253,-0.1474294,-35.73359,-31.32384,48.6907
19.859416485,-38.98325,-9.43282899999999,19.27759,1.150924,-0.1004447,-0.1636832,-35.73359,-31.32384,48.6907
19.869413853,-34.86053,-2.844716,22.02127,1.148758,-0.08875905,-0.1565038,-35.73359,-31.32384,48.6907
19.879410744,-31.96847,4.633682,24.76495,1.156548,-0.06155378,-0.1211097,-34.95882,-32.46255,48.31535
19.889408112,-30.61473,13.41783,27.32573,1.170211,-0.03565079,-0.08141839,-34.95882,-32.46255,48.31535
19.899405479,-30.184,22.32069,30.06941,1.182476,-0.0132253,-0.04698807,-34.95882,-32.46255,48.31535
19.909402847,-30.98393,31.04549,32.56921,1.174682,-0.01261261,-0.01634577,-34.95882,-32.46255,48.31535
19.919400215,-30.9224,40.00769,35.25193,1.161927,-0.03361534,-0.000525117,-34.95882,-32.46255,48.31535
19.929397583,-28.7072,50.03825,38.48338,1.153973,-0.05129269,-0.003378157,-34.93971,-33.2298,47.5454
19.939394951,-25.75361,60.0094400000002,42.08065,1.147181,-0.05291104,-0.006237355,-34.93971,-33.2298,47.5454
19.949392319,-23.35381,68.7935900000002,45.55598,1.126967,-0.04006278,0.00767328,-34.93971,-33.2298,47.5454
19.959389687,-22.92308,77.16228,49.03132,1.118505,-0.03047166,0.01199275,-34.93971,-33.2298,47.5454
19.969386578,-22.06161,85.6496699999999,51.71403,1.103519,-0.01154937,-0.0119148,-34.93971,-33.2298,47.5454
19.979383945,-22.80001,93.2467699999998,54.39674,1.090487,-0.01886006,-0.03916904,-36.8027,-33.26456,45.08048
19.989381313,-24.27681,98.58848,56.46975,1.103976,-0.03661289,-0.04349517,-36.8027,-33.26456,45.08048
19.999378681,-25.69208,104.8798,57.87208,1.153563,-0.05584535,-0.02204074,-36.8027,-33.26456,45.08048
20.009376049,-24.46141,113.0705,59.3353799999998,1.20236,-0.05836086,0.02238242,-36.8027,-33.26456,45.08048
20.019373417,-22.43081,121.4985,60.2499399999999,1.25113,-0.05938838,0.07015528,-36.8027,-33.26456,45.08048
20.029370785,-20.76942,130.2827,60.7986800000002,1.293657,-0.06547761,0.1093259,-40.12072,-32.17885,41.43782
20.039368153,-18.36962,138.8294,60.9206200000001,1.306875,-0.06853471,0.1183966,-40.12072,-32.17885,41.43782
20.04936552,-15.41603,146.3671,60.8596500000002,1.302346,-0.08723471,0.1026163,-40.12072,-32.17885,41.43782
20.059362412,-12.46243,152.8365,61.2864399999998,1.299454,-0.1158493,0.06194978,-40.12072,-32.17885,41.43782
20.069359779,-10.12417,157.5847,61.9571200000001,1.288222,-0.1410648,0.0390042,-40.12072,-32.17885,41.43782
20.079357147,-7.724371,161.8581,61.3474099999997,1.300658,-0.1551132,0.01697164,-42.76654,-29.9638,35.79466
20.089354515,-5.139976,166.0128,60.3109099999998,1.304152,-0.159343,0.02510243,-42.76654,-29.9638,35.79466
20.099351883,-2.186381,169.0991,58.5427600000003,1.308389,-0.1507483,0.05237166,-42.76654,-29.9638,35.79466
20.109349251,-0.7711166,173.0164,55.67713,1.310763,-0.1472165,0.06145956,-42.76654,-29.9638,35.79466
20.119346619,-1.694115,175.5685,53.60413,1.28959,-0.1611052,0.07633591,-42.76654,-29.9638,35.79466
20.129343987,-2.309447,178.5361,51.59209,1.286194,-0.1871719,0.1026702,-46.14694,-28.14835,28.53546
20.139341354,-0.709583300000001,182.216,50.37267,1.270788,-0.1964371,0.1323712,-46.14694,-28.14835,28.53546
20.149338245,1.505613,185.0649,49.702,1.239688,-0.1744658,0.1577843,-46.14694,-28.14835,28.53546
20.159335613,1.07488,186.7861,49.09229,1.232433,-0.1768722,0.1759834,-46.14694,-28.14835,28.53546
20.169332981,0.705681,188.2699,49.21423,1.236676,-0.1944875,0.2066094,-46.14694,-28.14835,28.53546
20.179330349,1.628679,190.0505,48.72646,1.252861,-0.2256091,0.2223822,-49.54754,-25.19838,20.49617
20.189327717,4.213075,192.5433,47.75093,1.252236,-0.2696404,0.2444092,-49.54754,-25.19838,20.49617
20.199325085,10.24333,195.0954,47.99482,1.223354,-0.2880066,0.2645645,-49.54754,-25.19838,20.49617
20.209322453,17.99652,199.3688,48.42161,1.197393,-0.2806699,0.2727436,-49.54754,-25.19838,20.49617
20.21931982,23.28838,202.6925,49.702,1.156705,-0.2415432,0.2818974,-49.54754,-25.19838,20.49617
20.229317188,23.10378,204.4138,50.61656,1.135556,-0.2049242,0.2934107,-52.19984,-21.93616,11.23525
20.239314079,15.53519,203.6422,51.28724,1.131953,-0.1933187,0.3479716,-52.19984,-21.93616,11.23525
20.249311447,7.65893599999998,203.108,51.10432,1.139088,-0.208762,0.3972565,-52.19984,-21.93616,11.23525
20.259308815,1.567146,203.4641,49.94588,1.139862,-0.249307,0.4255016,-52.19984,-21.93616,11.23525
20.269306183,-2.001781,202.0397,48.60452,1.112926,-0.2933283,0.4523601,-52.19984,-21.93616,11.23525
20.279303551,-2.247914,199.4282,46.83637,1.08302,-0.3093728,0.462945,-52.53328,-18.97629,1.670665
20.289300919,-1.940248,196.0451,44.2756,1.068842,-0.3323036,0.4835545,-52.53328,-18.97629,1.670665
20.299298287,-1.632582,191.5936,41.28803,1.030745,-0.3270144,0.5065911,-52.53328,-18.97629,1.670665
20.309295654,0.0903486900000002,187.3203,38.30046,0.9945914,-0.3474812,0.5253239,-52.53328,-18.97629,1.670665
20.319293022,0.5826145,182.4534,36.04454,0.9585646,-0.3483675,0.5593659,-52.53328,-18.97629,1.670665
20.32929039,3.720809,176.8149,33.30086,0.9050527,-0.3526333,0.5805175,-51.50164,-15.62358,-7.627752
20.339287281,6.98206999999997,170.4642,30.923,0.8637021,-0.3828173,0.5576258,-51.50164,-15.62358,-7.627752
20.349284649,12.27393,164.4103,28.91097,0.8177581,-0.4019023,0.5361748,-51.50164,-15.62358,-7.627752
20.359282017,17.13505,157.4067,27.81349,0.7831896,-0.377211,0.5477146,-51.50164,-15.62358,-7.627752
20.369279385,20.21172,152.0056,26.59408,0.7626495,-0.3203932,0.5879362,-51.50164,-15.62358,-7.627752
20.379276753,20.15018,147.7323,24.76495,0.7227486,-0.270897,0.6133575,-48.87322,-14.15329,-16.00144
20.38927412,15.47366,142.5092,23.11874,0.6682194,-0.2470334,0.6306751,-48.87322,-14.15329,-16.00144
20.399271488,10.48946,136.9301,22.02127,0.6293463,-0.253296,0.6144729,-48.87322,-14.15329,-16.00144
20.409268856,8.64346799999999,132.8941,20.61894,0.6049096,-0.2757953,0.5982497,-48.87322,-14.15329,-16.00144
20.419266224,9.935666,130.7575,19.21662,0.5709641,-0.2855945,0.5566754,-45.15629,-11.51007,-21.59936
20.429263115,11.22786,128.8582,17.87526,0.5250033,-0.3036684,0.5395314,-45.15629,-11.51007,-21.59936
20.439260483,14.11993,126.0686,16.22905,0.4703838,-0.3020994,0.510433,-45.15629,-11.51007,-21.59936
20.449257851,16.02746,121.8546,15.19255,0.4226683,-0.2782811,0.5081172,-45.15629,-11.51007,-21.59936
20.459255219,13.31999,116.2161,15.61934,0.3885651,-0.2270731,0.4957205,-45.15629,-11.51007,-21.59936
20.469252586,7.65893599999998,109.45,16.29002,0.3552314,-0.1901563,0.5129979,-40.29324,-9.996218,-26.79585
20.479249954,-1.263382,103.8708,16.77778,0.31758,-0.1838392,0.4881759,-40.29324,-9.996218,-26.79585
20.489247322,-7.90897099999997,98.7071800000002,16.71681,0.2815627,-0.1867358,0.4619178,-40.29324,-9.996218,-26.79585
20.501743794,-18.73882,92.2377800000003,16.35099,0.2605553,-0.2613902,0.473938,-40.29324,-9.996218,-26.79585
20.511741161,-19.41569,85.1154900000001,16.35099,0.2471681,-0.301016,0.4739716,-40.29324,-9.996218,-26.79585
20.521738529,-13.38543,79.9518399999998,14.82672,0.233242,-0.3127748,0.4404985,-37.33748,-10.37851,-29.61005
20.529236317,-9.93956800000001,76.1532800000002,13.91216,0.1951376,-0.3077139,0.4386493,-37.33748,-10.37851,-29.61005
20.539233685,-5.01691,70.0993399999999,12.81469,0.147854,-0.2553436,0.4224467,-37.33748,-10.37851,-29.61005
20.551730633,-7.10903899999999,61.1371299999999,11.5343,0.1115729,-0.2177149,0.4177145,-37.33748,-10.37851,-29.61005
20.561727524,-10.3703,51.93752,10.98556,0.09042639,-0.2330916,0.4292412,-37.33748,-10.37851,-29.61005
20.571724892,-9.01656900000002,42.02568,9.46129399999998,0.06095844,-0.2475872,0.395796,-33.58998,-9.620188,-33.19832
20.58172226,-5.078443,33.18217,7.08343500000003,0.02244787,-0.247714,0.3590128,-33.58998,-9.620188,-33.19832
20.591719628,-3.601645,23.9232,5.376253,0.01008168,-0.2384281,0.3384531,-33.58998,-9.620188,-33.19832
20.601716995,-2.678647,14.24877,3.54713,0.00908024,-0.2377567,0.3078259,-33.58998,-9.620188,-33.19832
20.611714363,-0.03271778,3.090521,1.169271,-0.005205806,-0.2555723,0.3035482,-33.58998,-9.620188,-33.19832
20.621711731,5.689873,-9.07671499999999,-1.818297,-0.00155533,-0.268025,0.3155094,-32.09101,-9.608937,-33.18719
20.631709099,12.95079,-20.65043,-5.110718,0.01319546,-0.2750008,0.3178784,-32.09101,-9.608937,-33.18719
20.641706467,20.15018,-31.68997,-8.40313799999999,0.04271815,-0.2641908,0.320217,-32.09101,-9.608937,-33.18719
20.651703358,25.01131,-41.66116,-10.84197,0.05157667,-0.2432519,0.3058389,-32.09101,-9.608937,-33.18719
20.661700725,29.13403,-50.2079,-12.91498,0.0789321,-0.2215888,0.2775496,-32.09101,-9.608937,-33.18719
20.671698093,29.13403,-57.27084,-14.13439,0.1077097,-0.1964951,0.3023789,-31.35725,-8.842601,-33.18569
20.681695461,25.87277,-65.3427700000003,-15.10992,0.1441727,-0.191024,0.3434715,-31.35725,-8.842601,-33.18569
20.691692829,22.73458,-74.7204399999999,-15.47575,0.1653518,-0.1761711,0.3807597,-31.35725,-8.842601,-33.18569
20.701690197,18.73492,-84.8696900000002,-16.02448,0.1934339,-0.1919277,0.4036864,-31.35725,-8.842601,-33.18569
20.711687565,15.16599,-96.5027500000001,-16.32934,0.225234,-0.2241944,0.4199109,-31.35725,-8.842601,-33.18569
20.721684933,16.02746,-108.5513,-17.36584,0.2559563,-0.2255925,0.4131576,-32.84755,-9.600943,-31.58025
20.731682301,16.95045,-119.4721,-18.46332,0.2971437,-0.2394623,0.4016036,-32.84755,-9.600943,-31.58025
20.741679192,18.61185,-130.1555,-19.92661,0.3465069,-0.2471989,0.4053482,-32.84755,-9.600943,-31.58025
20.751676559,21.19625,-139.7706,-21.69477,0.394943,-0.2573397,0.4138807,-32.84755,-9.600943,-31.58025
20.761673927,24.64211,-148.1393,-23.95068,0.4470163,-0.2795746,0.4204957,-32.84755,-9.600943,-31.58025
20.771671295,30.5493,-155.9738,-25.35301,0.4923343,-0.2796907,0.4161095,-36.59336,-10.36254,-28.37898
20.781668663,34.91816,-163.0368,-26.57243,0.5465257,-0.2848188,0.428938,-36.59336,-10.36254,-28.37898
20.791666031,37.81022,-169.7436,-26.57243,0.5882158,-0.2733175,0.4274266,-36.59336,-10.36254,-28.37898
20.801663399,39.53315,-176.8659,-25.96272,0.6236826,-0.2413718,0.4431495,-36.59336,-10.36254,-28.37898
20.811660767,40.14848,-184.2849,-25.65787,0.6445174,-0.2095231,0.4268334,-36.59336,-10.36254,-28.37898
20.821658134,37.25642,-192.4162,-25.84078,0.6816575,-0.2166092,0.3688628,-41.0226,-11.86658,-22.40525
20.831655025,31.04156,-202.0313,-24.92622,0.7540612,-0.2067827,0.330448,-41.0226,-11.86658,-22.40525
20.841652393,24.02678,-211.587,-24.25554,0.8305423,-0.2043383,0.3791288,-41.0226,-11.86658,-22.40525
20.851649761,18.85798,-219.8963,-24.62136,0.923745,-0.209671,0.4445326,-41.0226,-11.86658,-22.40525
20.861647129,15.71979,-225.5348,-26.32854,1.022295,-0.2408987,0.4831335,-45.5076,-14.11436,-14.36391
20.871644497,17.99652,-228.265,-28.7064,1.101711,-0.2659731,0.4920945,-45.5076,-14.11436,-14.36391
20.881641865,21.87311,-228.6211,-30.90135,1.151554,-0.2475032,0.4910456,-45.5076,-14.11436,-14.36391
20.891639233,24.51904,-228.6211,-31.633,1.150428,-0.2135139,0.4905603,-45.5076,-14.11436,-14.36391
20.9016366,24.94977,-228.5618,-32.18174,1.151744,-0.1800413,0.4814565,-45.5076,-14.11436,-14.36391
20.911634445,23.59604,-227.3747,-32.42562,1.186791,-0.1529423,0.4464523,-49.99686,-16.71907,-3.547028
20.921631813,19.71945,-225.5941,-32.6695,1.237182,-0.1379553,0.4353534,-49.99686,-16.71907,-3.547028
20.931629181,14.91986,-227.0186,-31.02329,1.30563,-0.1238851,0.4443233,-49.99686,-16.71907,-3.547028
20.941626549,10.67406,-228.5024,-30.35261,1.399734,-0.1260836,0.4786174,-49.99686,-16.71907,-3.547028
20.95162344,10.67406,-227.3747,-31.02329,1.485631,-0.1338607,0.4521479,-49.99686,-16.71907,-3.547028
20.961620808,12.76619,-225.5941,-32.30368,1.531285,-0.1263397,0.4319662,-51.91012,-17.02196,7.277149
20.971618175,13.38153,-224.9413,-31.93785,1.574332,-0.08319478,0.4337943,-51.91012,-17.02196,7.277149
20.981615543,10.79713,-224.2884,-31.99882,1.620974,-0.075242,0.4585969,-51.91012,-17.02196,7.277149
20.991612911,9.75106599999998,-220.3118,-33.82795,1.630356,-0.08186859,0.4576251,-51.91012,-17.02196,7.277149
21.001610279,11.22786,-214.5546,-36.0229,1.61735,-0.09069362,0.4241498,-51.91012,-17.02196,7.277149
21.011607647,15.41212,-207.6104,-37.18134,1.583271,-0.0930923,0.3950167,-52.63764,-20.35653,18.44839
21.021605015,18.30419,-201.4377,-36.08387,1.557314,-0.06078483,0.3706462,-52.63764,-20.35653,18.44839
21.031602383,18.61185,-194.4342,-35.29124,1.498195,-0.02646154,0.3726547,-52.63764,-20.35653,18.44839
21.041599751,17.93499,-186.1842,-35.10833,1.419425,-0.01029238,0.3450305,-52.63764,-20.35653,18.44839
21.051596642,16.02746,-177.7561,-34.01086,1.359275,0.0004352983,0.319768,-52.63764,-20.35653,18.44839
21.061594009,13.93533,-170.6339,-31.633,1.307435,-0.01651628,0.2787052,-50.00144,-22.91816,28.0926
21.071591377,12.2124,-164.2238,-29.07223,1.279655,-0.04317094,0.2404744,-50.00144,-22.91816,28.0926
21.081588745,11.474,-155.9145,-27.18213,1.259191,-0.07014945,0.2041453,-50.00144,-22.91816,28.0926
21.091586113,12.15086,-147.9019,-25.23107,1.237175,-0.09231678,0.1659033,-50.00144,-22.91816,28.0926
21.101583481,14.61219,-139.5926,-22.97515,1.214881,-0.07281608,0.1678514,-50.00144,-22.91816,28.0926
21.111580849,15.59672,-131.4019,-20.23147,1.210933,-0.04345247,0.1989582,-46.6496,-23.52206,36.18388
21.121578217,14.67372,-120.7779,-19.98759,1.199999,-0.005541344,0.2233749,-46.6496,-23.52206,36.18388
21.131575584,11.96626,-110.4506,-18.40234,1.211591,8.56712e-05,0.2290961,-46.6496,-23.52206,36.18388
21.141572475,8.45886800000002,-99.9451899999999,-17.18293,1.215879,-0.02077775,0.2233511,-46.6496,-23.52206,36.18388
21.151569843,5.99753899999999,-88.78695,-16.14643,1.215519,-0.0540131,0.2032601,-46.6496,-23.52206,36.18388
21.161567211,5.81293900000002,-78.16287,-15.23186,1.240875,-0.08139942,0.1826442,-43.25848,-25.35822,40.99207
21.171564579,7.53587,-67.3013900000002,-13.58565,1.253595,-0.08407694,0.181187,-43.25848,-25.35822,40.99207
21.181561947,9.25880099999997,-55.31221,-12.06138,1.260195,-0.07230588,0.1787796,-43.25848,-25.35822,40.99207
21.191559315,9.19726699999998,-43.56044,-10.17129,1.245331,-0.05960632,0.1649235,-43.25848,-25.35822,40.99207
21.201556683,7.65893599999998,-33.47054,-7.976343,1.224867,-0.0601817,0.1462949,-43.25848,-25.35822,40.99207
21.21155405,5.382206,-24.03351,-6.20819099999998,1.224082,-0.09688407,0.119984,-41.3753,-26.45798,44.23708
21.221551418,4.766874,-14.29972,-4.440039,1.234136,-0.1395843,0.1051416,-41.3753,-26.45798,44.23708
21.231548309,7.04360400000002,-3.913059,-3.098683,1.251252,-0.1689543,0.09794069,-41.3753,-26.45798,44.23708
21.241545677,10.85866,6.29554899999997,-1.635384,1.263564,-0.1760836,0.08882812,-41.3753,-26.45798,44.23708
21.251543045,15.16599,16.08869,-0.964705900000002,1.275217,-0.1739447,0.08497864,-41.3753,-26.45798,44.23708
21.261540413,18.79645,25.40701,-0.1720861,1.287688,-0.1635681,0.07681844,-39.5165,-26.04994,45.86146
21.271537781,21.13471,34.30987,0.31568,1.292685,-0.1446711,0.0600547,-39.5165,-26.04994,45.86146
21.281535149,21.68851,42.02568,1.169271,1.298667,-0.1261925,0.04855368,-39.5165,-26.04994,45.86146
21.291532517,20.58092,48.73249,2.449656,1.296689,-0.1248614,0.03898526,-39.5165,-26.04994,45.86146
21.301529884,19.35025,55.14255,3.851984,1.295326,-0.1046367,0.02175369,-39.5165,-26.04994,45.86146
21.311527252,16.15052,60.4842600000003,5.437224,1.299593,-0.09895359,-0.00361974,-39.88338,-26.43311,45.8607
21.321524143,12.82773,65.23244,7.44925899999998,1.306436,-0.1004078,-0.01798858,-39.88338,-26.43311,45.8607
21.331521511,8.82806800000001,69.3871200000001,9.27838200000003,1.307265,-0.1190151,-0.03521397,-39.88338,-26.43311,45.8607
21.341518879,5.013007,73.7791900000003,10.4978,1.293871,-0.158856,-0.05863059,-39.88338,-26.43311,45.8607
21.351516247,4.090009,76.3313400000001,11.35139,1.268089,-0.1877605,-0.08154985,-39.88338,-26.43311,45.8607
21.361513615,4.643808,79.7144200000001,12.02207,1.267772,-0.1963558,-0.06431834,-40.65726,-24.93093,44.23452
21.371510983,4.705341,83.5723299999999,12.93663,1.281058,-0.176274,-0.02271056,-40.65726,-24.93093,44.23452
21.38150835,3.720809,88.37987,13.72925,1.284923,-0.146913,0.04427579,-40.65726,-24.93093,44.23452
21.391505718,2.859344,94.1964000000002,14.88769,1.284655,-0.131376,0.09643705,-40.65726,-24.93093,44.23452
21.401503086,1.628679,100.7845,17.02167,1.275678,-0.1195969,0.1285143,-40.65726,-24.93093,44.23452
21.411499977,-1.201849,108.1442,19.4605,1.273976,-0.1063434,0.1466997,-42.15983,-24.2049,41.44583
21.421497345,-4.893843,115.2665,22.75292,1.249497,-0.09988786,0.1615766,-42.15983,-24.2049,41.44583
21.431494713,-7.60130500000002,122.1514,26.35019,1.197747,-0.09453604,0.1678869,-42.15983,-24.2049,41.44583
21.441492081,-9.878035,129.2143,29.64261,1.153154,-0.1077893,0.1435607,-42.15983,-24.2049,41.44583
21.451489449,-11.60097,134.9715,33.05698,1.131022,-0.1491816,0.1287741,-43.28856,-23.16998,37.36823
21.461486817,-10.67797,139.6603,35.98357,1.154323,-0.1699053,0.1502747,-43.28856,-23.16998,37.36823
21.471484184,-8.21663800000001,145.4769,37.62978,1.199548,-0.1901257,0.1793942,-43.28856,-23.16998,37.36823
21.481481552,-3.047846,151.7089,39.276,1.243009,-0.1943404,0.2089912,-43.28856,-23.16998,37.36823
21.49147892,2.490145,158.0596,40.55638,1.245239,-0.1565674,0.2429565,-43.28856,-23.16998,37.36823
21.501475811,3.966942,164.3509,41.349,1.24249,-0.1394295,0.2630571,-45.52901,-22.10681,30.12142
21.511473179,1.567146,169.5739,41.59288,1.248065,-0.1502767,0.286979,-45.52901,-22.10681,30.12142
21.521470547,0.951813900000003,175.153,41.89774,1.275793,-0.1726812,0.3276154,-45.52901,-22.10681,30.12142
21.531467915,0.767214200000001,181.207,41.77579,1.303433,-0.1909114,0.3467149,-45.52901,-22.10681,30.12142
21.541465283,3.043944,185.5991,42.14162,1.321312,-0.1819419,0.3854461,-45.52901,-22.10681,30.12142
21.55146265,5.320673,190.2285,40.80027,1.307825,-0.1641452,0.394558,-47.04436,-19.53021,21.25956
21.561460495,5.689873,193.849,39.09308,1.309907,-0.1715116,0.3816347,-47.04436,-19.53021,21.25956
21.571457863,3.843876,195.0361,38.17852,1.290603,-0.1816688,0.3754495,-47.04436,-19.53021,21.25956
21.581455231,2.613211,196.4012,36.71523,1.262644,-0.1969521,0.4118739,-47.04436,-19.53021,21.25956
21.591452599,3.474676,198.5972,35.00804,1.229657,-0.2041438,0.4406478,-47.04436,-19.53021,21.25956
21.601449967,6.05907200000001,201.3274,33.4228,1.208525,-0.220593,0.4411675,-48.51702,-18.86192,11.63384
21.611447334,10.48946,203.3454,32.20339,1.167743,-0.2287404,0.4354978,-48.51702,-18.86192,11.63384
21.621444225,13.68919,204.2357,32.08144,1.143691,-0.2195451,0.430273,-48.51702,-18.86192,11.63384
21.631441593,14.91986,204.8886,32.56921,1.128593,-0.1676985,0.4465576,-48.51702,-18.86192,11.63384
21.641438961,10.12027,204.5918,31.83756,1.088053,-0.1619234,0.4748628,-48.51702,-18.86192,11.63384
21.651436329,5.25914,202.9299,31.71562,1.046996,-0.1804381,0.5050893,-48.91879,-15.52598,1.615255
21.661433697,2.613211,201.8616,31.10591,1.034505,-0.2155279,0.5209131,-48.91879,-15.52598,1.615255
21.671431065,5.25914,201.9803,29.8865,0.9999467,-0.2177079,0.5166668,-48.91879,-15.52598,1.615255
21.681428432,8.15120200000001,201.6835,28.72805,0.9551343,-0.218545,0.5220094,-48.91879,-15.52598,1.615255
21.6914258,10.48946,200.8526,28.30126,0.9071575,-0.2069506,0.51204,-48.91879,-15.52598,1.615255
21.701423168,11.22786,199.1314,26.77699,0.8394829,-0.2110989,0.4705229,-45.88132,-15.21465,-9.200581
21.711420059,11.04326,195.2735,25.98437,0.7743977,-0.2483708,0.4677745,-45.88132,-15.21465,-9.200581
21.721417427,15.41212,193.2555,26.28922,0.7396856,-0.2414736,0.4998979,-45.88132,-15.21465,-9.200581
21.731414795,19.78098,193.3742,26.35019,0.7046363,-0.2165901,0.5334529,-45.88132,-15.21465,-9.200581
21.741412163,21.50391,194.0864,25.98437,0.6399294,-0.1695278,0.5589181,-45.88132,-15.21465,-9.200581
21.751409531,19.04258,194.3239,25.98437,0.5918087,-0.1500997,0.555647,-42.90174,-12.60049,-17.57757
21.761406898,15.35059,195.5109,25.19175,0.5587326,-0.1795465,0.542312,-42.90174,-12.60049,-17.57757
21.771404266,13.07386,197.0541,25.25272,0.5017501,-0.1819293,0.5113046,-42.90174,-12.60049,-17.57757
21.781401634,13.68919,198.4192,25.06981,0.4413654,-0.1841425,0.5061461,-42.90174,-12.60049,-17.57757
21.791399002,14.36606,198.1818,25.06981,0.3840733,-0.1435756,0.4961854,-42.90174,-12.60049,-17.57757
21.801395893,11.72013,194.6206,24.8869,0.353055,-0.1267603,0.4890565,-38.76201,-11.87313,-25.16208
21.811393261,8.76653499999999,189.2789,23.91136,0.3087536,-0.1291548,0.4824343,-38.76201,-11.87313,-25.16208
21.821390629,9.62799900000003,183.5217,21.47253,0.2682301,-0.1259416,0.4432609,-38.76201,-11.87313,-25.16208
21.831387997,8.82806800000001,177.3491,18.54594,0.2158504,-0.1655414,0.4242194,-38.76201,-11.87313,-25.16208
21.841385364,11.78166,169.1584,16.47293,0.162598,-0.1584114,0.415696,-38.76201,-11.87313,-25.16208
21.851382732,11.41246,159.2466,14.15604,0.1583418,-0.191715,0.396569,-32.06242,-11.49001,-30.72604
21.8613801,13.13539,147.6135,13.91216,0.1348242,-0.1848773,0.3980439,-32.06242,-11.49001,-30.72604
21.871377468,15.28906,136.6333,13.05857,0.090225,-0.1198502,0.3784833,-32.06242,-11.49001,-30.72604
21.881374836,10.9202,124.9409,12.32692,0.01085734,-0.09635019,0.409723,-32.06242,-11.49001,-30.72604
21.891371727,4.459208,110.2215,13.24148,-0.06947564,-0.04771868,0.4280364,-32.06242,-11.49001,-30.72604
21.901369095,-5.509175,96.2143900000002,13.91216,-0.09415757,-0.05629625,0.4467461,-26.79487,-11.4915,-35.52464
21.911366463,-10.9241,83.8690899999999,14.33895,-0.1169075,-0.09099411,0.4214302,-26.79487,-11.4915,-35.52464
21.921363831,-9.508835,76.3906900000002,12.38789,-0.1286929,-0.1393098,0.3712127,-26.79487,-11.4915,-35.52464
21.931361198,-4.64771,70.5148099999999,9.52226500000001,-0.1734585,-0.1433116,0.3492773,-26.79487,-11.4915,-35.52464
21.941358566,-2.494047,63.3925200000002,8.05896700000001,-0.1936319,-0.1074138,0.3330317,-26.79487,-11.4915,-35.52464
21.951355934,-4.278511,55.55801,7.38828800000001,-0.1986947,-0.09731338,0.3325593,-23.03084,-11.86062,-37.49432
21.961353302,-4.524643,47.6048,6.16887299999999,-0.2007711,-0.1162009,0.3440536,-23.03084,-11.86062,-37.49432
21.971351147,-3.232446,38.16777,4.949458,-0.1980978,-0.1279939,0.3770737,-23.03084,-11.86062,-37.49432
21.981348515,-1.755648,25.94118,3.851984,-0.214792,-0.1208986,0.3919368,-23.03084,-11.86062,-37.49432
21.991345882,-0.1557842,13.8333,2.571598,-0.2395756,-0.09853149,0.3938886,-20.11527,-10.7046,-38.31712
22.00134325,-0.832649800000001,1.369302,1.047329,-0.2647168,-0.1085628,0.4140352,-20.11527,-10.7046,-38.31712
22.011340618,-0.4019172,-10.79793,-1.391501,-0.2448312,-0.1295557,0.4135273,-20.11527,-10.7046,-38.31712
22.021337509,1.874812,-22.01553,-3.891303,-0.2122342,-0.1783418,0.4283189,-20.11527,-10.7046,-38.31712
22.031334877,10.1818,-32.16478,-6.81789900000001,-0.1937623,-0.1760857,0.4225433,-20.11527,-10.7046,-38.31712
22.041332245,16.76585,-40.59282,-9.25672899999999,-0.1697492,-0.1570051,0.4378109,-19.35624,-11.0826,-38.69653
22.051329613,20.15018,-48.30863,-10.90294,-0.15747,-0.08359935,0.4674423,-19.35624,-11.0826,-38.69653
22.061326981,16.76585,-57.27084,-11.51265,-0.1393092,-0.03767075,0.5085564,-19.35624,-11.0826,-38.69653
22.071324348,12.33546,-65.4614600000002,-12.18333,-0.1270165,-0.01744287,0.5152298,-19.35624,-11.0826,-38.69653
22.081321716,5.93600600000003,-74.0082099999998,-12.854,-0.09328052,-0.04851951,0.5510721,-19.35624,-11.0826,-38.69653
22.091319084,2.859344,-84.27617,-13.40274,-0.04308684,-0.07403968,0.5744415,-20.4701,-11.8414,-37.47531
22.101316452,3.597743,-94.2473700000001,-15.23186,-0.0132467,-0.1059336,0.5825334,-20.4701,-11.8414,-37.47531
22.111313343,5.751406,-105.2276,-17.06099,0.01601986,-0.1328304,0.6068968,-20.4701,-11.8414,-37.47531
22.121310711,9.19726699999998,-116.7419,-19.01205,0.06955606,-0.1549882,0.6187735,-20.4701,-11.8414,-37.47531
22.131308079,14.42759,-125.4667,-20.96312,0.1555226,-0.1659769,0.6128836,-20.4701,-11.8414,-37.47531
22.141305447,21.56545,-130.2742,-22.6703,0.2120567,-0.1406023,0.6084713,-23.40816,-12.22363,-35.10855
22.151302815,26.18044,-132.0548,-23.7068,0.2294794,-0.08248369,0.6026831,-23.40816,-12.22363,-35.10855
22.161300182,23.16531,-133.598,-23.95068,0.2546684,-0.0740443,0.6208228,-23.40816,-12.22363,-35.10855
22.17129755,19.47332,-136.0314,-23.88971,0.2850432,-0.08265513,0.623165,-23.40816,-12.22363,-35.10855
22.181294918,16.70432,-139.4739,-23.95068,0.3248448,-0.1260017,0.6326783,-23.40816,-12.22363,-35.10855
22.191292286,18.42725,-144.044,-23.09709,0.3638651,-0.1018267,0.6412184,-28.28605,-12.61331,-31.91766
22.201289177,14.98139,-150.276,-22.85321,0.4610994,-0.1152101,0.6678526,-28.28605,-12.61331,-31.91766
22.211286545,12.39699,-159.3569,-21.32894,0.4679115,-0.1145369,0.6735835,-28.28605,-12.61331,-31.91766
22.221283913,10.05873,-169.2094,-20.65826,0.529564,-0.1277962,0.6844867,-28.28605,-12.61331,-31.91766
22.231281281,7.41280299999999,-178.1716,-20.71923,0.5859796,-0.1481639,0.6733863,-28.28605,-12.61331,-31.91766
22.241278648,6.12060500000003,-184.9971,-21.14603,0.6332669,-0.1747748,0.6900609,-32.78839,-13.36691,-27.10945
22.251276016,6.85900399999999,-189.3298,-21.75574,0.6361879,-0.1491245,0.6723419,-32.78839,-13.36691,-27.10945
22.261273384,8.76653499999999,-187.1932,-22.79224,0.6488676,-0.1243059,0.6488632,-32.78839,-13.36691,-27.10945
22.271270752,5.81293900000002,-182.5637,-22.36544,0.6806588,-0.1047919,0.6416241,-32.78839,-13.36691,-27.10945
22.28126812,-0.1557842,-179.418,-20.41438,0.7276885,-0.06581012,0.6578037,-32.78839,-13.36691,-27.10945
22.291265011,-8.77043599999998,-179.1212,-18.40234,0.7690163,-0.08608553,0.6893229,-38.34186,-14.87938,-21.14405
22.301262379,-14.98529,-178.9432,-17.79264,0.8284089,-0.1349685,0.6887534,-38.34186,-14.87938,-21.14405
22.311259747,-15.78522,-180.6051,-18.40234,0.8797595,-0.1981343,0.6317295,-38.34186,-14.87938,-21.14405
22.321258068,-11.97016,-184.2849,-18.52429,0.9048534,-0.2113721,0.6178105,-38.34186,-14.87938,-21.14405
22.331254959,-8.70890300000002,-187.0151,-18.2804,0.915077,-0.1841582,0.648893,-38.34186,-14.87938,-21.14405
22.341252327,-8.27817099999997,-187.9648,-17.73167,0.9063857,-0.1360462,0.6680389,-43.98056,-15.61799,-13.57067
22.351249695,-10.80103,-186.2435,-17.42681,0.9168369,-0.121765,0.6661027,-43.98056,-15.61799,-13.57067
22.361247063,-15.35449,-184.2849,-17.97555,0.9361827,-0.1405582,0.6416664,-43.98056,-15.61799,-13.57067
22.371244431,-18.30809,-183.9881,-18.46332,0.9910963,-0.1591434,0.6162109,-43.98056,-15.61799,-13.57067
22.381241798,-17.69275,-183.1572,-19.49982,1.0578,-0.1564686,0.6050867,-43.98056,-15.61799,-13.57067
22.391239166,-17.13896,-181.9702,-19.98759,1.096697,-0.1517599,0.6107606,-47.38234,-15.95229,-5.144126
22.401236534,-17.20049,-180.427,-20.71923,1.155954,-0.1676849,0.6010899,-47.38234,-15.95229,-5.144126
22.411233902,-14.24689,-177.7561,-21.57282,1.177262,-0.1611177,0.5823866,-47.38234,-15.95229,-5.144126
22.421230793,-10.86257,-174.3731,-21.57282,1.155676,-0.1532262,0.5886437,-47.38234,-15.95229,-5.144126
22.431228161,-8.40123700000001,-170.9306,-21.63379,1.119401,-0.1418382,0.5839183,-47.38234,-15.95229,-5.144126
22.441225529,-7.84743800000001,-166.3605,-21.02409,1.112214,-0.1490377,0.5561752,-50.4049,-16.65759,4.061228
22.451222897,-7.78590499999999,-162.3245,-20.53632,1.137141,-0.1536021,0.534597,-50.4049,-16.65759,4.061228
22.461220265,-7.724371,-160.3659,-20.23147,1.170412,-0.1614382,0.5091765,-50.4049,-16.65759,4.061228
22.471217632,-5.570708,-158.4073,-19.68273,1.207538,-0.1410268,0.4823062,-50.4049,-16.65759,4.061228
22.481215,-5.201509,-156.6861,-19.49982,1.226865,-0.133212,0.4449416,-50.4049,-16.65759,4.061228
22.491212368,-6.24757399999999,-155.5583,-20.10953,1.263122,-0.1443995,0.4185596,-51.13065,-19.26524,11.2294
22.501209736,-7.17057299999998,-154.8461,-21.08506,1.33122,-0.1640285,0.4098316,-51.13065,-19.26524,11.2294
22.511206627,-5.632242,-153.1843,-21.45088,1.405333,-0.1408066,0.397732,-51.13065,-19.26524,11.2294
22.521203995,-4.893843,-150.2166,-22.18253,1.433637,-0.1168652,0.403898,-51.13065,-19.26524,11.2294
22.531201363,-3.293979,-147.4271,-23.09709,1.436791,-0.1031921,0.4043676,-51.13065,-19.26524,11.2294
22.541198731,-3.601645,-143.9253,-24.31651,1.438153,-0.09855578,0.3770851,-50.76563,-20.3392,18.8493
22.551196098,-3.293979,-140.7203,-25.10913,1.412624,-0.0898721,0.3192197,-50.76563,-20.3392,18.8493
22.561193466,-4.340044,-138.1681,-25.65787,1.388897,-0.09904929,0.2704487,-50.76563,-20.3392,18.8493
22.571190834,-5.078443,-136.6843,-26.38951,1.345199,-0.1085728,0.2269769,-50.76563,-20.3392,18.8493
22.581188202,-5.386109,-136.3875,-27.18213,1.319162,-0.1246646,0.171033,-50.01289,-21.80052,25.313
22.59118557,-4.893843,-136.625,-27.60893,1.318836,-0.1342899,0.1289214,-50.01289,-21.80052,25.313
22.601182461,-3.540112,-136.5656,-27.73087,1.337464,-0.1145939,0.1169195,-50.01289,-21.80052,25.313
22.611180782,-2.986313,-135.9127,-27.36505,1.349973,-0.07970015,0.1326817,-50.01289,-21.80052,25.313
22.62117815,-3.478579,-133.2419,-27.12116,1.343498,-0.07195652,0.1432196,-50.01289,-21.80052,25.313
22.631175041,-3.724712,-129.1465,-26.81631,1.315061,-0.0628741,0.1351311,-48.16094,-22.10961,32.10147
22.641172409,-3.663178,-123.8642,-25.84078,1.291746,-0.06741526,0.1141155,-48.16094,-22.10961,32.10147
22.651169777,-3.663178,-118.2851,-23.82874,1.255642,-0.06533135,0.1012564,-48.16094,-22.10961,32.10147
22.661167145,-4.401577,-112.4685,-21.14603,1.2168,-0.07292826,0.09845459,-48.16094,-22.10961,32.10147
22.671164513,-4.955376,-106.7114,-19.25594,1.181803,-0.1038753,0.08464487,-48.16094,-22.10961,32.10147
22.68116188,-3.170913,-100.1233,-18.2804,1.15641,-0.1273653,0.0684236,-45.15572,-23.50101,37.35601
22.691159248,0.2134152,-93.5351400000001,-17.12196,1.141094,-0.143105,0.02777538,-45.15572,-23.50101,37.35601
22.701156616,3.474676,-88.4901899999999,-15.71963,1.125223,-0.1547926,0.006270135,-45.15572,-23.50101,37.35601
22.711153984,6.79747099999997,-83.80135,-13.89051,1.142957,-0.1387956,0.01676377,-45.15572,-23.50101,37.35601
22.721150875,9.25880099999997,-77.1538799999999,-12.854,1.203014,-0.1190467,0.02718266,-45.15572,-23.50101,37.35601
22.731148243,9.87413200000002,-69.2006699999997,-11.87847,1.231162,-0.1125014,0.04436065,-43.25063,-25.73857,40.99409
22.741145611,9.87413200000002,-61.6035600000001,-10.47614,1.233246,-0.09339011,0.05727365,-43.25063,-25.73857,40.99409
22.751142979,7.78200200000001,-54.00646,-8.76896300000003,1.24043,-0.08626076,0.07735948,-43.25063,-25.73857,40.99409
22.761140346,4.643808,-45.69712,-6.39110400000002,1.242846,-0.08451395,0.1036765,-43.25063,-25.73857,40.99409
22.771137714,2.244012,-37.03168,-4.074214,1.231805,-0.09278695,0.126191,-43.25063,-25.73857,40.99409
22.781135082,0.8287475,-27.5353,-1.940238,1.217429,-0.1056967,0.1271765,-41.0118,-26.06827,45.01183
22.79113245,0.3980148,-17.92022,0.0717969800000001,1.205287,-0.1079198,0.1228911,-41.0118,-26.06827,45.01183
22.801129818,-0.4634504,-9.25477200000002,1.96189,1.198501,-0.1100634,0.1157248,-41.0118,-26.06827,45.01183
22.811126709,-1.509515,-0.2332119,3.973926,1.207306,-0.1118376,0.1152313,-41.0118,-26.06827,45.01183
22.821124077,-3.724712,8.96640499999999,5.376253,1.214988,-0.13157,0.1195302,-41.0118,-26.06827,45.01183
22.831121445,-3.786245,18.58149,6.29081499999999,1.228502,-0.1508284,0.1099401,-39.86935,-27.19055,46.25176
22.841118813,-1.447982,27.89981,7.38828800000001,1.21066,-0.1609348,0.1061452,-39.86935,-27.19055,46.25176
22.85111618,2.244012,36.68396,8.91255800000001,1.188172,-0.1577591,0.07699043,-39.86935,-27.19055,46.25176
22.861113548,4.397675,44.16236,10.92459,1.175524,-0.1333532,0.06312748,-39.86935,-27.19055,46.25176
22.871111393,1.997879,50.98788,13.48536,1.189023,-0.1243561,0.1143093,-39.86935,-27.19055,46.25176
22.881108761,-1.817181,59.5346200000002,15.98516,1.217943,-0.1320229,0.1697756,-38.76084,-26.4214,46.25605
22.891106129,-3.909311,70.15869,18.05817,1.233303,-0.1444188,0.2156954,-38.76084,-26.4214,46.25605
22.901103497,-2.92478,82.0885200000002,20.67991,1.228089,-0.1251841,0.2578142,-38.76084,-26.4214,46.25605
22.911100864,-2.186381,93.6622300000001,23.24068,1.2214,-0.1056066,0.2874925,-38.76084,-26.4214,46.25605
22.921098232,-2.986313,105.4734,25.67952,1.21424,-0.08710244,0.3071219,-38.76084,-26.4214,46.25605
22.9310956,-5.386109,117.5812,27.75252,1.200227,-0.093872,0.288005,-40.26679,-25.68883,44.24136
22.941092491,-7.90897099999997,128.324,29.39873,1.17109,-0.1265251,0.2344637,-40.26679,-25.68883,44.24136
22.951089859,-8.27817099999997,137.8204,31.28883,1.137656,-0.1635182,0.1938525,-40.26679,-25.68883,44.24136
22.961087227,-6.49370699999998,145.6549,32.87407,1.109611,-0.1753411,0.1838544,-40.26679,-25.68883,44.24136
22.971084595,-2.124848,153.6675,33.91057,1.094395,-0.1699946,0.1637793,-40.26679,-25.68883,44.24136
22.981081963,1.936346,160.3743,34.4593,1.092988,-0.1465437,0.1805259,-42.50643,-24.99239,38.60909
22.99107933,4.459208,166.8437,34.70319,1.09959,-0.134698,0.1862542,-42.50643,-24.99239,38.60909
23.001076698,5.99753899999999,171.5919,34.27639,1.102675,-0.1434411,0.1800296,-42.50643,-24.99239,38.60909
23.011074066,7.22820399999999,175.6279,33.54474,1.098834,-0.1463887,0.1848228,-42.50643,-24.99239,38.60909
23.021071434,8.21273500000003,179.5451,33.72766,1.095403,-0.1448276,0.2034929,-42.50643,-24.99239,38.60909
23.031068325,8.64346799999999,183.8778,33.66669,1.099174,-0.1114503,0.2317137,-45.50739,-23.24406,30.57901
23.041065693,6.92053700000001,188.2699,33.17892,1.096752,-0.08544496,0.2642544,-45.50739,-23.24406,30.57901
23.051063061,2.982411,192.8994,31.77659,1.071352,-0.08196713,0.2743479,-45.50739,-23.24406,30.57901
23.061060429,-1.017249,196.5199,29.94747,1.05631,-0.1114822,0.2676817,-45.50739,-23.24406,30.57901
23.071057796,-3.170913,200.2591,28.17932,1.028412,-0.1310597,0.2595995,-45.50739,-23.24406,30.57901
23.081055164,-4.032378,204.117,27.50864,1.010286,-0.1517791,0.2649008,-48.52172,-20.67871,21.70602
23.091052532,-2.124848,208.331,27.75252,1.022544,-0.1552008,0.2892877,-48.52172,-20.67871,21.70602
23.1010499,0.4595481,212.4857,27.26476,1.026824,-0.1762836,0.2596139,-48.52172,-20.67871,21.70602
23.111047268,4.643808,214.3256,26.59408,1.018798,-0.1900749,0.25676,-48.52172,-20.67871,21.70602
23.121045113,9.56646600000001,214.1476,24.64301,1.005289,-0.1970879,0.2630069,-50.60133,-8.60965,11.17817
23.13104248,14.36606,213.0199,23.17971,1.014147,-0.2010364,0.2902713,-50.36545,-20.02032,11.23901
23.141039848,19.41178,211.7141,21.47253,1.040194,-0.2118334,0.3285148,-50.36545,-20.02032,11.23901
23.151037216,25.93431,209.5181,20.31409,1.032256,-0.2033696,0.3677696,-50.36545,-20.02032,11.23901
23.161034107,31.90303,206.2537,18.78982,1.004836,-0.1696147,0.3984376,-50.36545,-20.02032,11.23901
23.171031475,34.67202,202.0397,18.18011,0.9700828,-0.1088534,0.4224114,-51.47401,-18.59832,0.4510098
23.181028843,32.21069,197.2321,17.63138,0.9381932,-0.07090102,0.4435145,-51.47401,-18.59832,0.4510098
23.191026211,24.76517,189.9911,18.66788,0.9164709,-0.05493443,0.4827915,-51.47401,-18.59832,0.4510098
23.201023579,16.33512,181.6818,19.39953,0.8878536,-0.03529549,0.5134652,-51.47401,-18.59832,0.4510098
23.211020947,8.27426799999999,173.4912,19.76535,0.8772683,-0.04220253,0.5249712,-51.47401,-18.59832,0.4510098
23.221018314,1.07488,163.5793,20.19215,0.8538151,-0.06439289,0.5403323,-50.32856,-17.90054,-7.994246
23.231015682,-4.524643,152.3617,19.88729,0.8083557,-0.08200511,0.5724806,-50.32856,-17.90054,-7.994246
23.24101305,-6.12450699999998,140.7287,19.58244,0.7517835,-0.07983965,0.5596572,-50.32856,-17.90054,-7.994246
23.251009941,-9.57036899999999,129.6891,18.05817,0.7031212,-0.1087839,0.581764,-50.32856,-17.90054,-7.994246
23.261007309,-10.43183,119.1244,17.26555,0.660107,-0.1275917,0.5842366,-50.32856,-17.90054,-7.994246
23.271004677,-8.83197000000002,109.5093,15.80225,0.6232272,-0.1354997,0.5962674,-47.71476,-16.03683,-14.82195
23.281002045,-6.24757399999999,101.378,13.85119,0.5833803,-0.1417683,0.5815026,-47.71476,-16.03683,-14.82195
23.290999413,-2.001781,93.5435299999999,11.47333,0.52433,-0.1635419,0.5600752,-47.71476,-16.03683,-14.82195
23.30099678,3.474676,85.8277200000001,10.071,0.4904166,-0.1490083,0.5223231,-47.71476,-16.03683,-14.82195
23.310994148,7.16667,79.2396099999998,8.30284999999999,0.464326,-0.1093047,0.5099154,-47.71476,-16.03683,-14.82195
23.320991516,6.48980500000002,71.5831500000001,7.32731800000001,0.4262035,-0.07762265,0.4965735,-45.45329,-15.67991,-19.58032
23.330988884,2.736278,62.6802900000002,7.51023000000002,0.3944523,-0.04768389,0.4913569,-45.45329,-15.67991,-19.58032
23.340986729,-2.494047,53.12457,7.69314200000002,0.3781903,-0.03843987,0.4746327,-45.45329,-15.67991,-19.58032
23.350984097,-8.52430299999999,44.39977,7.754113,0.3603486,-0.04855068,0.4703592,-45.45329,-15.67991,-19.58032
23.360981464,-12.7701,35.91238,7.57120099999999,0.3500277,-0.04390394,0.4694189,-45.45329,-15.67991,-19.58032
23.370978355,-15.78522,27.89981,7.022464,0.326057,-0.06474321,0.4742518,-42.86316,-13.40533,-22.79804
23.380975723,-17.26202,19.94659,5.80304899999998,0.3122388,-0.08160842,0.466623,-42.86316,-13.40533,-22.79804
23.390973091,-16.89282,11.28115,3.912955,0.2962552,-0.08679239,0.465695,-42.86316,-13.40533,-22.79804
23.400970459,-16.64669,2.022178,2.144803,0.2840585,-0.1117287,0.4752942,-42.86316,-13.40533,-22.79804
23.410967827,-14.55456,-7.94901899999999,0.620533899999998,0.2877884,-0.1286366,0.4781636,-42.86316,-13.40533,-22.79804
23.420965195,-10.43183,-17.38605,-1.879267,0.2920761,-0.1494956,0.4728971,-42.10582,-13.78006,-22.79045
23.430962563,-5.386109,-25.57667,-3.952273,0.3183598,-0.1480615,0.4666294,-42.10582,-13.78006,-22.79045
23.440959931,-1.263382,-33.17377,-5.90333699999997,0.33104,-0.1224587,0.4756937,-42.10582,-13.78006,-22.79045
23.450957298,-0.0942510000000003,-41.3644,-7.48857699999998,0.3507357,-0.1067816,0.5000626,-42.10582,-13.78006,-22.79045
23.460954189,-0.2173175,-49.37697,-8.890904,0.3637341,-0.09821557,0.5053021,-42.10582,-13.78006,-22.79045
23.470951557,0.02881546,-56.55861,-9.98837900000002,0.3711479,-0.1039706,0.4976334,-42.12154,-13.01935,-22.7945
23.480948925,0.0903486900000002,-63.2654300000002,-11.26876,0.3802112,-0.1192364,0.5091075,-42.12154,-13.01935,-22.7945
23.490946293,0.644147799999998,-69.85354,-12.18333,0.3950735,-0.1319754,0.5186563,-42.12154,-13.01935,-22.7945
23.500943661,2.551678,-75.6700700000003,-13.70759,0.4157794,-0.144656,0.5219735,-42.12154,-13.01935,-22.7945
23.510941029,3.720809,-79.76539,-15.41478,0.4510029,-0.1779717,0.5223992,-42.12154,-13.01935,-22.7945
23.520938397,7.720469,-82.9704100000001,-16.63419,0.4789263,-0.1855801,0.5333598,-43.98997,-13.77396,-20.41784
23.530935764,11.1048,-86.1160899999998,-17.30487,0.5055621,-0.1503809,0.5519688,-43.98997,-13.77396,-20.41784
23.540933132,10.551,-89.6772299999997,-17.60972,0.5313987,-0.1243734,0.576803,-43.98997,-13.77396,-20.41784
23.550930977,8.08966899999999,-94.7221799999999,-17.85361,0.5563804,-0.1046825,0.6035546,-43.98997,-13.77396,-20.41784
23.560928345,5.013007,-99.6484299999998,-18.2804,0.5781649,-0.09691474,0.608779,-43.98997,-13.77396,-20.41784
23.570925713,1.013347,-105.4056,-18.89011,0.6146613,-0.1198995,0.6202071,-46.25253,-13.7636,-17.20951
23.580923081,-2.432514,-111.697,-19.19496,0.6588587,-0.137921,0.6263561,-46.25253,-13.7636,-17.20951
23.590919972,-4.093911,-118.1664,-19.43885,0.7121519,-0.147629,0.6186086,-46.25253,-13.7636,-17.20951
23.600917339,-5.509175,-124.6951,-19.62176,0.7647386,-0.1713467,0.6213945,-46.25253,-13.7636,-17.20951
23.610914707,-7.29363900000002,-131.1645,-19.68273,0.8096291,-0.1742333,0.6337599,-46.25253,-13.7636,-17.20951
23.620912075,-7.78590499999999,-137.3372,-19.7437,0.8456545,-0.1726243,0.6255609,-48.12183,-14.88168,-12.83131
23.630909443,-8.89350299999999,-141.848,-20.84118,0.8735417,-0.1782853,0.6369995,-48.12183,-14.88168,-12.83131
23.640906811,-8.83197000000002,-146.7149,-21.207,0.8941425,-0.1593511,0.6436589,-48.12183,-14.88168,-12.83131
23.650904179,-9.81650199999998,-151.5224,-21.93865,0.9208581,-0.1550103,0.6354754,-48.12183,-14.88168,-12.83131
23.660901546,-11.41637,-154.6681,-23.46292,0.9631795,-0.1777406,0.6090857,-48.12183,-14.88168,-12.83131
23.670898914,-11.1087,-155.9738,-25.1701,0.9888929,-0.1983956,0.5798531,-49.98614,-16.73977,-5.998039
23.680895805,-8.52430299999999,-157.3389,-25.77981,1.002684,-0.1808442,0.5563743,-49.98614,-16.73977,-5.998039
23.690893173,-6.92443900000002,-158.6447,-25.41398,1.012251,-0.1458209,0.5395985,-49.98614,-16.73977,-5.998039
23.700890541,-8.093571,-159.535,-25.10913,1.019253,-0.1041109,0.5156467,-49.98614,-16.73977,-5.998039
23.710887909,-11.78556,-160.1878,-24.62136,1.028648,-0.08627005,0.4802112,-51.85662,-18.22078,0.4462004
23.720885277,-17.20049,-160.9001,-23.88971,1.046763,-0.09151192,0.4524235,-51.85662,-18.22078,0.4462004
23.730882645,-21.07708,-161.0781,-23.40195,1.060957,-0.09527692,0.435171,-51.85662,-18.22078,0.4462004
23.740880012,-24.52294,-160.6627,-23.64583,1.089889,-0.1312825,0.4207726,-51.85662,-18.22078,0.4462004
23.750877857,-25.50747,-159.3569,-25.04816,1.093592,-0.1731451,0.4049838,-51.85662,-18.22078,0.4462004
23.760875225,-22.55388,-158.1699,-25.90175,1.112673,-0.203514,0.3906011,-52.2332,-19.68072,8.062569
23.770872593,-16.95436,-156.1519,-26.69437,1.13096,-0.2172406,0.3910514,-52.2332,-19.68072,8.062569
23.780869961,-10.0011,-153.0062,-26.99922,1.14158,-0.2123293,0.3738028,-52.2332,-19.68072,8.062569
23.790867329,-4.770776,-149.3264,-27.36505,1.148601,-0.1972229,0.363258,-52.2332,-19.68072,8.062569
23.80086422,-0.4019172,-145.8246,-27.2431,1.153814,-0.1636909,0.3522331,-52.2332,-19.68072,8.062569
23.810861587,1.07488,-142.3228,-26.69437,1.138187,-0.1364895,0.3316745,-52.25049,-20.37769,15.61316
23.820858955,0.5826145,-139.4739,-25.53592,1.127903,-0.1081494,0.3178065,-52.25049,-20.37769,15.61316
23.830856323,-2.247914,-136.625,-24.68233,1.120833,-0.09527827,0.3058511,-52.25049,-20.37769,15.61316
23.840853691,-6.06297400000002,-133.9541,-24.31651,1.1222,-0.1169003,0.2766611,-52.25049,-20.37769,15.61316
23.850851059,-7.724371,-131.2832,-24.31651,1.125084,-0.1413992,0.2484264,-52.25049,-20.37769,15.61316
23.860848427,-6.370641,-128.2563,-24.86525,1.120143,-0.1903497,0.2202117,-50.37691,-21.82404,22.85921
23.870845795,-2.186381,-125.6448,-24.56039,1.128583,-0.1990791,0.2039276,-50.37691,-21.82404,22.85921
23.880843163,2.613211,-122.7958,-24.07262,1.137047,-0.1829591,0.1948158,-50.37691,-21.82404,22.85921
23.890840054,5.751406,-120.1843,-23.46292,1.140304,-0.1489271,0.189537,-50.37691,-21.82404,22.85921
23.900837421,6.305205,-117.098,-23.09709,1.136778,-0.1169553,0.1861849,-50.37691,-21.82404,22.85921
23.910834789,5.136074,-114.3085,-22.42641,1.129625,-0.09974751,0.1703999,-49.2429,-23.5995,29.32738
23.920832157,3.105477,-111.3409,-22.2435,1.116313,-0.09192497,0.151278,-49.2429,-23.5995,29.32738
23.930829525,1.321013,-108.6106,-21.26797,1.103866,-0.104644,0.1158884,-49.2429,-23.5995,29.32738
23.94082737,0.4595481,-106.0585,-21.02409,1.089113,-0.1241416,0.0881617,-49.2429,-23.5995,29.32738
23.950824738,1.505613,-103.6844,-20.71923,1.068415,-0.1383938,0.06235835,-49.2429,-23.5995,29.32738
23.960822105,3.413143,-100.9542,-21.51185,1.059171,-0.1397764,0.03748886,-46.99791,-24.30629,33.73415
23.970819473,5.87447300000001,-98.1052700000002,-21.99962,1.068599,-0.1496116,0.004453207,-46.99791,-24.30629,33.73415
23.980816841,8.95113399999999,-95.6718199999999,-22.12156,1.080672,-0.1441593,-0.009926526,-46.99791,-24.30629,33.73415
23.990814209,11.72013,-93.06032,-22.30447,1.087767,-0.1329171,-0.01807758,-46.99791,-24.30629,33.73415
24.000811577,13.13539,-89.8552900000003,-21.99962,1.089718,-0.1071499,-0.02095907,-46.99791,-24.30629,33.73415
24.010808945,12.95079,-86.5315599999998,-22.2435,1.097851,-0.09926244,-0.02623962,-44.37058,-25.39008,38.21022
24.020805836,12.33546,-82.85171,-21.81671,1.116397,-0.1008661,-0.02914299,-44.37058,-25.39008,38.21022
24.030803204,12.27393,-78.7563999999999,-21.02409,1.13568,-0.08979442,-0.02917946,-44.37058,-25.39008,38.21022
24.040800571,11.41246,-74.0675599999999,-19.7437,1.151787,-0.06514842,-0.02586385,-44.37058,-25.39008,38.21022
24.050797939,9.62799900000003,-68.6665000000002,-17.97555,1.144503,-0.04047422,-0.0220289,-44.37058,-25.39008,38.21022
24.060795307,5.81293900000002,-63.2654300000002,-16.2074,1.12876,-0.0325374,-0.02343923,-42.13346,-25.71651,42.61495
24.070792675,1.321013,-58.6359399999998,-14.25633,1.124982,-0.03893807,-0.02438814,-42.13346,-25.71651,42.61495
24.080790043,-2.186381,-53.47229,-12.18333,1.121333,-0.05207794,-0.01863549,-42.13346,-25.71651,42.61495
24.090787411,-4.032378,-47.24029,-10.53712,1.131013,-0.07482243,-0.02917518,-42.13346,-25.71651,42.61495
24.100784779,-3.786245,-40.83023,-9.01284600000001,1.147463,-0.09440351,-0.02728451,-42.13346,-25.71651,42.61495
24.11078167,-1.632582,-34.24212,-7.79343099999999,1.165409,-0.1159251,-0.0282674,-40.24687,-26.82281,45.08595
24.120779991,1.751746,-27.35724,-6.14722099999998,1.177172,-0.119589,-0.02924412,-40.24687,-26.82281,45.08595
24.130777359,5.197607,-20.17561,-4.50101,1.190181,-0.1114692,-0.01969737,-40.24687,-26.82281,45.08595
24.140774727,7.47433699999998,-12.81591,-2.245092,1.200494,-0.08918312,0.003729143,-40.24687,-26.82281,45.08595
24.150771618,8.08966899999999,-5.040754,-0.05014454,1.201577,-0.06858987,0.02142927,-40.24687,-26.82281,45.08595
24.160768986,7.78200200000001,2.734407,2.510627,1.205233,-0.05522176,0.0405625,-39.11817,-27.18819,45.87032
24.170766354,6.55133799999999,10.33151,5.010429,1.213985,-0.05401117,0.04772557,-39.11817,-27.18819,45.87032
24.180763722,4.582274,18.16602,7.44925899999998,1.218451,-0.05830958,0.04628316,-39.11817,-27.18819,45.87032
24.190761089,3.290077,25.58507,9.76614900000002,1.235313,-0.07400811,0.04673638,-39.11817,-27.18819,45.87032
24.200758457,2.920877,33.59764,11.65624,1.241377,-0.08556845,0.04481449,-39.11817,-27.18819,45.87032
24.210755825,3.043944,41.25409,13.48536,1.243093,-0.09917161,0.04146496,-39.12772,-26.80457,46.25529
24.220753193,4.151542,49.14796,14.76575,1.243957,-0.09334518,0.03906908,-39.12772,-26.80457,46.25529
24.230750561,3.53621,56.74506,15.92419,1.237827,-0.07844157,0.03476874,-39.12772,-26.80457,46.25529
24.240747452,1.44408,63.8079900000002,17.08264,1.226083,-0.07572286,0.03861712,-39.12772,-26.80457,46.25529
24.25074482,-0.586516899999998,70.5741599999999,17.93623,1.233312,-0.07108814,0.05152488,-39.12772,-26.80457,46.25529
24.260742188,-3.355512,77.4590400000001,18.36302,1.239156,-0.09663107,0.06204994,-39.48336,-27.57463,45.48257
24.270739555,-4.278511,84.40326,18.66788,1.248356,-0.1192052,0.07113267,-39.48336,-27.57463,45.48257
24.2807374,-2.494047,91.9410099999999,18.97273,1.25061,-0.135052,0.08692583,-39.48336,-27.57463,45.48257
24.290734768,-0.3403839,99.6568200000003,19.82632,1.246248,-0.1359785,0.1012909,-39.48336,-27.57463,45.48257
24.300732136,2.120945,107.1352,20.61894,1.238754,-0.125799,0.1147015,-41.36824,-26.4716,42.62457
24.310729504,3.659276,114.4356,21.83836,1.23836,-0.1042104,0.1381469,-41.36824,-26.4716,42.62457
24.320726872,3.597743,121.6172,23.05777,1.246485,-0.09579322,0.137652,-41.36824,-26.4716,42.62457
24.330724239,2.490145,128.6208,24.64301,1.249554,-0.1034989,0.1386058,-41.36824,-26.4716,42.62457
24.340721607,1.813279,134.7341,26.41117,1.248839,-0.1169965,0.1520106,-41.36824,-26.4716,42.62457
24.350718975,2.797811,142.0938,28.36223,1.24241,-0.1116729,0.1635063,-43.24635,-25.38164,38.21856
24.360715866,3.16701,148.6819,30.19135,1.244142,-0.09988838,0.1730717,-43.24635,-25.38164,38.21856
24.370713234,2.059412,153.8455,31.71562,1.259331,-0.1037556,0.1955393,-43.24635,-25.38164,38.21856
24.380710602,1.813279,159.0685,33.36183,1.264399,-0.1137023,0.2127618,-43.24635,-25.38164,38.21856
24.39070797,1.813279,164.2915,35.00804,1.258703,-0.1214847,0.2242596,-43.24635,-25.38164,38.21856
24.400705338,1.997879,168.743,36.95911,1.238275,-0.1232496,0.2348243,-45.13116,-23.5484,31.74448
24.410702705,1.628679,172.4822,38.36143,1.226708,-0.1296462,0.2511177,-45.13116,-23.5484,31.74448
24.420700073,1.567146,176.3994,39.58085,1.216442,-0.1279009,0.2516137,-45.13116,-23.5484,31.74448
24.430697441,1.07488,179.6045,40.61735,1.200373,-0.1280561,0.2693491,-45.13116,-23.5484,31.74448
24.440694809,0.3980148,182.9282,40.86124,1.167763,-0.1037682,0.2856713,-45.13116,-23.5484,31.74448
24.450692654,-1.940248,186.0739,40.61735,1.137877,-0.09508189,0.2905069,-47.75372,-21.80435,22.87867
24.460690022,-5.632242,188.0919,40.61735,1.122475,-0.1050392,0.2977149,-47.75372,-21.80435,22.87867
24.470687389,-8.33970399999999,189.0415,40.55638,1.094859,-0.1132459,0.3102081,-47.75372,-21.80435,22.87867
24.480684757,-9.44730199999998,189.8724,39.76376,1.05219,-0.1241577,0.3251212,-47.75372,-21.80435,22.87867
24.490681648,-9.44730199999998,190.1098,38.8492,1.026728,-0.14363,0.3232563,-47.75372,-21.80435,22.87867
24.500679016,-7.724371,189.9911,37.32493,1.012021,-0.1647941,0.3256803,-49.99328,-20.37771,13.63033
24.510676384,-3.478579,189.635,35.12998,0.9736747,-0.1728847,0.3209634,-49.99328,-20.37771,13.63033
24.520673752,-0.0942510000000003,188.3293,32.56921,0.9434336,-0.1973021,0.3200653,-49.99328,-20.37771,13.63033
24.53067112,4.151542,186.608,29.76456,0.9208397,-0.2138153,0.3167589,-49.99328,-20.37771,13.63033
24.540668488,11.474,185.1836,27.3867,0.8999865,-0.2198183,0.2899966,-49.99328,-20.37771,13.63033
24.550665856,17.75039,183.225,24.8869,0.8473637,-0.1941487,0.2881674,-50.37514,-18.17575,4.456342
24.560663223,19.96558,179.3077,22.9968,0.7952406,-0.1688411,0.2987804,-50.37514,-18.17575,4.456342
24.570660591,20.39631,175.0937,21.28962,0.7576859,-0.1407941,0.3117602,-50.37514,-18.17575,4.456342
24.580657482,18.24265,170.6423,19.70438,0.7379819,-0.1295428,0.3093987,-50.37514,-18.17575,4.456342
24.59065485,15.78132,165.2412,18.72885,0.7207021,-0.143473,0.3113468,-50.37514,-18.17575,4.456342
24.600652218,14.67372,158.8311,17.93623,0.7019771,-0.1320531,0.3252552,-49.27347,-15.20237,-4.775084
24.61065054,13.13539,151.7089,17.26555,0.6591952,-0.1108117,0.3492531,-49.27347,-15.20237,-4.775084
24.62064743,11.04326,144.0524,16.59487,0.6230652,-0.1072134,0.3426151,-49.27347,-15.20237,-4.775084
24.630644798,8.64346799999999,136.1585,16.16808,0.5892932,-0.09904598,0.3522434,-49.27347,-15.20237,-4.775084
24.640642166,6.05907200000001,128.5021,15.80225,0.5588543,-0.08704798,0.3484648,-49.27347,-15.20237,-4.775084
24.650639534,3.290077,121.2017,15.37546,0.5420223,-0.09910891,0.3413186,-47.38558,-14.48535,-11.60227
24.660636902,1.07488,113.3672,14.88769,0.5221612,-0.1053063,0.3442263,-47.38558,-14.48535,-11.60227
24.67063427,0.1518819,105.7701,13.79022,0.4851494,-0.1065454,0.3418982,-47.38558,-14.48535,-11.60227
24.680631637,-0.5249836,98.1730100000001,12.50983,0.4483108,-0.1170228,0.3386151,-47.38558,-14.48535,-11.60227
24.690629005,-0.3403839,89.3888600000001,11.35139,0.4195291,-0.1150564,0.3501506,-47.38558,-14.48535,-11.60227
24.700626373,-0.0942510000000003,80.1892499999998,10.01003,0.4005916,-0.1181927,0.3669346,-45.13616,-13.37481,-17.2032
24.710623264,0.767214200000001,70.3961,8.24187900000002,0.3808823,-0.1063371,0.3774945,-45.13616,-13.37481,-17.2032
24.720620632,0.3364816,60.5436099999998,6.16887299999999,0.3541766,-0.1111373,0.3885496,-45.13616,-13.37481,-17.2032
24.730618,-0.03271778,49.97889,4.766546,0.3378193,-0.1220371,0.4010239,-45.13616,-13.37481,-17.2032
24.740615368,0.4595481,39.88899,3.181306,0.3406591,-0.1176338,0.3981464,-45.13616,-13.37481,-17.2032
24.750612736,0.5210813,30.33326,1.413154,0.3387176,-0.1174529,0.4220785,-43.25004,-13.38471,-20.02731
24.76061058,0.0903486900000002,20.59947,-0.1111153,0.3313042,-0.1116847,0.4311829,-43.25004,-13.38471,-20.02731
24.770607948,0.4595481,11.28115,-1.757326,0.3264113,-0.1101481,0.450334,-43.25004,-13.38471,-20.02731
24.780605316,0.8287475,2.378292,-3.586449,0.3180317,-0.10492,0.4556116,-43.25004,-13.38471,-20.02731
24.790602684,0.644147799999998,-5.75298199999998,-4.744893,0.3237963,-0.1003888,0.4603862,-43.25004,-13.38471,-20.02731
24.800600052,0.0903486900000002,-14.35908,-5.720425,0.3362685,-0.1156136,0.4689827,-42.1286,-13.00573,-21.182
24.81059742,-0.1557842,-22.90582,-6.93983999999998,0.3397745,-0.1202458,0.4862065,-42.1286,-13.00573,-21.182
24.820594788,0.8287475,-31.74932,-8.03731400000003,0.3468937,-0.1105399,0.4694415,-42.1286,-13.00573,-21.182
24.830591679,0.644147799999998,-40.41476,-9.25672899999999,0.3601412,-0.1150016,0.4842554,-42.1286,-13.00573,-21.182
24.840589046,-0.6480501,-49.19891,-10.29323,0.3846023,-0.119697,0.5023998,-42.1286,-13.00573,-21.182
24.850586414,-1.694115,-58.2798300000002,-11.26876,0.4205394,-0.1387789,0.5166994,-41.7634,-12.61929,-20.79424
24.860583782,-0.6480501,-67.0046300000001,-12.48818,0.4533862,-0.1492847,0.5190377,-41.7634,-12.61929,-20.79424
24.87058115,1.44408,-75.0172,-13.46371,0.4741151,-0.1371424,0.5266556,-41.7634,-12.61929,-20.79424
24.880578518,1.136414,-83.08912,-14.68313,0.4974653,-0.1345662,0.5452787,-41.7634,-12.61929,-20.79424
24.890575886,-0.2173175,-92.34809,-15.71963,0.5255364,-0.1242489,0.5500129,-43.62398,-13.75426,-18.41555
24.900573254,-1.755648,-100.8948,-17.12196,0.5585659,-0.1444655,0.5528319,-43.62398,-13.75426,-18.41555
24.910571098,-1.632582,-108.4919,-18.82914,0.5957994,-0.1812088,0.5460765,-43.62398,-13.75426,-18.41555
24.920568466,1.013347,-115.3175,-19.98759,0.6233572,-0.1958295,0.5350249,-43.62398,-13.75426,-18.41555
24.930565834,3.905409,-120.7185,-21.02409,0.6510569,-0.1919288,0.5297113,-43.62398,-13.75426,-18.41555
24.940563202,5.99753899999999,-125.1699,-21.45088,0.6768529,-0.16411,0.5401879,-45.49776,-14.49853,-14.81338
24.95056057,5.074541,-129.6214,-21.93865,0.7089,-0.1581797,0.5348662,-45.49776,-14.49853,-14.81338
24.960557461,3.720809,-133.8947,-22.06059,0.7484936,-0.139015,0.5256993,-45.49776,-14.49853,-14.81338
24.970554829,1.197947,-137.9307,-22.2435,0.7782919,-0.1170756,0.5222916,-45.49776,-14.49853,-14.81338
24.980552196,-3.417045,-141.3731,-22.48738,0.8088089,-0.1071564,0.5313288,-45.49776,-14.49853,-14.81338
24.990549564,-7.78590499999999,-144.9343,-22.6703,0.8425955,-0.1156384,0.540365,-48.48291,-16.37159,-8.762459
25.000546932,-10.86257,-147.9613,-23.09709,0.884225,-0.1270478,0.5312024,-48.48291,-16.37159,-8.762459
25.0105443,-12.7701,-150.3947,-23.76777,0.9133729,-0.1484007,0.524457,-48.48291,-16.37159,-8.762459
25.020541668,-13.1393,-152.8875,-24.07262,0.9421944,-0.1522048,0.5244077,-48.48291,-16.37159,-8.762459
25.030539036,-13.57003,-155.3209,-24.19457,0.9744153,-0.1554952,0.5200453,-48.48291,-16.37159,-8.762459
25.040536404,-14.67763,-156.5674,-25.04816,1.012451,-0.1829415,0.5185503,-50.02722,-15.56493,-2.005104
25.050533295,-13.6931,-157.4576,-26.08466,1.048751,-0.1958701,0.5141832,-50.02722,-15.56493,-2.005104
25.060531616,-10.3703,-156.9828,-27.42602,1.081593,-0.2065427,0.4983357,-50.02722,-15.56493,-2.005104
25.070528984,-5.93990799999998,-156.2112,-28.34058,1.107272,-0.1987857,0.4939817,-50.02722,-15.56493,-2.005104
25.080525875,-3.232446,-155.6771,-28.46252,1.11297,-0.19092,0.4915769,-50.02722,-15.56493,-2.005104
25.090523243,-1.940248,-155.2022,-28.21864,1.141966,-0.1782688,0.4838659,-51.53419,-16.65623,5.213892
25.100520611,-0.3403839,-154.0745,-27.91378,1.158773,-0.165447,0.4680403,-51.53419,-16.65623,5.213892
25.110517979,0.951813900000003,-152.0566,-27.73087,1.165274,-0.1490641,0.4388316,-51.53419,-16.65623,5.213892
25.120515347,1.07488,-150.3947,-27.06019,1.174976,-0.1214106,0.4129644,-51.53419,-16.65623,5.213892
25.130512714,-0.6480501,-150.2166,-25.71884,1.17833,-0.09280979,0.3981154,-51.53419,-16.65623,5.213892
25.140510082,-4.216978,-150.4541,-24.68233,1.185929,-0.08253383,0.3894852,-51.49503,-20.01841,12.45618
25.15050745,-8.15510499999999,-149.5638,-25.23107,1.203098,-0.1148975,0.3736705,-51.49503,-20.01841,12.45618
25.160504818,-10.06263,-148.1393,-25.53592,1.223689,-0.1483189,0.3411001,-51.49503,-20.01841,12.45618
25.170501709,-8.52430299999999,-146.2994,-25.71884,1.233866,-0.1715483,0.3296025,-51.49503,-20.01841,12.45618
25.180499077,-4.83231,-143.9253,-25.77981,1.22854,-0.173742,0.3138193,-51.49503,-20.01841,12.45618
25.190496445,-0.7711166,-140.7796,-25.59689,1.228539,-0.1745175,0.2822335,-51.50304,-21.09846,19.6863
25.200494766,2.551678,-137.5746,-25.77981,1.212146,-0.1585957,0.2521077,-51.50304,-21.09846,19.6863
25.210491657,5.136074,-134.3696,-25.1701,1.185415,-0.1369942,0.2277413,-51.50304,-21.09846,19.6863
25.220489025,5.93600600000003,-131.3426,-24.62136,1.157664,-0.1130095,0.2005047,-51.50304,-21.09846,19.6863
25.230486393,4.705341,-128.9091,-23.76777,1.136384,-0.09612027,0.1804373,-51.50304,-21.09846,19.6863
25.240483761,2.613211,-126.2976,-22.85321,1.125571,-0.09164995,0.1613119,-49.62162,-22.92515,26.93438
25.250481129,0.3980148,-123.5674,-22.2435,1.112018,-0.09693942,0.1436296,-49.62162,-22.92515,26.93438
25.260478497,-1.263382,-121.0153,-21.207,1.116589,-0.1071767,0.1302241,-49.62162,-22.92515,26.93438
25.270475864,-1.632582,-117.8103,-20.04856,1.117535,-0.1057528,0.1244792,-49.62162,-22.92515,26.93438
25.280473232,-1.694115,-113.4775,-19.19496,1.116855,-0.09559658,0.1206492,-49.62162,-22.92515,26.93438
25.2904706,-2.001781,-109.0261,-18.64623,1.111147,-0.1037432,0.09242522,-47.36926,-24.31564,32.95736
25.300467491,-2.001781,-104.6934,-17.67069,1.102915,-0.1070145,0.07138307,-47.36926,-24.31564,32.95736
25.310464859,-1.694115,-100.0045,-16.45128,1.09555,-0.1043672,0.0579951,-47.36926,-24.31564,32.95736
25.320462227,-1.940248,-95.7311800000003,-14.98798,1.084605,-0.09244367,0.05705395,-47.36926,-24.31564,32.95736
25.330460548,-2.863246,-91.1016899999998,-14.43924,1.074733,-0.0859101,0.04893368,-47.36926,-24.31564,32.95736
25.34045744,-3.909311,-86.6502599999999,-13.70759,1.061599,-0.08713708,0.04943547,-45.13409,-24.63826,37.8136
25.350454807,-3.970845,-82.2581899999997,-12.97595,1.054397,-0.09327297,0.03174229,-45.13409,-24.63826,37.8136
25.360452175,-3.478579,-77.6286999999999,-12.36624,1.057203,-0.113264,0.01834242,-45.13409,-24.63826,37.8136
25.370449543,-1.940248,-73.2959799999998,-11.57362,1.07521,-0.1126065,-0.001789336,-45.13409,-24.63826,37.8136
25.380446911,-1.140316,-68.6071399999999,-11.20779,1.097471,-0.1043872,-0.001351683,-45.13409,-24.63826,37.8136
25.390444279,-0.832649800000001,-63.0873700000003,-10.72003,1.130468,-0.0969014,0.0019389,-42.51098,-25.34877,41.44913
25.400441647,-0.832649800000001,-57.3895400000002,-10.41517,1.152788,-0.0914738,0.0157773,-42.51098,-25.34877,41.44913
25.410439015,-0.6480501,-51.57301,-9.80546599999998,1.158624,-0.09087695,0.0152884,-42.51098,-25.34877,41.44913
25.420436382,-0.0942510000000003,-45.63777,-8.890904,1.1696,-0.07850718,0.01574465,-42.51098,-25.34877,41.44913
25.430433273,-0.5249836,-39.40577,-7.73246000000002,1.184593,-0.07229632,0.02480986,-41.3736,-26.46125,43.85007
25.440430641,-2.247914,-32.87701,-6.513045,1.195515,-0.05697686,0.02909406,-41.3736,-26.46125,43.85007
25.450428009,-4.770776,-26.94178,-5.29363,1.204164,-0.05049751,0.02812016,-41.3736,-26.46125,43.85007
25.460425377,-6.678307,-20.94719,-3.891303,1.207092,-0.0766805,0.0281218,-41.3736,-26.46125,43.85007
25.470423222,-6.80137299999998,-14.24037,-2.732858,1.218425,-0.109619,0.01518897,-41.3736,-26.46125,43.85007
25.48042059,-4.340044,-6.34650599999999,-1.757326,1.230113,-0.135879,-0.01210348,-39.11478,-27.19473,45.09632
25.490417957,-0.2788507,0.4790165,-0.4159691,1.234935,-0.1334593,-0.02359833,-39.11478,-27.19473,45.09632
25.500415325,2.367078,6.77036799999997,1.596066,1.24527,-0.1128017,-0.01883591,-39.11478,-27.19473,45.09632
25.510412693,2.797811,13.65524,3.669072,1.254113,-0.09002805,0.007943071,-39.11478,-27.19473,45.09632
25.520410061,1.690213,21.01493,6.29081499999999,1.26624,-0.06034685,0.03902173,-39.11478,-27.19473,45.09632
25.530407429,-0.709583300000001,28.73074,9.40032399999997,1.261545,-0.04315092,0.06965437,-39.10861,-27.57182,45.48534
25.540404797,-4.216978,36.56526,12.32692,1.266924,-0.04395073,0.07682383,-39.10861,-27.57182,45.48534
25.550401688,-6.55523999999999,44.51847,14.76575,1.268255,-0.06283668,0.08113355,-39.10861,-27.57182,45.48534
25.560399056,-7.47823899999999,52.76846,16.59487,1.266628,-0.07980659,0.08879798,-39.10861,-27.57182,45.48534
25.570396423,-6.61677399999998,61.5525999999999,18.36302,1.261506,-0.09258614,0.08402444,-39.10861,-27.57182,45.48534
25.580393791,-5.263042,70.0993399999999,20.31409,1.247885,-0.09382274,0.08452708,-40.23534,-27.21025,44.24947
25.590391159,-5.139976,77.1029200000002,22.14321,1.23356,-0.0833668,0.0898137,-40.23534,-27.21025,44.24947
25.600389004,-4.278511,84.0471499999999,24.03331,1.236356,-0.07647767,0.09315708,-40.23534,-27.21025,44.24947
25.610386372,-3.847778,91.1100800000003,25.98437,1.239129,-0.06876187,0.08070728,-40.23534,-27.21025,44.24947
25.620383739,-5.263042,97.6981999999998,27.69155,1.247318,-0.06374504,0.08021314,-40.23534,-27.21025,44.24947
25.630381107,-6.80137299999998,102.9212,28.97194,1.279286,-0.07901356,0.0949972,-40.99181,-26.47205,42.24034
25.640378475,-6.24757399999999,109.6874,29.58164,1.302963,-0.0939643,0.109317,-40.99181,-26.47205,42.24034
25.650375843,-6.43217400000002,116.869,31.10591,1.316243,-0.1005139,0.1083384,-40.99181,-26.47205,42.24034
25.660373211,-6.43217400000002,123.9319,32.69115,1.345809,-0.09064765,0.1666706,-40.99181,-26.47205,42.24034
25.670370579,-6.30910700000001,131.7071,34.39833,1.347655,-0.05813987,0.2102095,-40.99181,-26.47205,42.24034
25.68036747,-7.97050500000002,139.5416,35.98357,1.353066,-0.03459812,0.2221584,-43.22725,-26.14889,37.44861
25.690364838,-12.33936,146.6639,37.44687,1.352233,-0.0417721,0.236519,-43.22725,-26.14889,37.44861
25.700362205,-16.89282,152.4211,38.23949,1.339931,-0.08715948,0.2418164,-43.22725,-26.14889,37.44861
25.710359573,-17.32355,159.1873,38.91017,1.332589,-0.1373784,0.2394493,-43.22725,-26.14889,37.44861
25.720357418,-13.6931,165.8941,40.19056,1.329522,-0.1560408,0.2246236,-43.22725,-26.14889,37.44861
25.730354786,-9.57036899999999,171.4138,41.95871,1.345128,-0.1302881,0.2437328,-45.87427,-23.62723,30.57825
25.740352154,-9.07810300000001,175.984,43.78783,1.357777,-0.1025754,0.2709824,-45.87427,-23.62723,30.57825
25.750349522,-10.98563,179.1297,44.21463,1.345345,-0.114816,0.2877574,-45.87427,-23.62723,30.57825
25.760346889,-12.52396,181.8599,43.30006,1.356136,-0.1704861,0.287753,-45.87427,-23.62723,30.57825
25.770344257,-9.69343500000003,185.421,42.62939,1.350762,-0.1959753,0.2753259,-45.87427,-23.62723,30.57825
25.780341625,-7.17057299999998,187.8544,41.59288,1.347013,-0.2029656,0.3160132,-48.13294,-21.43334,22.09986
25.790338993,-4.524643,190.0505,41.22706,1.323707,-0.1800824,0.3710842,-48.13294,-21.43334,22.09986
25.800335884,-3.786245,193.3742,39.94667,1.312648,-0.1873444,0.3979056,-48.13294,-21.43334,22.09986
25.810333252,-3.724712,195.9857,38.60532,1.285038,-0.1961553,0.3974774,-48.13294,-21.43334,22.09986
25.82033062,-3.293979,196.9947,37.62978,1.257688,-0.218427,0.4123667,-48.13294,-21.43334,22.09986
25.830327988,-1.940248,197.2915,36.28843,1.242409,-0.2352904,0.4080905,-49.6056,-20.76506,12.47414
25.840325355,0.4595481,197.5289,35.73969,1.231127,-0.2310169,0.4215092,-49.6056,-20.76506,12.47414
25.8503232,2.428612,197.2321,34.70319,1.187766,-0.2049451,0.4435925,-49.6056,-20.76506,12.47414
25.860320568,1.813279,196.5199,34.33736,1.13659,-0.1781654,0.453725,-49.6056,-20.76506,12.47414
25.870317936,-2.863246,194.6206,34.03251,1.105861,-0.2026363,0.4480419,-49.6056,-20.76506,12.47414
25.880315304,-6.43217400000002,193.2555,34.03251,1.096204,-0.2335203,0.4394523,-50.0029,-17.80293,3.231589
25.890312672,-6.43217400000002,191.4156,33.23989,1.057555,-0.277695,0.4218238,-50.0029,-17.80293,3.231589
25.900310039,-3.540112,188.448,32.50824,1.007686,-0.294655,0.4286151,-50.0029,-17.80293,3.231589
25.910307407,0.3364816,184.6494,32.44727,0.9720654,-0.2918782,0.4372909,-50.0029,-17.80293,3.231589
25.920304775,1.936346,180.9102,31.41077,0.9533107,-0.2783046,0.4741704,-50.0029,-17.80293,3.231589
25.930301666,2.490145,177.4678,31.10591,0.9177679,-0.2528571,0.5172977,-47.74386,-16.34581,-6.370385
25.940299034,1.628679,175.5685,30.13038,0.8579748,-0.2338648,0.5446758,-47.74386,-16.34581,-6.370385
25.950296402,-0.586516899999998,175.0343,29.33776,0.8135905,-0.2575547,0.5476308,-47.74386,-16.34581,-6.370385
25.96029377,-1.755648,175.153,29.15485,0.7788118,-0.2737568,0.5515242,-47.74386,-16.34581,-6.370385
25.970291615,-0.586516899999998,176.1027,29.39873,0.7319093,-0.2674953,0.5405971,-47.74386,-16.34581,-6.370385
25.980288982,0.5210813,177.5865,29.27679,0.6680305,-0.2654785,0.5273077,-44.02238,-13.34621,-14.80834
25.99028635,1.690213,178.8329,30.06941,0.5984204,-0.2436164,0.517852,-44.02238,-13.34621,-14.80834
26.000283718,0.951813900000003,179.1297,30.06941,0.5374444,-0.2406186,0.499293,-44.02238,-13.34621,-14.80834
26.010281086,-0.7711166,177.4084,30.61815,0.5102818,-0.2475691,0.4888135,-44.02238,-13.34621,-14.80834
26.020278454,-1.755648,174.2628,30.43524,0.4946801,-0.2731945,0.483583,-40.63999,-12.24412,-22.40044
26.030275822,0.4595481,171.8887,30.19135,0.4729567,-0.2844504,0.4687879,-40.63999,-12.24412,-22.40044
26.04027319,3.228544,168.4462,30.13038,0.3933853,-0.2767721,0.470839,-40.63999,-12.24412,-22.40044
26.050270557,4.643808,163.698,29.52067,0.3274778,-0.2439442,0.4833884,-40.63999,-12.24412,-22.40044
26.060267448,3.966942,157.9409,28.36223,0.2834027,-0.2321235,0.4896836,-40.63999,-12.24412,-22.40044
26.070264816,1.813279,150.6405,26.41117,0.236121,-0.2317534,0.4730158,-35.07669,-11.11581,-28.81531
26.080262184,2.305545,142.7466,24.27719,0.1835983,-0.2378478,0.451573,-35.07669,-11.11581,-28.81531
26.090260029,5.382206,135.2682,22.08224,0.1263818,-0.228271,0.4004627,-35.07669,-11.11581,-28.81531
26.100257397,6.612871,127.7305,19.88729,0.07071497,-0.222844,0.3704081,-35.07669,-11.11581,-28.81531
26.110254765,7.10513699999998,117.9967,18.30205,0.01722551,-0.2030798,0.3623604,-35.07669,-11.11581,-28.81531
26.120252132,7.04360400000002,107.5507,16.22905,-0.02423812,-0.1754873,0.3341896,-29.45379,-10.34669,-32.77667
26.1302495,4.336142,95.8582699999997,14.52187,-0.05527054,-0.1839851,0.3222815,-29.45379,-10.34669,-32.77667
26.140246868,2.736278,82.4446299999998,13.48536,-0.06151091,-0.2153578,0.3060288,-29.45379,-10.34669,-32.77667
26.150244236,5.382206,69.2090499999999,11.83915,-0.05921578,-0.2337782,0.3060296,-29.45379,-10.34669,-32.77667
26.160241604,11.2894,58.1101699999998,9.70517700000002,-0.08830351,-0.2167108,0.2692256,-29.45379,-10.34669,-32.77667
26.170238972,14.85832,48.31703,7.754113,-0.1464989,-0.1801151,0.2520888,-26.07655,-9.964996,-35.59169
26.180235863,15.22752,39.41417,6.35178600000003,-0.1820918,-0.1275095,0.2363443,-26.07655,-9.964996,-35.59169
26.190233231,10.98173,31.2829,4.888487,-0.1954821,-0.1151746,0.2325359,-26.07655,-9.964996,-35.59169
26.200230598,8.45886800000002,23.03292,3.181306,-0.2059066,-0.1052899,0.2201085,-26.07655,-9.964996,-35.59169
26.21022892,7.41280299999999,15.31711,0.803446099999999,-0.2085103,-0.1223624,0.2186817,-26.07655,-9.964996,-35.59169
26.220225811,7.28973700000001,7.24518699999998,-1.26956,-0.20307,-0.1266284,0.2186733,-23.51243,-9.952315,-36.34669
26.230223179,8.95113399999999,-1.18285,-3.159653,-0.2010543,-0.1827131,0.1923626,-23.51243,-9.952315,-36.34669
26.240220547,8.27426799999999,-10.85729,-5.537513,-0.2195634,-0.1309909,0.2024316,-23.51243,-9.952315,-36.34669
26.250217915,8.33580199999998,-22.01553,-7.30566500000003,-0.2041966,-0.1447182,0.2091085,-23.51243,-9.952315,-36.34669
26.260215283,7.16667,-34.53888,-9.07381699999998,-0.1523097,-0.1822351,0.2453995,-23.51243,-9.952315,-36.34669
26.27021265,11.474,-48.01187,-10.29323,-0.1038406,-0.1680123,0.2611043,-23.49501,-10.7163,-36.72964
26.280210018,13.87379,-59.5262299999998,-12.2443,-0.0800216,-0.164455,0.2797263,-23.49501,-10.7163,-36.72964
26.290207386,13.99686,-72.1089299999997,-13.15886,-0.06637695,-0.1375936,0.3179817,-23.49501,-10.7163,-36.72964
26.300204754,12.82773,-83.56394,-14.43924,-0.03587963,-0.1259802,0.3528616,-23.49501,-10.7163,-36.72964
26.310201645,9.68953300000002,-94.8408899999997,-16.08545,0.009588518,-0.1593819,0.3748054,-23.49501,-10.7163,-36.72964
26.320199967,11.59706,-105.4056,-17.54875,0.07228866,-0.1764949,0.3871435,-24.55766,-11.08773,-34.73598
26.330197334,16.08899,-113.1214,-19.7437,0.1158177,-0.1847713,0.3975984,-24.55766,-11.08773,-34.73598
26.340194225,17.81192,-121.4307,-20.90215,0.160448,-0.1734347,0.4247966,-24.55766,-11.08773,-34.73598
26.350191593,18.48878,-131.2832,-21.69477,0.212653,-0.1502903,0.4514998,-24.55766,-11.08773,-34.73598
26.360188961,16.58125,-140.9577,-22.06059,0.2655693,-0.1393988,0.4652835,-24.55766,-11.08773,-34.73598
26.370186329,13.87379,-150.8102,-22.42641,0.3146836,-0.1597441,0.4723818,-27.55031,-11.85078,-32.36766
26.380183697,12.08933,-160.4252,-23.52389,0.3387591,-0.143341,0.5134931,-27.55031,-11.85078,-32.36766
26.390181065,13.75073,-165.4108,-23.28,0.4716963,-0.2166838,0.4955729,-27.55031,-11.85078,-32.36766
26.400178433,16.95045,-169.5062,-24.25554,0.5072798,-0.2167553,0.5170468,-27.55031,-11.85078,-32.36766
26.4101758,18.48878,-173.7202,-24.86525,0.5537505,-0.1995072,0.549026,-27.55031,-11.85078,-32.36766
26.420173168,18.05805,-178.5277,-24.80427,0.5895961,-0.1880951,0.5503962,-32.43696,-12.22357,-27.17725
26.430170536,15.96592,-183.454,-24.62136,0.646229,-0.1937574,0.5526918,-32.43696,-12.22357,-27.17725
26.440168381,13.99686,-188.3802,-24.25554,0.7042319,-0.1945377,0.5545052,-32.43696,-12.22357,-27.17725
26.450165749,11.6586,-193.0097,-23.64583,0.7745074,-0.1998209,0.5687414,-32.43696,-12.22357,-27.17725
26.460163117,10.24333,-196.096,-22.91418,0.8212324,-0.170564,0.584924,-32.43696,-12.22357,-27.17725
26.470160008,7.720469,-197.9953,-22.85321,0.8556835,-0.1624933,0.5958691,-38.06441,-13.34908,-20.37584
26.480157375,5.505273,-198.2327,-23.64583,0.8900265,-0.1749615,0.592941,-38.06441,-13.34908,-20.37584
26.490154743,3.659276,-198.3514,-24.19457,0.9250184,-0.1698265,0.6005358,-38.06441,-13.34908,-20.37584
26.500152111,1.07488,-197.6985,-24.07262,0.9590204,-0.1636559,0.6172252,-38.06441,-13.34908,-20.37584
26.510149479,-1.694115,-196.0367,-23.21903,0.9981256,-0.1694145,0.6468303,-38.06441,-13.34908,-20.37584
26.520146847,-3.109379,-193.4845,-22.30447,1.032687,-0.1671598,0.6592124,-44.00137,-14.84748,-12.41372
26.530144215,-2.92478,-190.4576,-21.57282,1.066589,-0.1820489,0.6582,-44.00137,-14.84748,-12.41372
26.540141583,-0.4019172,-186.2435,-20.71923,1.102799,-0.1644396,0.6456893,-44.00137,-14.84748,-12.41372
26.550139427,0.02881546,-182.8011,-19.68273,1.150456,-0.1333784,0.6446411,-44.00137,-14.84748,-12.41372
26.560136795,-3.417045,-181.0205,-18.76817,1.198945,-0.120092,0.6641747,-48.5212,-15.5673,-3.606489
26.570134163,-8.03203799999998,-179.5961,-19.37788,1.258626,-0.1582259,0.6693449,-48.5212,-15.5673,-3.606489
26.580131531,-6.80137299999998,-176.9846,-20.35341,1.311428,-0.1937029,0.6611261,-48.5212,-15.5673,-3.606489
26.590128899,-1.324916,-172.6518,-21.99962,1.338316,-0.1986179,0.6500732,-48.5212,-15.5673,-3.606489
26.60012579,3.782343,-170.5152,-21.93865,1.357224,-0.1676739,0.6452466,-48.5212,-15.5673,-3.606489
26.610123158,5.751406,-169.8623,-21.38991,1.387407,-0.1140222,0.6547517,-50.74988,-18.17856,4.453562
26.620120525,2.244012,-169.3875,-21.69477,1.449763,-0.08697396,0.6613361,-50.74988,-18.17856,4.453562
26.630117893,-3.847778,-168.6752,-23.15806,1.518947,-0.1123295,0.6617005,-50.74988,-18.17856,4.453562
26.640115261,-6.06297400000002,-167.1914,-24.80427,1.544584,-0.1284415,0.6511314,-50.74988,-18.17856,4.453562
26.650112629,-4.093911,-164.4612,-26.45049,1.559246,-0.1576636,0.6123487,-50.74988,-18.17856,4.453562
26.660110474,-1.694115,-161.4936,-28.58446,1.546082,-0.1846996,0.5539923,-52.24452,-20.02403,12.45062
26.670107841,3.105477,-160.0691,-29.92582,1.5231,-0.1817487,0.5013883,-52.24452,-20.02403,12.45062
26.680105209,8.028135,-159.2975,-30.65747,1.502875,-0.1700051,0.44782,-52.24452,-20.02403,12.45062
26.690102577,11.16633,-158.4073,-30.1697,1.481585,-0.1270462,0.4090814,-52.24452,-20.02403,12.45062
26.700099945,12.2124,-157.517,-29.49902,1.447713,-0.08863053,0.3789802,-52.24452,-20.02403,12.45062
26.710097313,11.41246,-155.9145,-28.40155,1.406782,-0.03782509,0.3374024,-51.12213,-21.47273,20.07811
26.720094204,8.52040099999998,-152.9469,-27.85281,1.367606,-0.002486842,0.3010898,-51.12213,-21.47273,20.07811
26.730091572,2.428612,-150.0386,-26.93825,1.333469,0.02435755,0.2815208,-51.12213,-21.47273,20.07811
26.74008894,-2.986313,-146.8336,-25.23107,1.325779,0.04461517,0.2815289,-51.12213,-21.47273,20.07811
26.750086307,-8.58583600000001,-141.3731,-24.07262,1.302526,0.03733501,0.2796571,-51.12213,-21.47273,20.07811
26.760083675,-13.1393,-134.3102,-23.21903,1.257682,0.01142038,0.2529417,-50.0093,-22.5378,28.09057
26.77008152,-15.72369,-127.4253,-23.34098,1.194653,-0.03245709,0.2142982,-50.0093,-22.5378,28.09057
26.780078888,-15.04683,-120.7779,-23.82874,1.145536,-0.09068183,0.1708484,-50.0093,-22.5378,28.09057
26.790076256,-10.30877,-113.7743,-23.64583,1.092189,-0.1316103,0.1149585,-50.0093,-22.5378,28.09057
26.800073624,-3.170913,-107.7204,-23.03612,1.053299,-0.1376416,0.07099886,-50.0093,-22.5378,28.09057
26.810070991,3.659276,-102.1412,-22.2435,1.018355,-0.1195031,0.05765498,-47.37096,-24.31237,33.34436
26.820068359,8.21273500000003,-97.51175,-20.96312,1.010789,-0.07973517,0.06531515,-47.37096,-24.31237,33.34436
26.830065727,9.32033300000002,-92.4667999999999,-19.80467,1.035703,-0.0303549,0.0973236,-47.37096,-24.31237,33.34436
26.840063095,5.81293900000002,-86.5315599999998,-18.7072,1.058212,-0.008795395,0.1212076,-47.37096,-24.31237,33.34436
26.850059986,0.767214200000001,-79.9434400000003,-17.00002,1.079633,-0.007185353,0.1446201,-47.37096,-24.31237,33.34436
26.860057354,-2.92478,-72.4056899999998,-14.62216,1.078734,-0.01103363,0.1508441,-44.76105,-24.63218,38.20338
26.870054722,-6.862906,-64.1557200000002,-11.69556,1.062415,-0.02457296,0.1403474,-44.76105,-24.63218,38.20338
26.880053043,-10.12417,-55.96508,-8.098285,1.042737,-0.04124785,0.1131072,-44.76105,-24.63218,38.20338
26.890049934,-13.63156,-48.48669,-4.683922,1.031963,-0.03865033,0.1016394,-44.76105,-24.63218,38.20338
26.900047302,-18.67729,-41.48311,-1.879267,1.041508,-0.02766138,0.1135844,-44.76105,-24.63218,38.20338
26.91004467,-24.21528,-33.88601,-0.1720861,1.064172,-0.01433786,0.1398631,-42.86214,-26.49266,41.45244
26.920042038,-29.261,-25.51732,1.535095,1.0954,-0.01591373,0.1656522,-42.86214,-26.49266,41.45244
26.930039406,-33.44526,-16.55511,3.303247,1.129618,-0.02149352,0.172294,-42.86214,-26.49266,41.45244
26.940036774,-36.52193,-7.05873399999998,5.80304899999998,1.156529,-0.02725715,0.1746415,-42.86214,-26.49266,41.45244
26.950034142,-40.58312,2.378292,8.48576300000002,1.17448,-0.04937423,0.1616943,-42.86214,-26.49266,41.45244
26.960031509,-43.90591,12.17143,11.41236,1.192128,-0.08120298,0.1501859,-41.35897,-26.85468,42.30409
26.970028877,-45.81344,20.54012,13.91216,1.208787,-0.1119522,0.1525577,-41.35897,-26.85468,42.30409
26.980026722,-45.44424,29.14621,16.35099,1.234332,-0.1224618,0.1702232,-41.35897,-26.85468,42.30409
26.99002409,-44.27511,37.6336,18.24108,1.244218,-0.1293363,0.1941365,-41.35897,-26.85468,42.30409
27.000021458,-40.95232,46.12099,19.88729,1.248107,-0.1287165,0.2003511,-41.35897,-26.85468,42.30409
27.010018349,-37.99872,54.96449,21.77739,1.257689,-0.1460957,0.1922031,-41.70476,-28.00891,41.08189
27.020015717,-34.42979,62.56159,24.03331,1.2404,-0.1603024,0.1640009,-41.70476,-28.00891,41.08189
27.030013084,-30.184,69.9806399999997,26.47214,1.243773,-0.1326512,0.1515449,-41.70476,-28.00891,41.08189
27.040010452,-29.93787,77.1029200000002,28.66708,1.247069,-0.1004788,0.1553595,-41.70476,-28.00891,41.08189
27.05000782,-32.7684,84.4626199999998,29.82553,1.240464,-0.08597841,0.1611102,-41.70476,-28.00891,41.08189
27.060005188,-35.90659,91.9410099999999,30.31329,1.232995,-0.1029848,0.1773992,-42.80702,-28.42494,37.85056
27.070002556,-37.38339,100.2503,31.10591,1.211086,-0.1294918,0.1956301,-42.80702,-28.42494,37.85056
27.080000401,-36.33733,108.441,32.20339,1.165612,-0.1475517,0.1789638,-42.80702,-28.42494,37.85056
27.089997768,-36.76806,115.3852,34.52028,1.144363,-0.157664,0.1818749,-42.80702,-28.42494,37.85056
27.099995136,-37.81413,121.1424,37.99561,1.131767,-0.1611434,0.2005622,-42.80702,-28.42494,37.85056
27.109992504,-38.86019,127.137,40.86124,1.126951,-0.1633876,0.2312001,-45.06326,-27.33126,34.21577
27.119989872,-39.22939,134.1999,43.11715,1.125507,-0.164388,0.2312029,-45.06326,-27.33126,34.21577
27.12998724,-39.10632,140.4913,45.3121,1.103553,-0.1892504,0.2168902,-45.06326,-27.33126,34.21577
27.139984131,-38.30639,145.3582,47.68996,1.089323,-0.1842871,0.2059065,-45.06326,-27.33126,34.21577
27.149981499,-35.35279,149.6315,50.18976,1.073775,-0.13438,0.2236281,-48.05238,-26.64045,28.57795
27.159978867,-37.50646,154.5578,51.89694,1.082761,-0.09384736,0.2259949,-48.05238,-26.64045,28.57795
27.169976234,-44.82891,157.8815,52.93344,1.103425,-0.130397,0.2230968,-48.05238,-26.64045,28.57795
27.179973602,-49.01317,161.5614,52.93344,1.120574,-0.2131147,0.2273954,-48.05238,-26.64045,28.57795
27.189971447,-45.50578,165.8941,52.99442,1.121712,-0.2738831,0.2221447,-48.05238,-26.64045,28.57795
27.199968815,-36.02966,169.8707,53.78704,1.141477,-0.3399263,0.2374417,-49.90656,-25.9619,20.49745
27.209966183,-22.92308,173.966,53.84801,1.149732,-0.3639067,0.2541837,-49.90656,-25.9619,20.49745
27.219963551,-8.955036,177.5865,53.2383,1.140953,-0.3364727,0.2972637,-49.90656,-25.9619,20.49745
27.229960918,1.813279,181.5631,52.44568,1.150029,-0.2736103,0.3498751,-49.90656,-25.9619,20.49745
27.239958286,6.18213799999999,185.243,50.92141,1.175576,-0.2320146,0.3794916,-49.90656,-25.9619,20.49745
27.249955654,5.62834,188.6854,48.8484,1.187447,-0.2151176,0.394781,-51.41891,-23.45196,11.24893
27.259952545,1.751746,189.457,47.44608,1.176454,-0.2257448,0.4254317,-51.41891,-23.45196,11.24893
27.269949913,-1.078783,188.2106,46.40957,1.178546,-0.2584273,0.4603725,-51.41891,-23.45196,11.24893
27.279947281,-1.324916,187.7357,44.15366,1.174883,-0.3225255,0.473317,-51.41891,-23.45196,11.24893
27.289945602,3.905409,185.8365,42.69036,1.160872,-0.380511,0.4862779,-51.41891,-23.45196,11.24893
27.299942494,12.88926,184.8868,40.06861,1.129183,-0.4053113,0.4997396,-53.32502,-20.11692,2.444728
27.309939861,21.68851,183.1063,38.36143,1.070519,-0.3945577,0.5271179,-53.32502,-20.11692,2.444728
27.319937229,27.28804,182.394,36.47134,1.041404,-0.3744777,0.5539638,-53.32502,-20.11692,2.444728
27.329934597,30.7339,182.4534,35.55678,1.008214,-0.344641,0.5937358,-53.32502,-20.11692,2.444728
27.339931965,30.1801,183.403,35.06901,0.9857945,-0.2918751,0.620083,-53.32502,-20.11692,2.444728
27.349929333,24.88824,184.2933,35.61775,0.9791188,-0.2477907,0.6196047,-53.32738,-18.28651,-6.014954
27.359926701,15.04292,184.3527,34.58125,0.9453318,-0.2385551,0.6397614,-53.32738,-18.28651,-6.014954
27.369924069,4.520741,182.4534,33.91057,0.921376,-0.2596958,0.6646945,-53.32738,-18.28651,-6.014954
27.379921436,-4.155444,179.2484,32.20339,0.8747649,-0.2938703,0.694935,-53.32738,-18.28651,-6.014954
27.389919281,-4.401577,176.3401,29.70359,0.8410621,-0.3161282,0.6720278,-53.32738,-18.28651,-6.014954
27.399916649,-2.247914,174.6189,27.02087,0.8171924,-0.3166437,0.6672838,-50.72226,-15.6757,-14.45923
27.409914017,0.705681,171.948,25.13078,0.7730157,-0.2995191,0.6692707,-50.72226,-15.6757,-14.45923
27.419911385,2.674744,169.6333,23.11874,0.7269986,-0.3154934,0.6162331,-50.72226,-15.6757,-14.45923
27.429908276,7.16667,168.6243,22.38709,0.6991182,-0.3111638,0.5655515,-50.72226,-15.6757,-14.45923
27.439905644,10.05873,168.4462,22.26515,0.6734831,-0.2693583,0.569414,-50.72226,-15.6757,-14.45923
27.449903011,8.028135,167.9714,21.41156,0.6261274,-0.2123046,0.5871891,-46.99828,-13.0461,-21.66965
27.459900379,-1.817181,165.0631,21.35059,0.5658866,-0.1695231,0.6131263,-46.99828,-13.0461,-21.66965
27.469897747,-14.86223,159.4247,22.69195,0.501599,-0.144819,0.6371608,-46.99828,-13.0461,-21.66965
27.479895592,-28.46107,152.5991,23.60651,0.4700991,-0.180666,0.6113818,-46.99828,-13.0461,-21.66965
27.48989296,-38.79866,145.2394,25.43563,0.4038703,-0.2093759,0.5909259,-46.99828,-13.0461,-21.66965
27.499890328,-47.22871,135.9211,27.20378,0.3536098,-0.2318336,0.5819263,-41.75511,-11.53979,-28.08887
27.509887695,-51.6591,125.2971,28.78902,0.3109226,-0.2689437,0.54851,-41.75511,-11.53979,-28.08887
27.519885063,-50.3669,115.7413,29.52067,0.2781447,-0.2888676,0.5131577,-41.75511,-11.53979,-28.08887
27.529882431,-45.99804,105.2953,29.4597,0.2311171,-0.3021383,0.4921857,-41.75511,-11.53979,-28.08887
27.539879799,-40.33699,94.6118700000002,27.75252,0.2031159,-0.290793,0.4649528,-41.75511,-11.53979,-28.08887
27.54987669,-35.41433,83.3942699999999,25.19175,0.1630659,-0.2864539,0.4415712,-38.08073,-10.03102,-32.84266
27.559874058,-29.75327,71.5831500000001,22.32612,0.1285785,-0.2925771,0.4311043,-38.08073,-10.03102,-32.84266
27.569871426,-22.12315,59.59398,18.78982,0.1032515,-0.2937652,0.4091342,-38.08073,-10.03102,-32.84266
27.579869747,-13.8777,48.13897,15.13157,0.07587103,-0.2890266,0.4020021,-38.08073,-10.03102,-32.84266
27.589866638,-4.278511,36.98072,11.1075,0.06372128,-0.2914779,0.3728308,-38.08073,-10.03102,-32.84266
27.599864006,3.905409,26.416,7.022464,0.05580473,-0.2854487,0.3584858,-33.98753,-8.179135,-34.88588
27.609861374,9.87413200000002,15.1984,3.608101,0.04254633,-0.254142,0.3565865,-33.98753,-8.179135,-34.88588
27.619858742,13.38153,4.57433,0.4985923,0.03339379,-0.2339572,0.3518115,-33.98753,-8.179135,-34.88588
27.62985611,14.67372,-5.99039199999999,-2.367033,0.04114752,-0.2319698,0.3398331,-33.98753,-8.179135,-34.88588
27.639853477,14.48913,-15.13066,-4.744893,0.05739191,-0.2402204,0.3589499,-33.98753,-8.179135,-34.88588
27.649850845,14.73526,-24.33027,-7.244694,0.07913149,-0.2556471,0.3785376,-32.10874,-8.174879,-36.03298
27.659848213,17.87345,-33.17377,-10.23226,0.09267851,-0.2761872,0.3880908,-32.10874,-8.174879,-36.03298
27.669845581,22.85765,-41.2457,-12.79303,0.110544,-0.2668768,0.4110289,-32.10874,-8.174879,-36.03298
27.679843426,25.25744,-48.36798,-15.04895,0.1179554,-0.2455234,0.4449894,-32.10874,-8.174879,-36.03298
27.689840794,25.07284,-55.37156,-17.06099,0.1434508,-0.2273021,0.4693476,-32.10874,-8.174879,-36.03298
27.699838161,23.53451,-61.95968,-19.19496,0.1576415,-0.2296303,0.5028238,-31.74524,-7.785173,-35.25822
27.709835052,22.48845,-69.2600199999998,-21.32894,0.177465,-0.2463948,0.5396439,-31.74524,-7.785173,-35.25822
27.71983242,23.28838,-77.5693499999998,-23.21903,0.1917585,-0.306049,0.5745704,-31.74524,-7.785173,-35.25822
27.729829788,29.4417,-86.3534999999998,-25.10913,0.2224433,-0.3568254,0.5884087,-31.74524,-7.785173,-35.25822
27.739827156,38.24095,-94.4847699999998,-26.69437,0.2674583,-0.3922588,0.6017394,-34.35491,-8.865646,-33.27243
27.749824524,46.91714,-102.0225,-27.73087,0.2955193,-0.3807154,0.6342307,-34.35491,-8.865646,-33.27243
27.759821892,53.43966,-109.5603,-28.52349,0.319599,-0.3649518,0.6585921,-34.35491,-8.865646,-33.27243
27.769819736,58.42385,-115.9703,-28.64543,0.3585801,-0.3389214,0.6575602,-34.35491,-8.865646,-33.27243
27.779817104,60.1467800000003,-120.5405,-27.91378,0.4076523,-0.3046666,0.6837875,-34.35491,-8.865646,-33.27243
27.789814472,57.74699,-123.9829,-26.6334,0.4485483,-0.2757915,0.7239093,-36.95459,-10.7566,-29.66974
27.79981184,52.70126,-127.0099,-24.7433,0.4835961,-0.2471197,0.7544696,-36.95459,-10.7566,-29.66974
27.809809208,46.8556,-130.6897,-23.15806,0.5135763,-0.2341419,0.7802571,-36.95459,-10.7566,-29.66974
27.819806576,40.57921,-135.7347,-21.51185,0.5340306,-0.2330984,0.7969714,-36.95459,-10.7566,-29.66974
27.829803944,34.67202,-142.1447,-19.80467,0.5688462,-0.218826,0.7945141,-36.95459,-10.7566,-29.66974
27.839800835,27.16497,-149.6825,-17.97555,0.6135955,-0.2402075,0.8040132,-41.36919,-12.65407,-25.24198
27.849798202,23.47298,-156.2112,-17.06099,0.6669222,-0.278367,0.7670797,-41.36919,-12.65407,-25.24198
27.859796524,24.76517,-159.1195,-17.54875,0.7374841,-0.3001368,0.7315477,-41.36919,-12.65407,-25.24198
27.869793892,27.34957,-159.713,-17.73167,0.7737079,-0.2836438,0.7032442,-41.36919,-12.65407,-25.24198
27.879790783,29.0725,-160.6627,-18.09749,0.7790834,-0.2332497,0.675943,-41.36919,-12.65407,-25.24198
27.889788151,25.19591,-161.0781,-18.52429,0.7940674,-0.1752802,0.6591519,-45.10355,-14.53331,-19.26112
27.899785519,20.45785,-163.3335,-18.40234,0.7864496,-0.1853557,0.6366746,-45.10355,-14.53331,-19.26112
27.909782886,15.84286,-166.0044,-18.15846,0.8084611,-0.1905337,0.6074445,-45.10355,-14.53331,-19.26112
27.919780254,11.90473,-168.4972,-18.09749,0.840167,-0.1931651,0.5700609,-45.10355,-14.53331,-19.26112
27.929777622,9.38186599999998,-170.5152,-17.79264,0.8778445,-0.1761093,0.5470192,-45.10355,-14.53331,-19.26112
27.93977499,4.951474,-172.9486,-17.60972,0.8973734,-0.1525386,0.5316647,-48.84943,-16.0251,-12.44378
27.949772358,-1.940248,-176.6284,-17.48778,0.9167148,-0.1699301,0.5541285,-48.84943,-16.0251,-12.44378
27.959770203,-4.893843,-179.2399,-17.85361,0.9447956,-0.2121426,0.5536119,-48.84943,-16.0251,-12.44378
27.96976757,-1.755648,-178.1716,-19.49982,0.9834422,-0.2200996,0.556418,-48.84943,-16.0251,-12.44378
27.979764938,3.16701,-173.3641,-21.45088,1.013811,-0.2288861,0.5396172,-48.84943,-16.0251,-12.44378
27.989762306,8.397335,-168.4972,-22.42641,1.023088,-0.2039241,0.539116,-51.11742,-16.73459,-4.393873
27.999759197,12.08933,-164.1051,-22.6703,1.023618,-0.1543871,0.5347951,-51.11742,-16.73459,-4.393873
28.009756565,11.8432,-160.6627,-23.03612,1.041255,-0.1336949,0.5275804,-51.11742,-16.73459,-4.393873
28.019753933,10.9202,-158.3479,-23.15806,1.062185,-0.1065985,0.5227512,-51.11742,-16.73459,-4.393873
28.029751301,9.87413200000002,-156.508,-22.30447,1.094836,-0.107013,0.5131228,-51.11742,-16.73459,-4.393873
28.039748669,8.88960099999997,-153.7778,-22.73127,1.125733,-0.1176187,0.5087645,-52.59662,-19.34023,3.671739
28.049746513,9.50493299999999,-151.7598,-22.85321,1.149488,-0.1370686,0.5092067,-52.59662,-19.34023,3.671739
28.059743881,12.64313,-148.9109,-22.97515,1.164435,-0.1548803,0.4953065,-52.59662,-19.34023,3.671739
28.069741249,16.27359,-146.24,-23.09709,1.178236,-0.163416,0.4885846,-52.59662,-19.34023,3.671739
28.079738617,20.27325,-142.2041,-23.34098,1.198295,-0.1423655,0.4622225,-52.59662,-19.34023,3.671739
28.089735985,22.42691,-138.4055,-23.52389,1.19318,-0.1300207,0.4416495,-52.592,-21.175,11.61542
28.099733353,21.75005,-135.6753,-23.58486,1.198446,-0.09946023,0.4244037,-52.592,-21.175,11.61542
28.109730721,19.71945,-133.5386,-23.46292,1.189887,-0.0851739,0.4110148,-52.592,-21.175,11.61542
28.119728088,17.31965,-131.1645,-23.64583,1.190462,-0.09013601,0.3985721,-52.592,-21.175,11.61542
28.129724979,15.59672,-128.6124,-23.76777,1.187002,-0.08792818,0.3818274,-52.592,-21.175,11.61542
28.139723301,14.24299,-125.6448,-23.88971,1.174762,-0.08547806,0.3574408,-52.57643,-23.39611,18.85162
28.149720669,12.45853,-122.143,-25.47495,1.171257,-0.1072446,0.322995,-52.57643,-23.39611,18.85162
28.15971756,12.76619,-118.2851,-25.96272,1.158288,-0.11796,0.2952629,-52.57643,-23.39611,18.85162
28.169714928,14.18146,-114.2491,-25.90175,1.149962,-0.1156816,0.2967126,-52.57643,-23.39611,18.85162
28.179712296,15.35059,-109.0855,-25.47495,1.150184,-0.1015981,0.2952729,-52.57643,-23.39611,18.85162
28.189709663,15.90439,-103.3283,-25.23107,1.146482,-0.08613424,0.2938396,-50.70499,-24.41232,24.4828
28.199707031,16.08899,-96.85887,-25.1701,1.133309,-0.08550157,0.285248,-50.70499,-24.41232,24.4828
28.209704399,16.45819,-89.7365900000001,-25.23107,1.125311,-0.1007413,0.2833516,-50.70499,-24.41232,24.4828
28.219701767,17.62732,-82.4955999999998,-24.80427,1.122356,-0.125145,0.2780987,-50.70499,-24.41232,24.4828
28.229699612,20.45785,-75.0172,-23.82874,1.117657,-0.1345059,0.2742807,-50.70499,-24.41232,24.4828
28.23969698,23.78064,-67.0046300000001,-22.85321,1.11588,-0.1438265,0.2685433,-48.45608,-25.49184,29.79459
28.249694347,27.0419,-59.70428,-20.53632,1.117071,-0.1555401,0.2604084,-48.45608,-25.49184,29.79459
28.259691715,30.05703,-51.15754,-17.97555,1.121016,-0.1578305,0.2671022,-48.45608,-25.49184,29.79459
28.269689083,32.94909,-43.20433,-15.29283,1.102713,-0.1430182,0.2790947,-48.45608,-25.49184,29.79459
28.279686451,33.87209,-35.0137,-12.48818,1.108254,-0.1269736,0.2680736,-48.45608,-25.49184,29.79459
28.289683342,32.64143,-26.58566,-10.41517,1.12068,-0.1133883,0.2919773,-46.97291,-25.45008,33.41773
28.29968071,29.68783,-17.80151,-8.76896300000003,1.137676,-0.1100492,0.3015183,-46.97291,-25.45008,33.41773
28.309678078,27.5957,-8.364487,-7.366636,1.147207,-0.1243821,0.3077269,-46.97291,-25.45008,33.41773
28.319676399,26.54964,0.1229023,-5.598484,1.14157,-0.1357271,0.3015181,-46.97291,-25.45008,33.41773
28.32967329,25.25744,8.37288200000001,-4.013244,1.14776,-0.154132,0.294812,-46.23805,-25.05103,34.96927
28.339670658,25.44204,16.62286,-2.732858,1.164563,-0.1670872,0.2766002,-46.23805,-25.05103,34.96927
28.349668026,26.11891,24.33867,-1.757326,1.165986,-0.1651504,0.2727686,-46.23805,-25.05103,34.96927
28.359665394,25.68817,31.63901,-0.720822899999998,1.180038,-0.1610159,0.269393,-46.23805,-25.05103,34.96927
28.369662762,24.33444,38.70194,0.01082622,1.192628,-0.1569367,0.2631485,-46.23805,-25.05103,34.96927
28.37966013,22.79611,45.17135,0.864416900000002,1.197528,-0.1582494,0.2684047,-45.86163,-25.05148,34.58505
28.389657497,22.36538,51.4627,2.083832,1.20267,-0.1464195,0.2755713,-45.86163,-25.05148,34.58505
28.399655342,21.38085,57.5166399999999,3.120335,1.182181,-0.1190247,0.2866072,-45.86163,-25.05148,34.58505
28.40965271,18.85798,63.21447,4.095867,1.16562,-0.09293121,0.306251,-45.86163,-25.05148,34.58505
28.419650078,15.16599,68.6748900000001,4.888487,1.177575,-0.1067961,0.3052766,-45.86163,-25.05148,34.58505
28.429647446,14.98139,74.3133599999998,6.16887299999999,1.173156,-0.1312945,0.2928476,-45.8467,-25.44546,32.97457
28.439644814,16.51972,79.89248,7.32731800000001,1.170098,-0.1504339,0.2789792,-45.8467,-25.44546,32.97457
28.449641705,19.22718,84.6406700000001,8.60770299999997,1.173608,-0.1821306,0.2593595,-45.8467,-25.44546,32.97457
28.459639073,23.53451,89.2108099999999,9.64420700000001,1.167367,-0.1871133,0.2593717,-45.8467,-25.44546,32.97457
28.46963644,28.02644,93.8996400000001,10.98556,1.15504,-0.1532707,0.2670417,-45.8467,-25.44546,32.97457
28.479633808,30.67237,98.2323600000002,12.69274,1.140495,-0.1311916,0.2684971,-46.9968,-23.63894,30.18291
28.489631653,30.3647,101.4967,14.76575,1.123064,-0.1110958,0.2718723,-46.9968,-23.63894,30.18291
28.499629021,27.9649,104.7018,16.89973,1.109452,-0.086415,0.2900756,-46.9968,-23.63894,30.18291
28.509626389,25.56511,106.6011,19.0337,1.083742,-0.06641691,0.300644,-46.9968,-23.63894,30.18291
28.519623757,21.01165,109.5093,20.67991,1.09261,-0.07160461,0.2987155,-46.9968,-23.63894,30.18291
28.529621124,17.87345,112.7143,22.20418,1.094138,-0.07488389,0.3087638,-48.51393,-21.78927,25.32413
28.539618492,15.28906,115.3258,23.72845,1.087704,-0.06893846,0.3350952,-48.51393,-21.78927,25.32413
28.54961586,14.11993,117.9373,24.8869,1.068524,-0.05960735,0.3341691,-48.51393,-21.78927,25.32413
28.559613228,12.2124,119.9553,26.16728,1.048523,-0.05861047,0.327025,-48.51393,-21.78927,25.32413
28.569610596,9.56646600000001,121.2611,26.89893,1.048352,-0.0757183,0.3165011,-48.51393,-21.78927,25.32413
28.579608441,9.074201,122.092,27.50864,1.043842,-0.0953635,0.3035924,-49.60913,-22.21892,20.48029
28.589605808,9.812599,122.0327,28.05737,1.046938,-0.1045308,0.304068,-49.60913,-22.21892,20.48029
28.599603176,9.99719900000002,121.9733,28.24029,1.042715,-0.08628353,0.3423567,-49.60913,-22.21892,20.48029
28.609600067,9.56646600000001,121.7953,27.9964,1.037382,-0.08715901,0.3643807,-49.60913,-22.21892,20.48029
28.619597435,8.21273500000003,121.914,27.32573,1.046359,-0.09739601,0.394518,-49.60913,-22.21892,20.48029
28.629594803,9.01266799999998,121.5579,26.41117,1.018491,-0.09190913,0.4170583,-51.48608,-20.76604,14.00824
28.639592171,9.935666,121.7359,25.06981,0.9899881,-0.07871238,0.4338547,-51.48608,-20.76604,14.00824
28.649589538,10.05873,122.3294,24.15525,0.9658343,-0.06343768,0.4559074,-51.48608,-20.76604,14.00824
28.659586906,9.56646600000001,123.8726,23.4236,0.9416512,-0.04676715,0.4712597,-51.48608,-20.76604,14.00824
28.669584751,6.85900399999999,125.7125,22.75292,0.9469536,-0.06942268,0.4798707,-51.48608,-20.76604,14.00824
28.679582119,4.705341,128.0866,21.9603,0.9466059,-0.07663973,0.4884875,-51.12639,-18.90831,8.453856
28.689579487,3.043944,129.2737,21.16768,0.9430003,-0.1179283,0.4980759,-51.12639,-18.90831,8.453856
28.699576855,3.597743,130.9949,20.25312,0.9370297,-0.1111641,0.5066989,-51.12639,-18.90831,8.453856
28.709574222,4.397675,131.9445,18.48497,0.9193806,-0.07861256,0.5440503,-51.12639,-18.90831,8.453856
28.71957159,2.551678,130.8168,17.5704,0.8863477,-0.05696356,0.5914813,-51.12639,-18.90831,8.453856
28.729568958,1.628679,129.333,16.47293,0.848315,-0.05505719,0.6164331,-51.11418,-18.20153,2.06427
28.739565849,3.290077,128.2647,14.76575,0.8090113,-0.06418682,0.6064538,-51.11418,-18.20153,2.06427
28.749564171,4.828408,126.4841,13.11954,0.7756726,-0.1059059,0.580201,-51.11418,-18.20153,2.06427
28.759561539,9.32033300000002,123.3384,12.32692,0.7720085,-0.1187487,0.5653749,-51.11418,-18.20153,2.06427
28.769558907,14.48913,120.074,11.59527,0.7518808,-0.1373411,0.5419645,-51.11418,-18.20153,2.06427
28.779555798,19.71945,115.9787,11.35139,0.7251118,-0.1130782,0.5429621,-50.36008,-17.10932,-4.386284
28.789553165,21.44238,110.8151,11.16848,0.6902722,-0.07450177,0.5324842,-50.36008,-17.10932,-4.386284
28.799550533,18.36572,105.1766,11.35139,0.6655715,-0.03006823,0.555966,-50.36008,-17.10932,-4.386284
28.809547901,13.50459,99.0633000000001,11.47333,0.623231,-0.007159412,0.5488553,-50.36008,-17.10932,-4.386284
28.819545269,6.05907200000001,92.5938899999999,11.41236,0.6071123,-0.004999912,0.5541472,-50.36008,-17.10932,-4.386284
28.829543114,0.3980148,86.1838299999997,11.29042,0.5725612,-0.00771842,0.544158,-48.50283,-15.23761,-9.607046
28.839540482,-3.724712,80.30795,10.86362,0.551949,-0.02623709,0.5298414,-48.50283,-15.23761,-9.607046
28.849537849,-6.12450699999998,74.0759499999998,10.4978,0.5217491,-0.05322373,0.5136294,-48.50283,-15.23761,-9.607046
28.859535217,-5.324575,67.5471900000001,9.76614900000002,0.5022362,-0.07860281,0.4906983,-48.50283,-15.23761,-9.607046
28.869532585,-2.617113,61.6713099999998,9.09546899999999,0.4764242,-0.07973909,0.4754292,-46.99422,-14.87978,-13.59697
28.879529953,0.02881546,55.67672,8.42479100000002,0.4420686,-0.06689044,0.4668714,-46.99422,-14.87978,-13.59697
28.889527321,1.505613,49.62278,7.32731800000001,0.4354685,-0.07944134,0.4372145,-46.99422,-14.87978,-13.59697
28.899524212,3.782343,43.92495,6.473727,0.4355007,-0.08152045,0.4223791,-46.99422,-14.87978,-13.59697
28.909522533,5.566806,37.98972,5.559165,0.4298493,-0.06612144,0.4180778,-46.99422,-14.87978,-13.59697
28.919519901,6.18213799999999,32.58865,4.217809,0.4157481,-0.04151614,0.4291033,-45.11935,-14.5028,-15.64911
28.929517269,5.382206,27.06888,3.303247,0.3952731,-0.0152509,0.4229107,-45.11935,-14.5028,-15.64911
28.93951416,1.813279,20.48076,2.876452,0.3798654,0.001054429,0.4325049,-45.11935,-14.5028,-15.64911
28.949511528,-2.063314,13.952,2.144803,0.366188,0.002670948,0.4263068,-45.11935,-14.5028,-15.64911
28.959508896,-6.49370699999998,6.82971999999999,1.413154,0.3668888,-0.03478973,0.4200938,-45.11935,-14.5028,-15.64911
28.969506264,-7.41670600000002,-0.589326100000003,-0.05014454,0.3866611,-0.07571728,0.4186341,-43.9979,-14.12381,-16.8038
28.979503632,-3.478579,-7.47420100000002,-1.940238,0.4114801,-0.1000626,0.4128542,-43.9979,-14.12381,-16.8038
28.989500999,0.5826145,-14.65584,-3.891303,0.4054422,-0.08923675,0.4406193,-43.9979,-14.12381,-16.8038
28.999498844,3.720809,-21.77812,-5.171688,0.4071436,-0.04968835,0.4573564,-43.9979,-14.12381,-16.8038
29.009496212,3.16701,-28.84105,-6.57401600000003,0.4049425,-0.03603774,0.4669282,-43.9979,-14.12381,-16.8038
29.01949358,1.07488,-36.3788,-7.61051899999998,0.4110855,-0.05128666,0.486543,-44.36648,-14.50371,-16.41755
29.029490948,0.644147799999998,-43.56044,-8.70799300000002,0.4363911,-0.0756399,0.478848,-44.36648,-14.50371,-16.41755
29.039488316,1.936346,-50.38596,-9.80546599999998,0.4597414,-0.09947126,0.479292,-44.36648,-14.50371,-16.41755
29.049485683,4.397675,-57.27084,-10.84197,0.4738718,-0.09906049,0.4936245,-44.36648,-14.50371,-16.41755
29.059482574,6.48980500000002,-63.6215399999998,-11.69556,0.4904842,-0.07535884,0.4988538,-44.36648,-14.50371,-16.41755
29.069479942,5.566806,-70.6251200000001,-12.30527,0.5098616,-0.06906136,0.5079113,-44.75613,-14.11255,-14.80985
29.079478264,3.659276,-77.5693499999998,-12.67109,0.5393717,-0.08352058,0.5102565,-44.75613,-14.11255,-14.80985
29.089475632,1.813279,-83.80135,-12.854,0.5707279,-0.092655,0.5063756,-44.75613,-14.11255,-14.80985
29.099472523,1.567146,-90.1520499999998,-13.21983,0.587416,-0.09917234,0.5015624,-44.75613,-14.11255,-14.80985
29.109469891,1.628679,-96.0872899999999,-13.2808,0.6059409,-0.0734672,0.5091807,-44.75613,-14.11255,-14.80985
29.119467258,-0.7711166,-101.8445,-13.21983,0.6267883,-0.04122786,0.5354577,-46.61839,-15.24425,-12.04415
29.129464626,-5.201509,-107.661,-13.40274,0.6474556,-0.02561937,0.5502535,-46.61839,-15.24425,-12.04415
29.139461994,-10.12417,-113.0027,-13.82954,0.6781654,-0.05227799,0.544464,-46.61839,-15.24425,-12.04415
29.149459362,-13.6931,-117.8103,-15.10992,0.7196431,-0.1073901,0.5391415,-46.61839,-15.24425,-12.04415
29.159457207,-12.0317,-121.4307,-16.63419,0.7799129,-0.1515717,0.5194263,-46.61839,-15.24425,-12.04415
29.169454575,-6.18604100000003,-123.5674,-18.52429,0.8125763,-0.152393,0.5184124,-48.12896,-15.59826,-7.602728
29.179451942,-0.7711166,-126.0602,-19.92661,0.8228366,-0.1278888,0.5188667,-48.12896,-15.59826,-7.602728
29.18944931,1.013347,-129.2059,-20.65826,0.8497982,-0.1102604,0.5283867,-48.12896,-15.59826,-7.602728
29.199446678,-0.03271778,-131.6987,-21.32894,0.8952247,-0.08982001,0.5397881,-48.12896,-15.59826,-7.602728
29.209444046,-1.447982,-134.3102,-21.93865,0.9245593,-0.09511561,0.5349525,-48.12896,-15.59826,-7.602728
29.219441414,-2.986313,-136.2688,-22.48738,0.9558867,-0.1028366,0.5262855,-49.61485,-17.46062,-1.605181
29.229438305,-2.801713,-137.8714,-22.73127,0.9814876,-0.09134278,0.5056592,-49.61485,-17.46062,-1.605181
29.239436626,-2.863246,-139.3552,-22.18253,0.9994291,-0.06095205,0.49557,-49.61485,-17.46062,-1.605181
29.249433994,-5.75530800000001,-140.7203,-20.84118,1.027772,-0.01321189,0.500294,-49.61485,-17.46062,-1.605181
29.259430885,-12.09323,-142.3821,-19.49982,1.039635,0.003417306,0.4863904,-49.61485,-17.46062,-1.605181
29.269428253,-20.52328,-144.5782,-18.76817,1.070107,-0.03704539,0.4595474,-51.49319,-18.56127,4.83703
29.279425621,-25.87667,-146.7742,-18.34137,1.129594,-0.09146922,0.4374432,-51.49319,-18.56127,4.83703
29.289422989,-25.99974,-147.249,-19.01205,1.174888,-0.1164345,0.4258849,-51.49319,-18.56127,4.83703
29.299420357,-23.35381,-147.4864,-19.49982,1.189141,-0.122978,0.4234689,-51.49319,-18.56127,4.83703
29.309417725,-21.75395,-148.08,-20.10953,1.198533,-0.1300772,0.4239329,-51.49319,-18.56127,4.83703
29.319415569,-20.21562,-148.08,-21.26797,1.208913,-0.1382867,0.4071667,-51.88014,-19.27086,11.22384
29.329412937,-18.18502,-147.1897,-22.18253,1.2169,-0.1490608,0.3808339,-51.88014,-19.27086,11.22384
29.339410305,-14.86223,-146.24,-22.42641,1.210288,-0.1347931,0.3612202,-51.88014,-19.27086,11.22384
29.349407673,-13.07776,-144.9936,-22.6703,1.201738,-0.1210057,0.3463956,-51.88014,-19.27086,11.22384
29.359405041,-11.72403,-143.5692,-22.2435,1.189847,-0.08487831,0.3373141,-51.88014,-19.27086,11.22384
29.369402409,-13.26236,-141.5512,-21.99962,1.182603,-0.0628392,0.3186566,-51.88647,-20.35418,18.06695
29.379399777,-15.78522,-139.2958,-21.93865,1.177108,-0.05564108,0.3205786,-51.88647,-20.35418,18.06695
29.389396668,-17.93889,-135.6753,-22.30447,1.157813,-0.0670727,0.281372,-51.88647,-20.35418,18.06695
29.399394989,-18.49269,-132.6483,-22.97515,1.126117,-0.09287234,0.2388406,-51.88647,-20.35418,18.06695
29.409392357,-17.20049,-130.3929,-23.76777,1.110166,-0.1265517,0.203941,-51.88647,-20.35418,18.06695
29.419389248,-13.81616,-128.375,-23.88971,1.102379,-0.153656,0.1795542,-49.62074,-22.56169,24.93284
29.429386616,-8.58583600000001,-125.4667,-23.95068,1.098242,-0.1676117,0.1503719,-49.62074,-22.56169,24.93284
29.439383984,-2.309447,-121.5495,-23.58486,1.095246,-0.1638097,0.1475047,-49.62074,-22.56169,24.93284
29.449381352,3.043944,-118.1664,-22.91418,1.092608,-0.1532193,0.1422422,-49.62074,-22.56169,24.93284
29.459378719,6.85900399999999,-114.7833,-21.93865,1.101836,-0.1259384,0.1297761,-47.77157,-22.50023,30.55827
29.469376087,8.028135,-111.4002,-20.1705,1.11536,-0.09359902,0.1297442,-47.77157,-22.50023,30.55827
29.479373932,5.566806,-108.3732,-18.89011,1.123254,-0.07313878,0.1182393,-47.77157,-22.50023,30.55827
29.4893713,2.305545,-105.3463,-17.67069,1.139034,-0.05736901,0.1081577,-47.77157,-22.50023,30.55827
29.499368668,-0.5249836,-102.438,-16.32934,1.1582,-0.03993852,0.1129055,-47.77157,-22.50023,30.55827
29.509366036,-4.340044,-97.8085100000001,-16.26837,1.183519,-0.0125843,0.1267331,-45.85742,-25.42476,35.42558
29.519363403,-8.27817099999997,-91.69521,-17.48778,1.188283,0.01907849,0.1248023,-45.85742,-25.42476,35.42558
29.529360771,-12.7701,-85.9973799999999,-18.21943,1.170624,0.02489331,0.1080814,-45.85742,-25.42476,35.42558
29.539358139,-16.46209,-81.0711400000003,-18.52429,1.165119,0.00611699,0.08608136,-45.85742,-25.42476,35.42558
29.549355984,-18.43115,-75.7294199999998,-19.19496,1.167684,-0.02701235,0.07124956,-45.85742,-25.42476,35.42558
29.559353352,-18.00042,-69.7348399999998,-19.19496,1.168909,-0.0663845,0.06742895,-43.64388,-24.61012,39.82423
29.56935072,-14.73916,-63.5028400000002,-19.07302,1.189626,-0.1058838,0.06070295,-43.64388,-24.61012,39.82423
29.579348087,-7.41670600000002,-56.67731,-17.54875,1.221367,-0.1353851,0.06065521,-43.64388,-24.61012,39.82423
29.589344978,0.705681,-48.8428,-15.84157,1.226409,-0.1181766,0.07164923,-43.64388,-24.61012,39.82423
29.599342346,6.612871,-41.72052,-13.40274,1.225727,-0.0816743,0.07929824,-43.64388,-24.61012,39.82423
29.609339714,8.88960099999997,-34.36082,-10.65906,1.205577,-0.04656795,0.08267436,-42.10648,-26.86412,41.84703
29.619337082,8.21273500000003,-27.17919,-7.67149000000001,1.175682,-0.01176381,0.07410315,-42.10648,-26.86412,41.84703
29.62933445,4.397675,-20.23496,-4.805864,1.156064,-0.004774556,0.08370706,-42.10648,-26.86412,41.84703
29.639332294,0.02881546,-13.46879,-2.001209,1.142672,-0.01814202,0.08564816,-42.10648,-26.86412,41.84703
29.649329662,-2.74018,-5.634277,0.0717969800000001,1.140538,-0.03421587,0.0861346,-42.10648,-26.86412,41.84703
29.65932703,-3.909311,2.615702,1.718008,1.140356,-0.05087306,0.07178192,-39.92584,-26.83736,43.08875
29.669324398,-3.847778,10.33151,3.48616,1.133873,-0.06901608,0.06796928,-39.92584,-26.83736,43.08875
29.679321766,-3.847778,17.86926,5.254312,1.140667,-0.06737138,0.07369994,-39.92584,-26.83736,43.08875
29.689319134,-3.909311,25.52571,6.90052199999999,1.145542,-0.06715665,0.08661293,-39.92584,-26.83736,43.08875
29.699316502,-3.724712,33.12282,8.54673300000003,1.1454,-0.05927473,0.09857555,-39.92584,-26.83736,43.08875
29.709314346,-4.155444,40.48251,10.071,1.139217,-0.04139071,0.1014532,-39.91798,-27.21772,43.09078
29.719311714,-5.201509,47.36739,11.83915,1.139137,-0.0369618,0.1076737,-39.91798,-27.21772,43.09078
29.729309082,-6.92443900000002,54.37097,13.54634,1.151524,-0.04791566,0.105262,-39.91798,-27.21772,43.09078
29.73930645,-7.232106,61.4338999999997,14.76575,1.154838,-0.06878515,0.1009544,-39.91798,-27.21772,43.09078
29.749303341,-5.632242,68.3187700000002,15.92419,1.150777,-0.08652158,0.08325876,-39.91798,-27.21772,43.09078
29.759300709,-4.093911,74.2540099999997,17.08264,1.156369,-0.09914647,0.07224501,-40.2972,-26.84671,42.31197
29.769298077,-1.447982,79.6550799999997,18.24108,1.156542,-0.1076092,0.1028758,-40.2972,-26.84671,42.31197
29.779295444,1.382547,84.58132,19.58244,1.163529,-0.1161304,0.1124373,-40.2972,-26.84671,42.31197
29.789293289,4.582274,89.3888600000001,20.74088,1.179226,-0.1216472,0.1128899,-40.2972,-26.84671,42.31197
29.799290657,7.47433699999998,93.9589900000002,21.59447,1.200282,-0.1270362,0.1157261,-40.2972,-26.84671,42.31197
29.809288025,9.87413200000002,99.3006999999998,22.44806,1.217598,-0.1150622,0.1123428,-42.47865,-26.50673,39.45571
29.819285393,11.04326,103.9895,23.4236,1.208421,-0.09331912,0.1185746,-42.47865,-26.50673,39.45571
29.829282761,10.551,107.7287,24.15525,1.206395,-0.08885408,0.1329343,-42.47865,-26.50673,39.45571
29.839280128,9.13573400000002,111.646,24.94787,1.210644,-0.08140644,0.1410608,-42.47865,-26.50673,39.45571
29.849277496,7.04360400000002,115.5633,25.61855,1.209458,-0.06954356,0.1654672,-42.47865,-26.50673,39.45571
29.859275341,4.766874,119.4805,26.35019,1.203025,-0.0635718,0.19467,-44.37051,-24.65988,34.59414
29.869272709,1.44408,123.2791,27.75252,1.195876,-0.04548317,0.2219566,-44.37051,-24.65988,34.59414
29.879270077,-2.494047,127.137,28.78902,1.18094,-0.05452083,0.2224636,-44.37051,-24.65988,34.59414
29.889267445,-4.46311,130.9949,30.00844,1.160827,-0.07343224,0.2172392,-44.37051,-24.65988,34.59414
29.899264812,-5.632242,135.0902,31.16688,1.151691,-0.07990804,0.2196496,-44.37051,-24.65988,34.59414
29.909261703,-7.04750599999997,138.3546,32.32533,1.158552,-0.08154518,0.2383026,-45.86105,-24.01794,29.35478
29.919259071,-7.97050500000002,141.6783,32.87407,1.150787,-0.08236343,0.2718166,-45.86105,-24.01794,29.35478
29.929256439,-6.80137299999998,145.833,32.75212,1.159258,-0.118068,0.2813826,-45.86105,-24.01794,29.35478
29.939254761,-3.109379,150.5218,32.75212,1.147436,-0.1372709,0.2794939,-45.86105,-24.01794,29.35478
29.949251652,0.705681,154.4984,32.99601,1.151857,-0.1383474,0.311551,-45.86105,-24.01794,29.35478
29.95924902,5.013007,158.6531,33.72766,1.143105,-0.1123575,0.3560672,-48.4799,-22.95049,22.9437
29.969246387,6.428272,162.9858,33.72766,1.147822,-0.1031971,0.3909926,-48.4799,-22.95049,22.9437
29.979243755,8.15120200000001,167.3779,33.48377,1.137738,-0.08480781,0.4044056,-48.4799,-22.95049,22.9437
29.989241123,8.028135,172.0667,32.63018,1.141998,-0.07778008,0.4197108,-48.4799,-22.95049,22.9437
29.999238491,7.35127000000003,174.7969,31.83756,1.126978,-0.08172749,0.4455811,-48.4799,-22.95049,22.9437
30.009236336,5.751406,178.3581,29.82553,1.132612,-0.09615059,0.4503607,-49.63176,-19.98419,14.85659
30.021733284,5.320673,181.8005,26.59408,1.131349,-0.1325861,0.4542009,-49.63176,-19.98419,14.85659
30.029231071,7.22820399999999,183.6404,25.13078,1.107464,-0.1320203,0.461421,-49.63176,-19.98419,14.85659
30.039228439,9.01266799999998,184.7681,23.24068,1.070387,-0.1291582,0.4825423,-49.63176,-19.98419,14.85659
30.051724911,9.44340000000003,184.5901,21.65545,1.052488,-0.1356536,0.5017182,-50.72549,-19.68636,6.074182
30.059223175,10.12027,184.4714,20.86283,1.059286,-0.1338553,0.5241989,-50.72549,-19.68636,6.074182
30.069220066,9.99719900000002,184.4714,20.74088,1.048135,-0.1098917,0.5648912,-50.72549,-19.68636,6.074182
30.079217434,7.16667,183.5811,19.88729,1.021722,-0.1037804,0.5993931,-50.72549,-19.68636,6.074182
30.091714859,4.705341,183.0469,19.21662,0.9994614,-0.1368695,0.6425123,-50.72549,-19.68636,6.074182
30.099213123,5.197607,182.6314,19.39953,0.9807344,-0.1519274,0.6305844,-50.36883,-17.09243,-2.386774
30.109210014,7.28973700000001,181.385,18.91176,0.939588,-0.1662765,0.6383171,-50.36883,-17.09243,-2.386774
30.121706963,10.42793,179.7825,18.48497,0.9145173,-0.1546277,0.6378793,-50.36883,-17.09243,-2.386774
30.12920475,11.53553,178.2987,18.11914,0.8898255,-0.1370962,0.6422249,-50.36883,-17.09243,-2.386774
30.139202118,11.1048,174.4408,18.424,0.8574515,-0.09907448,0.6719433,-50.36883,-17.09243,-2.386774
30.149199486,7.22820399999999,169.9894,18.30205,0.8350114,-0.07105248,0.702604,-48.86435,-15.63113,-10.8333
30.161696911,0.2134152,163.7574,17.93623,0.7932228,-0.1027941,0.7227853,-48.86435,-15.63113,-10.8333
30.171694279,-2.124848,159.0092,17.02167,0.7797353,-0.1627218,0.7347886,-48.86435,-15.63113,-10.8333
30.181691647,-1.447982,153.1333,15.43643,0.747142,-0.2171692,0.7496954,-48.86435,-15.63113,-10.8333
30.191688538,5.505273,148.6819,13.36342,0.7257919,-0.221947,0.7516481,-48.86435,-15.63113,-10.8333
30.201685906,10.9202,145.002,11.71721,0.6725751,-0.1903745,0.7589113,-45.48366,-14.52577,-18.0384
30.211683273,13.07386,140.9661,10.61974,0.6150539,-0.1369232,0.7767051,-45.48366,-14.52577,-18.0384
30.221680641,12.2124,137.761,10.43683,0.5689124,-0.0931633,0.7729458,-45.48366,-14.52577,-18.0384
30.231678486,7.78200200000001,135.565,10.74168,0.5444664,-0.06312407,0.7629305,-45.48366,-14.52577,-18.0384
30.241675854,-0.2788507,132.9535,11.5343,0.5209656,-0.08294708,0.771591,-45.48366,-14.52577,-18.0384
30.251673222,-5.632242,129.5111,12.44886,0.5216866,-0.1213134,0.7725567,-41.72124,-14.16142,-23.23715
30.26167059,-6.24757399999999,125.1783,12.93663,0.4765057,-0.1292461,0.7467945,-41.72124,-14.16142,-23.23715
30.271667957,-7.04750599999997,121.914,13.30245,0.4321524,-0.1286383,0.7497431,-41.72124,-14.16142,-23.23715
30.281665325,-9.75496900000002,119.0057,13.48536,0.3962989,-0.1138798,0.7407088,-41.72124,-14.16142,-23.23715
30.291662693,-13.1393,116.3942,13.05857,0.3629228,-0.1529067,0.7431699,-41.72124,-14.16142,-23.23715
30.301660061,-13.5085,112.0615,12.87566,0.3400591,-0.2075524,0.7154664,-37.64206,-14.16854,-27.65754
30.311657906,-8.093571,108.5597,12.81469,0.3076622,-0.1951159,0.710734,-37.64206,-14.16854,-27.65754
30.321655274,-6.61677399999998,104.0489,13.18051,0.2653242,-0.1721324,0.711759,-37.64206,-14.16854,-27.65754
30.331652641,-6.61677399999998,100.0129,12.93663,0.2322999,-0.1261126,0.7141976,-37.64206,-14.16854,-27.65754
30.341650009,-9.26270200000001,95.7989200000002,12.5708,0.1840591,-0.1268297,0.6870031,-37.64206,-14.16854,-27.65754
30.3516469,-10.67797,91.2881400000002,12.50983,0.1535194,-0.1359134,0.6631298,-33.5041,-14.16811,-31.23897
30.361644268,-13.1393,85.7683599999998,12.26595,0.13087,-0.149534,0.6574299,-33.5041,-14.16811,-31.23897
30.371641636,-11.1087,79.7144200000001,12.20498,0.08967719,-0.1109612,0.6072413,-33.5041,-14.16811,-31.23897
30.381639958,-11.4779,74.66947,11.71721,0.05053514,-0.07763185,0.5637506,-33.5041,-14.16811,-31.23897
30.391636849,-16.03136,69.4464599999999,11.04653,0.01277345,-0.09115274,0.5485054,-33.5041,-14.16811,-31.23897
30.401634216,-19.41569,62.73965,9.94906,-0.003643957,-0.1257211,0.523657,-30.50358,-13.78541,-33.60527
30.411631584,-17.81582,55.55801,8.72964499999998,-0.009120128,-0.1723227,0.4877853,-30.50358,-13.78541,-33.60527
30.421628952,-10.7395,49.08861,7.205376,-0.0291001,-0.172985,0.4586272,-30.50358,-13.78541,-33.60527
30.43162632,-6.30910700000001,42.32244,5.498195,-0.0513675,-0.1549855,0.4557899,-30.50358,-13.78541,-33.60527
30.441623688,-3.909311,34.72533,4.156838,-0.06825321,-0.1128151,0.4275725,-30.50358,-13.78541,-33.60527
30.451621533,-2.55558,27.00952,2.69354,-0.105512,-0.1017316,0.3917414,-27.90478,-12.25792,-35.20642
30.4616189,-3.047846,17.92861,2.022861,-0.1314586,-0.09550688,0.3846064,-27.90478,-12.25792,-35.20642
30.471616268,-3.109379,8.90705299999997,0.4376215,-0.1178056,-0.096345,0.369747,-27.90478,-12.25792,-35.20642
30.481613636,-3.786245,-0.2925643,-1.513443,-0.09879319,-0.1226786,0.3716349,-27.90478,-12.25792,-35.20642
30.491611004,-0.894183000000003,-9.49218100000001,-3.830332,-0.07771341,-0.1552798,0.374478,-26.01954,-12.6313,-36.029
30.501608372,4.090009,-18.51374,-5.659454,-0.06258779,-0.1565046,0.3672733,-26.01954,-12.6313,-36.029
30.511605263,8.52040099999998,-26.82307,-7.54954800000001,-0.07396626,-0.1211329,0.3806842,-26.01954,-12.6313,-36.029
30.521603584,8.64346799999999,-35.60722,-8.64702100000002,-0.07363708,-0.112182,0.4022172,-26.01954,-12.6313,-36.029
30.531600952,8.028135,-44.45073,-9.80546599999998,-0.04426337,-0.1193373,0.406475,-26.01954,-12.6313,-36.029
30.54159832,9.01266799999998,-51.57301,-10.72003,-0.01689199,-0.1235901,0.413607,-25.27989,-12.24151,-35.57396
30.551595211,10.12027,-57.9830700000001,-11.8175,-0.009661452,-0.1188852,0.434172,-25.27989,-12.24151,-35.57396
30.561592579,10.12027,-63.5621899999997,-13.09789,0.01243137,-0.1012785,0.4518362,-25.27989,-12.24151,-35.57396
30.571589947,7.47433699999998,-69.7941899999999,-13.89051,0.03606716,-0.1136731,0.4800343,-25.27989,-12.24151,-35.57396
30.581587315,6.48980500000002,-76.3229500000002,-14.37827,0.08171095,-0.1305889,0.4976663,-25.27989,-12.24151,-35.57396
30.591585159,6.55133799999999,-82.4955999999998,-14.86604,0.1211259,-0.1528721,0.5263179,-27.15279,-12.6223,-33.97333
30.601582527,7.22820399999999,-88.3714800000001,-15.47575,0.1421186,-0.1540722,0.5621748,-27.15279,-12.6223,-33.97333
30.611579895,9.38186599999998,-94.0693100000002,-16.02448,0.1580059,-0.1434175,0.5769802,-27.15279,-12.6223,-33.97333
30.621577263,9.01266799999998,-99.4703800000002,-16.69516,0.1706021,-0.1391452,0.5917931,-27.15279,-12.6223,-33.97333
30.631574631,7.35127000000003,-105.8804,-17.00002,0.211702,-0.1472678,0.6242667,-27.15279,-12.6223,-33.97333
30.641571999,6.428272,-112.0531,-17.30487,0.2439927,-0.1537698,0.6404836,-29.40383,-12.99938,-31.60147
30.651569366,6.612871,-118.6412,-17.97555,0.2824292,-0.2026203,0.6356434,-29.40383,-12.99938,-31.60147
30.661567211,10.30486,-123.7455,-18.46332,0.3448728,-0.206167,0.6441498,-29.40383,-12.99938,-31.60147
30.671564579,13.75073,-128.553,-18.58526,0.3836631,-0.1691383,0.6770944,-29.40383,-12.99938,-31.60147
30.681561947,13.81226,-133.0045,-18.15846,0.4145894,-0.1290608,0.688516,-29.40383,-12.99938,-31.60147
30.691559315,12.0278,-136.5062,-18.03652,0.4387121,-0.09016411,0.691814,-33.89912,-13.7666,-28.40577
30.701556683,6.73593800000001,-141.017,-17.73167,0.4709095,-0.09187434,0.7008513,-33.89912,-13.7666,-28.40577
30.711553574,-0.2173175,-148.4954,-17.12196,0.5350409,-0.1075889,0.703615,-33.89912,-13.7666,-28.40577
30.721550941,-5.75530800000001,-156.508,-17.12196,0.5892727,-0.16659,0.7236359,-33.89912,-13.7666,-28.40577
30.731549263,-5.447642,-165.0547,-17.06099,0.6478862,-0.2255835,0.7350346,-33.89912,-13.7666,-28.40577
30.741546631,1.505613,-171.0493,-18.2804,0.6862116,-0.2430122,0.7124792,-38.03627,-14.13376,-23.2098
30.751543522,8.88960099999997,-173.0673,-19.98759,0.7365558,-0.2256447,0.6961154,-38.03627,-14.13376,-23.2098
30.76154089,12.82773,-174.0763,-20.35341,0.7597414,-0.1630475,0.6893588,-38.03627,-14.13376,-23.2098
30.771538258,12.52006,-174.1357,-20.23147,0.7611923,-0.08487002,0.6797646,-38.03627,-14.13376,-23.2098
30.781535625,5.136074,-173.6608,-19.49982,0.7789618,-0.07085116,0.6864302,-38.03627,-14.13376,-23.2098
30.791532993,-3.909311,-173.4828,-18.76817,0.8253862,-0.07761253,0.6968796,-42.85795,-14.87609,-16.7914
30.801530838,-9.57036899999999,-172.6518,-18.2804,0.8819376,-0.1045263,0.7135381,-42.85795,-14.87609,-16.7914
30.811528206,-12.52396,-171.2867,-18.21943,0.9314569,-0.1461398,0.732127,-42.85795,-14.87609,-16.7914
30.821525574,-13.01623,-170.99,-17.60972,0.9633301,-0.1566384,0.7373385,-42.85795,-14.87609,-16.7914
30.831522942,-11.17023,-169.7436,-17.30487,0.9992136,-0.147901,0.7119091,-42.85795,-14.87609,-16.7914
30.841520309,-11.78556,-168.9126,-16.69516,1.014645,-0.139357,0.7094871,-46.61169,-15.98753,-9.976089
30.851517677,-15.41603,-168.3785,-15.65866,1.048865,-0.1192476,0.7089437,-46.61169,-15.98753,-9.976089
30.861515045,-19.84642,-166.8947,-15.47575,1.096211,-0.1229962,0.7280052,-46.61169,-15.98753,-9.976089
30.87151289,-23.72301,-164.6393,-16.08545,1.118926,-0.139144,0.719834,-46.61169,-15.98753,-9.976089
30.881510258,-25.01521,-163.3335,-17.36584,1.137521,-0.1951195,0.7226875,-46.61169,-15.98753,-9.976089
30.891507626,-21.20015,-160.4252,-18.64623,1.168523,-0.2116816,0.7044517,-49.58958,-18.60496,-1.986099
30.901504993,-15.53909,-157.2202,-19.92661,1.195991,-0.1957336,0.6886067,-49.58958,-18.60496,-1.986099
30.911501884,-12.52396,-154.4307,-20.35341,1.217007,-0.1729037,0.6952643,-49.58958,-18.60496,-1.986099
30.921499252,-10.12417,-152.1159,-20.1705,1.231906,-0.1362733,0.6832645,-49.58958,-18.60496,-1.986099
30.93149662,-10.43183,-149.6231,-19.56079,1.235728,-0.1067396,0.6631501,-49.58958,-18.60496,-1.986099
30.941494465,-11.41637,-146.6555,-19.25594,1.245369,-0.1019836,0.6310674,-52.24268,-18.5669,4.831469
30.951491833,-13.93923,-144.9936,-18.46332,1.233313,-0.1099978,0.5779685,-52.24268,-18.5669,4.831469
30.961489201,-16.64669,-143.8659,-17.73167,1.230612,-0.123155,0.526769,-52.24268,-18.5669,4.831469
30.971486568,-19.10802,-143.035,-16.87807,1.237742,-0.1403072,0.4956535,-52.24268,-18.5669,4.831469
30.981483936,-20.95402,-141.3731,-16.39031,1.256478,-0.1521514,0.4884453,-52.24268,-18.5669,4.831469
30.991481304,-21.38475,-138.999,-16.2074,1.262243,-0.1483868,0.4625912,-52.23469,-20.4082,12.00114
31.001478672,-21.20015,-136.0314,-16.02448,1.236048,-0.1291211,0.4473175,-52.23469,-20.4082,12.00114
31.011476517,-23.23075,-132.8858,-16.14643,1.200762,-0.1195399,0.4023904,-52.23469,-20.4082,12.00114
31.021473885,-25.75361,-130.2149,-15.7806,1.173207,-0.13201,0.373727,-52.23469,-20.4082,12.00114
31.031471252,-26.92274,-127.6034,-15.29283,1.148293,-0.1293507,0.3464909,-51.49937,-21.10554,18.84779
31.04146862,-26.43047,-123.5674,-14.56119,1.134554,-0.1250259,0.3177992,-51.49937,-21.10554,18.84779
31.051465988,-26.43047,-119.3534,-14.25633,1.101534,-0.1060661,0.283873,-51.49937,-21.10554,18.84779
31.061463356,-28.5226,-116.3264,-13.82954,1.074966,-0.09326978,0.2528086,-51.49937,-21.10554,18.84779
31.071461201,-30.79933,-113.2995,-14.56119,1.053032,-0.09337072,0.2360967,-51.49937,-21.10554,18.84779
31.081458569,-32.70687,-110.688,-15.47575,1.042733,-0.1167512,0.1992703,-50.39212,-21.42951,24.53419
31.091455936,-33.1376,-107.5423,-16.93905,1.0424,-0.1514746,0.1758296,-50.39212,-21.42951,24.53419
31.101453304,-30.7378,-103.9812,-18.76817,1.052578,-0.2010852,0.1490244,-50.39212,-21.42951,24.53419
31.111450195,-25.19981,-99.7671400000003,-20.35341,1.048416,-0.2135045,0.1284561,-50.39212,-21.42951,24.53419
31.121447563,-18.92342,-95.5531199999998,-21.14603,1.059167,-0.2152885,0.1226949,-50.39212,-21.42951,24.53419
31.131444931,-12.64703,-91.5765099999999,-21.38991,1.060401,-0.2030937,0.1250824,-48.12184,-23.28064,28.56003
31.141442776,-7.17057299999998,-87.4811900000001,-20.7802,1.048586,-0.1707778,0.1241376,-48.12184,-23.28064,28.56003
31.151440144,-4.155444,-83.38588,-19.98759,1.045122,-0.142259,0.1150433,-48.12184,-23.28064,28.56003
31.161437511,-4.155444,-79.8247400000001,-19.13399,1.052605,-0.1256286,0.1107188,-48.12184,-23.28064,28.56003
31.171434879,-5.139976,-76.5010100000002,-18.15846,1.06014,-0.1119743,0.09969491,-48.12184,-23.28064,28.56003
31.181432247,-7.232106,-73.0585699999998,-17.54875,1.080631,-0.1136229,0.0876952,-46.61021,-24.69364,32.57795
31.191429615,-9.20116899999999,-69.4380700000001,-16.87807,1.106363,-0.1088287,0.07807759,-46.61021,-24.69364,32.57795
31.201426983,-10.80103,-65.8769300000001,-16.63419,1.130962,-0.1215465,0.06894504,-46.61021,-24.69364,32.57795
31.211424828,-11.60097,-62.1377300000002,-16.08545,1.144743,-0.1291677,0.05600142,-46.61021,-24.69364,32.57795
31.221422195,-11.60097,-58.6952899999999,-14.86604,1.160397,-0.132203,0.0621964,-46.61021,-24.69364,32.57795
31.231419563,-11.35483,-55.31221,-13.40274,1.171806,-0.116874,0.06647975,-45.10346,-25.79295,36.20717
31.241416931,-11.53943,-51.51366,-11.75653,1.195797,-0.09693598,0.06930425,-45.10346,-25.79295,36.20717
31.251414299,-12.70856,-47.29964,-10.11032,1.188836,-0.08991158,0.05543587,-45.10346,-25.79295,36.20717
31.261411667,-14.24689,-43.61979,-8.46410900000001,1.188503,-0.09821426,0.05160998,-45.10346,-25.79295,36.20717
31.271408558,-15.60063,-38.81225,-6.39110400000002,1.203173,-0.1264414,0.06834184,-45.10346,-25.79295,36.20717
31.281406879,-15.23143,-33.05507,-4.50101,1.210918,-0.1495917,0.07072717,-44.33913,-26.9115,38.21833
31.291404247,-12.70856,-26.52631,-2.732858,1.215468,-0.1581873,0.07742152,-44.33913,-26.9115,38.21833
31.301401138,-9.93956800000001,-19.52273,-0.4159691,1.20999,-0.1512336,0.1056653,-44.33913,-26.9115,38.21833
31.311398506,-7.232106,-12.87527,1.657037,1.196994,-0.1333219,0.1262621,-44.33913,-26.9115,38.21833
31.321395874,-5.693775,-5.45622,3.973926,1.186314,-0.1090691,0.1444603,-44.33913,-26.9115,38.21833
31.331393242,-5.693775,1.606712,6.83955100000002,1.17485,-0.09505858,0.1602697,-42.4472,-28.02816,39.46382
31.341391087,-6.24757399999999,8.96640499999999,9.15644099999999,1.158807,-0.09747723,0.1430696,-42.4472,-28.02816,39.46382
31.351388455,-6.73984000000002,16.20739,11.35139,1.154104,-0.106996,0.1220229,-42.4472,-28.02816,39.46382
31.361385822,-6.678307,23.44838,13.66828,1.154404,-0.1230349,0.1210693,-42.4472,-28.02816,39.46382
31.37138319,-5.75530800000001,30.57067,15.55837,1.151612,-0.1298056,0.1306475,-42.4472,-28.02816,39.46382
31.381380558,-4.401577,38.10842,16.89973,1.161393,-0.1314947,0.1373309,-43.19498,-28.03705,39.07126
31.391377926,-2.617113,45.64617,18.36302,1.160439,-0.1324284,0.1435543,-43.19498,-28.03705,39.07126
31.401375294,-2.001781,52.7091,19.88729,1.145688,-0.1254395,0.1426211,-43.19498,-28.03705,39.07126
31.411373139,-1.694115,59.59398,21.22865,1.14218,-0.1201064,0.1488473,-43.19498,-28.03705,39.07126
31.421370506,-1.755648,66.12273,22.44806,1.132392,-0.1178745,0.1483852,-43.19498,-28.03705,39.07126
31.431367874,-2.370981,72.0579700000001,23.17971,1.131593,-0.1014121,0.1435966,-43.18793,-28.05067,37.45875
31.441365242,-3.970845,77.4590400000001,23.54554,1.124132,-0.09326778,0.1469575,-43.18793,-28.05067,37.45875
31.45136261,-6.12450699999998,82.7413899999999,24.21622,1.125322,-0.1050253,0.134037,-43.18793,-28.05067,37.45875
31.461359978,-7.10903899999999,87.25217,24.52107,1.108673,-0.1268015,0.126893,-43.18793,-28.05067,37.45875
31.471356869,-5.93990799999998,91.5255399999999,25.4966,1.11376,-0.1384381,0.1187513,-43.18793,-28.05067,37.45875
31.48135519,-4.401577,95.9176300000001,26.16728,1.115484,-0.126159,0.1292738,-44.68236,-27.70554,34.60759
31.491352558,-5.263042,99.3600600000002,27.32573,1.090697,-0.1038797,0.121654,-44.68236,-27.70554,34.60759
31.501349449,-6.43217400000002,101.0219,27.56961,1.091829,-0.1120437,0.12979,-44.68236,-27.70554,34.60759
31.511346817,-7.04750599999997,103.6928,27.32573,1.128838,-0.162932,0.1177741,-44.68236,-27.70554,34.60759
31.521344185,-5.263042,107.7287,27.75252,1.155542,-0.1830762,0.1421402,-44.68236,-27.70554,34.60759
31.531341553,-4.155444,111.8241,28.60611,1.168701,-0.1561762,0.1856607,-46.57619,-25.85487,30.19752
31.541339398,-4.155444,114.9104,29.4597,1.175509,-0.1540707,0.2416417,-46.57619,-25.85487,30.19752
31.551336765,-3.540112,118.1154,30.31329,1.182739,-0.1493789,0.2607709,-46.57619,-25.85487,30.19752
31.561334133,-3.232446,121.914,30.86203,1.190394,-0.1676627,0.2641124,-46.57619,-25.85487,30.19752
31.571331501,-2.678647,126.0686,31.65465,1.17941,-0.1795248,0.2660488,-46.57619,-25.85487,30.19752
31.581328869,-2.370981,129.6298,32.99601,1.183299,-0.1789006,0.272742,-48.44448,-25.14908,25.34204
31.591326237,-2.678647,132.8348,34.21542,1.168334,-0.1857889,0.2957415,-48.44448,-25.14908,25.34204
31.601323605,-1.694115,135.9805,35.67872,1.149105,-0.1997664,0.2967358,-48.44448,-25.14908,25.34204
31.611321449,-0.2788507,138.9481,36.41037,1.141252,-0.1971551,0.2804772,-48.44448,-25.14908,25.34204
31.621318817,0.4595481,141.0848,36.89814,1.132515,-0.1986802,0.2919786,-49.19786,-23.74734,19.33018
31.631316185,0.4595481,142.806,37.32493,1.123953,-0.1829615,0.3288399,-49.19786,-23.74734,19.33018
31.641313553,-0.03271778,143.2808,37.87367,1.117375,-0.1691605,0.3642624,-49.19786,-23.74734,19.33018
31.651310921,-1.571049,143.1028,37.93464,1.126974,-0.1867533,0.3857861,-49.19786,-23.74734,19.33018
31.661307812,-1.140316,143.2215,38.78823,1.13797,-0.175298,0.3924641,-49.19786,-23.74734,19.33018
31.671306133,-2.863246,142.8654,39.8857,1.134671,-0.1547256,0.4173505,-50.71043,-21.54129,11.63135
31.681303501,-9.57036899999999,141.797,40.49541,1.138473,-0.1747705,0.448935,-50.71043,-21.54129,11.63135
31.691300869,-15.66216,140.4913,40.25153,1.17891,-0.2514459,0.4790346,-50.71043,-21.54129,11.63135
31.70129776,-13.81616,140.8474,38.91017,1.20907,-0.3523942,0.4809223,-50.71043,-21.54129,11.63135
31.711295128,-3.601645,142.5686,36.7762,1.192162,-0.3855398,0.5063248,-50.71043,-21.54129,11.63135
31.721292496,8.27426799999999,144.1118,34.76416,1.136261,-0.3401903,0.5379966,-51.10442,-19.3159,5.230869
31.731289864,14.67372,145.1801,33.36183,1.094174,-0.2781336,0.5600685,-51.10442,-19.3159,5.230869
31.741287708,14.42759,145.7736,32.32533,1.059334,-0.2124005,0.5964841,-51.10442,-19.3159,5.230869
31.751285076,8.397335,146.3078,31.65465,1.030452,-0.2050733,0.6099327,-51.10442,-19.3159,5.230869
31.761282444,2.736278,147.4355,31.47174,1.001628,-0.2269759,0.6152529,-51.10442,-19.3159,5.230869
31.771279812,-0.832649800000001,149.3348,30.98397,0.9810737,-0.2739666,0.6224795,-50.36883,-17.09243,-2.386774
31.78127718,0.2749484,151.1153,31.59368,0.9462669,-0.2887334,0.6239797,-50.36883,-17.09243,-2.386774
31.791274548,2.920877,153.5488,31.22786,0.8913345,-0.2956105,0.6283844,-50.36883,-17.09243,-2.386774
31.801272392,2.797811,155.0326,31.22786,0.8799718,-0.3133464,0.6264945,-50.36883,-17.09243,-2.386774
31.81126976,4.889941,156.9912,30.61815,0.8672252,-0.3348569,0.6399224,-50.36883,-17.09243,-2.386774
31.821267128,9.074201,159.9588,28.97194,0.83452,-0.3579046,0.6347209,-48.50452,-15.23434,-9.220045
31.831264496,14.98139,162.9265,28.11835,0.7899744,-0.3471178,0.6352745,-48.50452,-15.23434,-9.220045
31.841261864,17.44272,165.2412,27.32573,0.7694644,-0.3180901,0.665453,-48.50452,-15.23434,-9.220045
31.851259232,17.07352,166.3095,25.13078,0.7520015,-0.3215516,0.6965918,-48.50452,-15.23434,-9.220045
31.861256123,18.79645,166.4282,23.30166,0.7308326,-0.3368551,0.6631323,-48.50452,-15.23434,-9.220045
31.871254444,19.53485,166.547,22.32612,0.6958125,-0.3662044,0.6646367,-45.88903,-13.37389,-16.43475
31.881251812,21.07318,165.0631,22.14321,0.6665316,-0.3638585,0.6656442,-45.88903,-13.37389,-16.43475
31.89124918,25.44204,164.4696,22.38709,0.6397093,-0.3109963,0.6589773,-45.88903,-13.37389,-16.43475
31.901246071,21.62698,163.9354,21.9603,0.5855625,-0.2819158,0.6614571,-45.88903,-13.37389,-16.43475
31.911243439,16.45819,161.7394,22.63098,0.5186948,-0.2502104,0.6596512,-45.88903,-13.37389,-16.43475
31.921240807,9.38186599999998,159.484,23.11874,0.4947702,-0.274232,0.6352917,-42.14933,-11.50501,-23.64112
31.931238651,3.474676,156.457,24.27719,0.4680183,-0.3030416,0.6248171,-42.14933,-11.50501,-23.64112
31.941236019,3.105477,153.0146,24.27719,0.4604097,-0.2871822,0.6219549,-42.14933,-11.50501,-23.64112
31.951233387,2.428612,148.6819,23.11874,0.4249893,-0.2951228,0.6272829,-42.14933,-11.50501,-23.64112
31.961230755,3.966942,143.1621,21.47253,0.351517,-0.300983,0.6235839,-42.14933,-11.50501,-23.64112
31.971228123,8.08966899999999,138.2952,19.21662,0.2971049,-0.3106655,0.5858738,-37.32853,-11.12615,-28.05799
31.981225491,11.59706,133.369,18.18011,0.2644365,-0.3100023,0.569659,-37.32853,-11.12615,-28.05799
31.991223335,16.21206,128.9175,17.08264,0.2444606,-0.2848965,0.5419299,-37.32853,-11.12615,-28.05799
32.001220703,16.58125,125.5938,15.74128,0.2268023,-0.2790465,0.5290377,-37.32853,-11.12615,-28.05799
32.011218071,17.75039,121.2017,15.92419,0.2198578,-0.2210068,0.5141989,-37.32853,-11.12615,-28.05799
32.021215439,11.16633,116.6316,17.08264,0.1853364,-0.1730508,0.5190325,-32.075,-10.37019,-33.24763
32.031212807,-0.894183000000003,110.1622,19.27759,0.1193767,-0.1372294,0.5401956,-32.075,-10.37019,-33.24763
32.041210175,-14.43149,101.9716,21.22865,0.06789473,-0.1466215,0.5278448,-32.075,-10.37019,-33.24763
32.051207542,-24.46141,92.71259,22.63098,0.04121545,-0.2049713,0.5283849,-32.075,-10.37019,-33.24763
32.061205387,-26.24587,83.2755699999997,22.38709,-0.00425714,-0.2237672,0.48444,-32.075,-10.37019,-33.24763
32.071202755,-24.70754,74.1352999999999,20.67991,-0.04167591,-0.2558655,0.4562775,-27.56766,-10.3566,-35.60078
32.081200123,-20.27715,63.3925200000002,18.54594,-0.07594432,-0.273647,0.4458132,-27.56766,-10.3566,-35.60078
32.091197014,-12.09323,52.41234,15.61934,-0.09199936,-0.2756677,0.4190415,-27.56766,-10.3566,-35.60078
32.101194382,-1.940248,42.97531,12.38789,-0.1081485,-0.2465066,0.4013548,-27.56766,-10.3566,-35.60078
32.11119175,4.274609,33.8944,9.58323599999998,-0.1000063,-0.2134684,0.3831462,-27.56766,-10.3566,-35.60078
32.121190071,7.96660199999998,25.70377,7.99799599999998,-0.1188786,-0.1430297,0.3683251,-24.27199,-9.208125,-37.64632
32.131186962,5.62834,17.51315,6.53469799999998,-0.1428813,-0.110495,0.36453,-24.27199,-9.208125,-37.64632
32.14118433,0.5826145,8.076119,5.254312,-0.1458214,-0.1352002,0.3793773,-24.27199,-9.208125,-37.64632
32.151181698,-0.4019172,-2.488602,3.791013,-0.1272272,-0.191202,0.3793593,-24.27199,-9.208125,-37.64632
32.161179066,3.290077,-13.52814,1.535095,-0.1176972,-0.2055525,0.3836536,-24.27199,-9.208125,-37.64632
32.171176434,6.305205,-25.27991,-0.964705900000002,-0.1129275,-0.1993725,0.4114011,-22.77302,-9.196875,-37.63519
32.181174278,9.19726699999998,-37.74391,-3.281595,-0.1048469,-0.188509,0.4128199,-22.77302,-9.196875,-37.63519
32.191171646,12.27393,-48.36798,-5.84236700000003,-0.1007921,-0.170957,0.4104155,-22.77302,-9.196875,-37.63519
32.201169014,14.18146,-58.4578900000001,-8.15925599999997,-0.08356255,-0.179617,0.4357522,-22.77302,-9.196875,-37.63519
32.211166382,17.31965,-67.7762100000002,-10.59809,-0.04278142,-0.1971367,0.451,-23.13991,-9.580044,-37.63595
32.22116375,21.56545,-74.3049699999999,-13.46371,0.02968124,-0.2149628,0.4704999,-23.13991,-9.580044,-37.63595
32.231161118,26.79577,-79.4092700000001,-15.35381,0.07323404,-0.1983943,0.4876485,-23.13991,-9.580044,-37.63595
32.241158962,28.8879,-84.0981100000001,-16.02448,0.09249633,-0.1592603,0.5273266,-23.13991,-9.580044,-37.63595
32.25115633,24.02678,-90.2707600000002,-15.90254,0.1192894,-0.1578941,0.5655656,-23.13991,-9.580044,-37.63595
32.261153698,22.11925,-97.33369,-15.59769,0.1377458,-0.1538077,0.6004685,-25.02067,-9.580485,-36.03735
32.271151066,19.90405,-104.9308,-15.35381,0.1399031,-0.1642013,0.6282248,-25.02067,-9.580485,-36.03735
32.281148434,17.38119,-113.893,-15.53672,0.1541326,-0.1948143,0.6507009,-25.02067,-9.580485,-36.03735
32.291145325,19.28872,-122.321,-17.00002,0.2014358,-0.2232424,0.6281327,-25.02067,-9.580485,-36.03735
32.301143646,24.64211,-129.0872,-18.7072,0.2455164,-0.235663,0.6093946,-25.02067,-9.580485,-36.03735
32.311141014,29.87243,-136.2095,-20.04856,0.2833397,-0.2256126,0.6169834,-28.70233,-10.34488,-33.22261
32.321138382,32.27223,-143.8066,-21.02409,0.3477109,-0.2274573,0.647979,-28.70233,-10.34488,-33.22261
32.331135273,38.67168,-150.0386,-21.99962,0.3954333,-0.1997701,0.6498029,-28.70233,-10.34488,-33.22261
32.341132641,42.11754,-153.7184,-22.54836,0.4255989,-0.1971865,0.6545355,-28.70233,-10.34488,-33.22261
32.351130009,42.48674,-155.8551,-22.48738,0.4478609,-0.1889409,0.6578445,-28.70233,-10.34488,-33.22261
32.361127377,43.34821,-155.4397,-22.36544,0.4870453,-0.174285,0.6348009,-33.55751,-12.23909,-28.0241
32.371125221,40.57921,-153.2436,-21.51185,0.5391816,-0.1478895,0.6452318,-33.55751,-12.23909,-28.0241
32.381122589,35.04122,-152.0566,-19.49982,0.565711,-0.08034832,0.6935044,-33.55751,-12.23909,-28.0241
32.391119957,26.05737,-151.7005,-17.54875,0.5956522,-0.03909025,0.7298133,-33.55751,-12.23909,-28.0241
32.401117325,12.0278,-152.8281,-15.35381,0.6288968,-0.04389628,0.769957,-33.55751,-12.23909,-28.0241
32.411114693,-2.124848,-155.2022,-13.95148,0.6767003,-0.09754302,0.8048236,-38.05369,-13.36978,-22.82686
32.421112061,-7.66283799999999,-157.3389,-13.34177,0.7352595,-0.1807917,0.7678925,-38.05369,-13.36978,-22.82686
32.431109905,-7.29363900000002,-158.7634,-13.70759,0.7729999,-0.2456403,0.7156787,-38.05369,-13.36978,-22.82686
32.441107273,-2.863246,-159.7724,-13.2808,0.785369,-0.2563761,0.6840739,-38.05369,-13.36978,-22.82686
32.451104641,-0.5249836,-161.7904,-13.34177,0.7885862,-0.2461385,0.6807156,-38.05369,-13.36978,-22.82686
32.461102009,0.767214200000001,-164.6986,-13.64662,0.8110778,-0.2243435,0.6773207,-42.8734,-14.11592,-16.85996
32.471099377,1.936346,-165.767,-14.80507,0.8493621,-0.2135622,0.6576296,-42.8734,-14.11592,-16.85996
32.481096745,1.628679,-165.8857,-15.41478,0.8829768,-0.1871168,0.6604357,-42.8734,-14.11592,-16.85996
32.491094589,-1.447982,-166.5979,-14.98798,0.927855,-0.1632067,0.6804515,-42.8734,-14.11592,-16.85996
32.501091957,-5.263042,-166.954,-14.68313,0.971845,-0.1443314,0.6832414,-42.8734,-14.11592,-16.85996
32.511089325,-9.44730199999998,-167.4882,-15.04895,1.006792,-0.1631663,0.6736138,-46.59568,-16.74878,-10.03653
32.521086693,-12.2163,-168.3191,-16.14643,1.04358,-0.2024666,0.6539381,-46.59568,-16.74878,-10.03653
32.531083584,-11.90863,-169.5655,-18.21943,1.077176,-0.2535407,0.6290067,-46.59568,-16.74878,-10.03653
32.541080952,-6.678307,-170.3965,-20.47535,1.106719,-0.2708369,0.586845,-46.59568,-16.74878,-10.03653
32.551079273,1.013347,-170.5745,-21.99962,1.128664,-0.2462861,0.5671788,-46.59568,-16.74878,-10.03653
32.561076164,6.18213799999999,-170.3371,-22.6703,1.145123,-0.1886418,0.5647424,-49.65417,-15.55885,-1.615321
32.571073532,5.751406,-169.981,-22.73127,1.165021,-0.132304,0.5713933,-49.65417,-15.55885,-1.615321
32.5810709,1.44408,-169.2094,-23.09709,1.189545,-0.1147851,0.5742174,-49.65417,-15.55885,-1.615321
32.591068268,-2.370981,-167.963,-24.25554,1.199499,-0.1521201,0.5617667,-49.65417,-15.55885,-1.615321
32.601065636,-1.263382,-165.4108,-25.41398,1.216455,-0.1741437,0.5081424,-49.65417,-15.55885,-1.615321
32.611063481,1.382547,-163.5116,-26.99922,1.217469,-0.1775218,0.4554981,-51.50472,-18.17384,5.673507
32.621060848,4.643808,-162.4432,-26.93825,1.227711,-0.152804,0.4262807,-51.50472,-18.17384,5.673507
32.631058216,6.12060500000003,-161.6716,-26.87728,1.229799,-0.1351075,0.3908579,-51.50472,-18.17384,5.673507
32.641055584,5.505273,-161.6123,-27.48699,1.240454,-0.1578196,0.3817523,-51.50472,-18.17384,5.673507
32.651052952,6.92053700000001,-160.544,-27.91378,1.250724,-0.1858496,0.3764772,-51.50472,-18.17384,5.673507
32.66105032,11.53553,-158.4073,-28.88931,1.255334,-0.1979816,0.3683365,-51.87683,-20.0076,14.06591
32.671048164,18.73492,-154.9648,-29.01126,1.257778,-0.1727827,0.3554042,-51.87683,-20.0076,14.06591
32.681045532,23.22684,-151.5817,-29.49902,1.260328,-0.1271328,0.3467736,-51.87683,-20.0076,14.06591
32.6910429,24.39598,-148.1987,-29.37708,1.243311,-0.0775048,0.337219,-51.87683,-20.0076,14.06591
32.701040268,23.84218,-144.6969,-28.64543,1.23009,-0.0224476,0.3286135,-51.87683,-20.0076,14.06591
32.711037636,19.41178,-140.1861,-27.6699,1.209584,0.005143243,0.3080634,-50.73872,-22.21701,21.69745
32.721034527,13.07386,-136.3875,-27.12116,1.17776,0.01256934,0.2856239,-50.73872,-22.21701,21.69745
32.731032848,9.44340000000003,-131.8174,-27.2431,1.137705,-0.008907924,0.255549,-50.73872,-22.21701,21.69745
32.741030216,8.33580199999998,-127.0099,-28.46252,1.116707,-0.03351554,0.2139558,-50.73872,-22.21701,21.69745
32.751027584,9.25880099999997,-122.6178,-29.80388,1.103027,-0.05838554,0.1809643,-50.73872,-22.21701,21.69745
32.761024475,11.78166,-118.1664,-30.35261,1.123124,-0.06484868,0.1747094,-49.24606,-23.28908,28.55169
32.771021843,14.48913,-113.2401,-31.32815,1.141408,-0.05228627,0.1804172,-49.24606,-23.28908,28.55169
32.781019211,17.50425,-108.0171,-33.15727,1.142012,-0.0322367,0.192854,-49.24606,-23.28908,28.55169
32.791017532,20.08865,-102.438,-34.86445,1.151425,-0.01458315,0.1899616,-49.24606,-23.28908,28.55169
32.801014423,21.56545,-96.7995100000002,-36.57163,1.154598,-0.001864042,0.1923456,-46.27267,-23.21918,34.18546
32.811011791,22.42691,-90.74557,-38.40075,1.170435,0.01106139,0.1899218,-46.27267,-23.21918,34.18546
32.821009159,22.61151,-83.6826499999998,-39.49823,1.18151,0.01806584,0.1879864,-46.27267,-23.21918,34.18546
32.831006527,22.18078,-76.5603600000002,-40.35182,1.174373,0.008595457,0.1774726,-46.27267,-23.21918,34.18546
32.841003895,23.28838,-69.2006699999997,-40.77861,1.150407,0.01277082,0.1545417,-46.27267,-23.21918,34.18546
32.851001739,23.47298,-61.9003299999999,-39.92502,1.137532,0.02366239,0.1512113,-44.01185,-24.62601,38.27344
32.860999107,22.48845,-54.83739,-38.94949,1.138334,0.03294622,0.1550361,-44.01185,-24.62601,38.27344
32.870996475,21.68851,-47.41834,-36.93745,1.15323,0.04383035,0.1440001,-44.01185,-24.62601,38.27344
32.880993843,18.48878,-40.29606,-34.5596,1.158156,0.04102958,0.1459065,-44.01185,-24.62601,38.27344
32.890991211,14.48913,-33.52989,-31.57203,1.1825,0.01628106,0.1501776,-44.01185,-24.62601,38.27344
32.900988579,12.52006,-25.51732,-28.40155,1.21409,-0.00482621,0.1649639,-41.42223,-26.48841,40.68909
32.910986423,11.72013,-16.199,-24.92622,1.226453,-0.01420867,0.1749948,-41.42223,-26.48841,40.68909
32.920983791,11.16633,-6.64326800000002,-21.45088,1.222226,-0.02249177,0.1817044,-41.42223,-26.48841,40.68909
32.930981159,10.9202,2.31894,-17.42681,1.214985,-0.02600574,0.185068,-41.42223,-26.48841,40.68909
32.940978527,10.85866,12.46819,-14.01245,1.211154,-0.003763198,0.1812403,-41.42223,-26.48841,40.68909
32.950975895,7.53587,21.54911,-11.14682,1.20127,0.003930626,0.1936985,-41.03713,-27.23596,41.92144
32.960972786,3.782343,29.73973,-8.28119799999998,1.192687,-0.005874436,0.2028089,-41.03713,-27.23596,41.92144
32.970971107,1.25948,38.34583,-5.78139599999999,1.186352,-0.03171501,0.2071338,-41.03713,-27.23596,41.92144
32.980968475,0.4595481,46.53646,-3.342566,1.177843,-0.07178295,0.2014161,-41.03713,-27.23596,41.92144
32.990965366,2.367078,54.72708,-1.025677,1.180201,-0.1200639,0.1774956,-41.03713,-27.23596,41.92144
33.000962734,7.04360400000002,62.50224,1.291212,1.186829,-0.1361489,0.1578666,-40.29353,-26.85379,41.47346
33.010960102,12.08933,69.3871200000001,4.461692,1.184318,-0.1059561,0.1703061,-40.29353,-26.85379,41.47346
33.02095747,12.76619,76.5094,6.71760999999998,1.191351,-0.06482696,0.1889477,-40.29353,-26.85379,41.47346
33.030955315,9.935666,83.2755699999997,8.54673300000003,1.212897,-0.043711,0.2195336,-40.29353,-26.85379,41.47346
33.040952683,7.10513699999998,90.8133200000002,9.09546899999999,1.224762,-0.05265683,0.2252582,-40.29353,-26.85379,41.47346
33.05095005,7.16667,98.11366,9.82711900000002,1.204424,-0.05933643,0.2296025,-41.78824,-26.50811,38.6868
33.060947418,8.76653499999999,104.6424,10.68071,1.176255,-0.06422257,0.2344386,-41.78824,-26.50811,38.6868
33.070944786,10.551,110.2215,11.83915,1.14735,-0.05609934,0.228744,-41.78824,-26.50811,38.6868
33.080942154,11.41246,115.8007,13.05857,1.134222,-0.05789986,0.2196744,-41.78824,-26.50811,38.6868
33.090939999,12.0278,121.1424,13.91216,1.144804,-0.07676534,0.2062607,-41.78824,-26.50811,38.6868
33.100937367,14.24299,125.9499,14.64381,1.142511,-0.08467343,0.1966952,-43.61345,-25.03406,34.66623
33.110934734,17.31965,130.4607,16.10711,1.141013,-0.08276803,0.1957402,-43.61345,-25.03406,34.66623
33.120932102,20.76551,134.3186,18.36302,1.121033,-0.05626493,0.2144327,-43.61345,-25.03406,34.66623
33.13092947,21.19625,138.2359,20.9238,1.114338,-0.01045112,0.2436257,-43.61345,-25.03406,34.66623
33.140927315,16.88892,142.0344,22.32612,1.145511,-0.009125588,0.2679784,-43.61345,-25.03406,34.66623
33.150924683,13.07386,145.833,22.81389,1.178163,-0.0351634,0.2727139,-45.84663,-24.71526,29.3585
33.160922051,14.30453,149.9876,23.05777,1.179225,-0.03936238,0.2894633,-45.84663,-24.71526,29.3585
33.170919418,17.01199,154.0236,23.30166,1.1382,-0.03429335,0.2947978,-45.84663,-24.71526,29.3585
33.180916786,18.79645,157.7628,23.54554,1.125407,-0.02696748,0.3264043,-45.84663,-24.71526,29.3585
33.190913677,19.04258,161.3833,23.17971,1.129443,-0.0340979,0.3350134,-45.84663,-24.71526,29.3585
33.200911999,21.38085,165.1225,22.93583,1.123996,-0.0292847,0.3417218,-48.47794,-22.95431,22.4922
33.210909367,25.31897,168.0901,23.24068,1.095278,-0.005086608,0.3398513,-48.47794,-22.95431,22.4922
33.220906735,25.50357,170.4048,23.30166,1.069203,0.00868353,0.3609506,-48.47794,-22.95431,22.4922
33.230903626,23.34991,171.4138,24.58204,1.071957,0.01811997,0.3772149,-48.47794,-22.95431,22.4922
33.240900993,20.15018,172.5415,24.27719,1.064926,0.0298893,0.4040244,-48.47794,-22.95431,22.4922
33.250898361,16.70432,173.3725,24.58204,1.065849,0.007278825,0.4270003,-49.9436,-23.02985,14.87004
33.260896206,13.68919,173.0164,24.21622,1.08759,-0.008090837,0.4528094,-49.9436,-23.02985,14.87004
33.270893574,12.70466,172.7196,23.60651,1.096754,-0.02869123,0.4652417,-49.9436,-23.02985,14.87004
33.280890942,15.35059,173.0164,22.81389,1.082471,-0.01998959,0.4911075,-49.9436,-23.02985,14.87004
33.29088831,17.50425,173.4912,21.83836,1.046611,-0.003904121,0.5208375,-49.9436,-23.02985,14.87004
33.300885677,19.10412,173.4318,20.61894,0.9975808,0.0129062,0.5520261,-51.06261,-21.58768,6.468543
33.310883045,18.30419,173.1351,18.97273,0.9834445,-0.01179204,0.591779,-51.06261,-21.58768,6.468543
33.32088089,19.90405,173.4318,18.36302,0.9665599,0.005539337,0.6104684,-51.06261,-21.58768,6.468543
33.330878258,20.58092,174.6782,16.41196,0.9481,0.00288967,0.6262943,-51.06261,-21.58768,6.468543
33.340875626,19.47332,174.975,15.37546,0.9314652,0.007215217,0.656951,-50.31915,-19.74457,-1.147073
33.350872994,19.04258,175.3905,14.33895,0.9117175,0.02095685,0.6612891,-50.31915,-19.74457,-1.147073
33.360870361,16.15052,173.7286,13.72925,0.9221648,0.01024101,0.6890311,-50.31915,-19.74457,-1.147073
33.370867729,15.65826,171.77,12.50983,0.9036924,0.03438367,0.7120287,-50.31915,-19.74457,-1.147073
33.380865574,14.05839,168.921,11.04653,0.8837768,0.05752594,0.7350291,-50.31915,-19.74457,-1.147073
33.390862942,11.2894,165.716,10.86362,0.8643523,0.08079635,0.7709502,-49.20852,-17.51883,-8.826435
33.40086031,6.67440499999999,161.7988,10.13197,0.7971158,0.1069395,0.7992967,-49.20852,-17.51883,-8.826435
33.410857678,-1.632582,157.1693,9.27838200000003,0.730775,0.05910998,0.8137819,-49.20852,-17.51883,-8.826435
33.420855045,-4.955376,152.065,9.15644099999999,0.7041377,-0.001782705,0.8018796,-49.20852,-17.51883,-8.826435
33.43085289,-1.755648,147.6729,8.05896700000001,0.6881119,-0.05726074,0.774643,-49.20852,-17.51883,-8.826435
33.440850258,5.074541,143.6369,7.08343500000003,0.6500445,-0.05412532,0.7747086,-46.53969,-18.3176,-15.63995
33.450847626,11.78166,140.5506,6.473727,0.5989088,0.02135805,0.7436708,-46.53969,-18.3176,-15.63995
33.460844517,9.19726699999998,137.6423,6.22984400000002,0.5417135,0.05723855,0.7523757,-46.53969,-18.3176,-15.63995
33.470841885,2.920877,132.7161,6.65663900000001,0.520284,0.0825613,0.7514493,-46.53969,-18.3176,-15.63995
33.480839253,-3.170913,128.146,7.205376,0.4795873,0.06936746,0.725202,-46.53969,-18.3176,-15.63995
33.490837574,-8.52430299999999,123.101,7.937025,0.4284251,0.0429868,0.7142907,-43.92509,-16.82063,-20.85312
33.500834465,-12.64703,116.5129,7.937025,0.390928,-0.009495372,0.742127,-43.92509,-16.82063,-20.85312
33.510831833,-13.75463,108.0849,7.754113,0.3874711,-0.05846832,0.7612887,-43.92509,-16.82063,-20.85312
33.520829201,-6.61677399999998,100.7252,7.022464,0.3701942,-0.04743217,0.7302085,-43.92509,-16.82063,-20.85312
33.530826569,-1.386449,93.84029,6.59566799999998,0.3134341,-0.0349516,0.7298257,-43.92509,-16.82063,-20.85312
33.540823937,0.0903486900000002,85.5309600000001,6.473727,0.2690683,-0.03396332,0.7212884,-40.20691,-17.58746,-24.82074
33.550821781,3.290077,77.3996799999997,5.92499000000001,0.2580706,-0.04625553,0.6763246,-40.20691,-17.58746,-24.82074
33.560819149,7.41280299999999,70.63351,5.86401899999998,0.2319442,-0.0574195,0.6280369,-40.20691,-17.58746,-24.82074
33.570816517,10.24333,64.2828100000002,5.498195,0.2112611,-0.02069576,0.596956,-40.20691,-17.58746,-24.82074
33.580813885,8.58193500000002,58.1695199999999,4.888487,0.1890763,-0.007054918,0.5955554,-40.20691,-17.58746,-24.82074
33.590811253,5.566806,51.10659,4.644604,0.1742502,0.02937756,0.5730788,-37.19825,-17.58566,-27.24951
33.600808621,1.07488,44.10301,4.644604,0.1318157,0.05705621,0.5563955,-37.19825,-17.58566,-27.24951
33.610806465,-5.263042,35.02209,5.376253,0.08335271,0.0686674,0.5492983,-37.19825,-17.58566,-27.24951
33.620803833,-10.98563,25.46636,5.376253,0.06199277,0.03793718,0.5297219,-37.19825,-17.58566,-27.24951
33.630801201,-12.70856,16.38545,4.583633,0.05973897,0.001735586,0.5081992,-37.19825,-17.58566,-27.24951
33.640798569,-11.2933,7.83871000000002,3.730042,0.07182932,-0.02023067,0.4713335,-34.95847,-16.82169,-28.84939
33.650795937,-5.816842,0.953835399999999,2.266744,0.06542173,0.009105331,0.4517154,-34.95847,-16.82169,-28.84939
33.660793781,-5.263042,-6.82132499999999,0.803446099999999,0.05404434,0.01809589,0.4498187,-34.95847,-16.82169,-28.84939
33.670791149,-5.201509,-15.30871,-1.025677,0.08163141,-0.02356142,0.4579171,-34.95847,-16.82169,-28.84939
33.680788517,0.4595481,-23.20258,-2.549946,0.1141418,-0.04247082,0.4454223,-34.95847,-16.82169,-28.84939
33.690785885,6.73593800000001,-30.74033,-3.952273,0.1041431,-0.02909709,0.4416077,-34.20112,-17.19643,-28.8418
33.700782776,9.75106599999998,-38.57484,-4.927805,0.112527,-0.007777164,0.4698236,-34.20112,-17.19643,-28.8418
33.710780144,11.41246,-46.4687,-5.720425,0.1285501,0.02120119,0.468831,-34.20112,-17.19643,-28.8418
33.720778465,11.72013,-54.24387,-6.14722099999998,0.1137527,0.03057503,0.4631115,-34.20112,-17.19643,-28.8418
33.730775356,10.7356,-62.67191,-6.02527899999998,0.1048042,0.04017847,0.4698247,-34.20112,-17.19643,-28.8418
33.740772724,8.76653499999999,-71.5154100000001,-6.45207400000002,0.1321983,0.03509456,0.4922713,-34.96999,-16.43426,-28.01291
33.750770092,6.85900399999999,-80.41827,-7.42760699999997,0.1826243,-0.003209028,0.4988933,-34.96999,-16.43426,-28.01291
33.76076746,8.88960099999997,-88.3714800000001,-8.64702100000002,0.237704,-0.004064585,0.4987975,-34.96999,-16.43426,-28.01291
33.770765305,10.9202,-95.96858,-9.56158399999997,0.2699865,0.01559074,0.5059148,-34.96999,-16.43426,-28.01291
33.780762672,11.2894,-103.5657,-9.86643700000001,0.2867391,0.05775657,0.5106605,-34.96999,-16.43426,-28.01291
33.79076004,7.53587,-111.7563,-9.86643700000001,0.3126332,0.05451659,0.525452,-36.46198,-17.18933,-26.02047
33.800757408,3.413143,-120.2437,-9.378671,0.3589511,0.02726463,0.5272926,-36.46198,-17.18933,-26.02047
33.810754776,3.043944,-127.366,-8.829934,0.4069623,0.01366565,0.5305625,-36.46198,-17.18933,-26.02047
33.820752144,3.228544,-133.776,-8.22022599999998,0.4263042,0.02193252,0.542491,-36.46198,-17.18933,-26.02047
33.830749989,1.505613,-141.5512,-7.67149000000001,0.4498035,0.0424827,0.5601521,-36.46198,-17.18933,-26.02047
33.840747356,-0.709583300000001,-149.267,-7.85440200000002,0.4845468,0.06065862,0.5596083,-38.7341,-16.79534,-22.42716
33.850744724,-5.139976,-157.1609,-8.46410900000001,0.5320786,0.04652037,0.5580933,-38.7341,-16.79534,-22.42716
33.860742092,-9.57036899999999,-165.7076,-8.70799300000002,0.5933505,0.02732576,0.55847,-38.7341,-16.79534,-22.42716
33.87073946,-12.4009,-174.2543,-9.31770000000002,0.6614961,0.005338144,0.5573997,-38.7341,-16.79534,-22.42716
33.880737305,-12.64703,-181.5547,-10.17129,0.7186639,0.02296769,0.5549027,-38.7341,-16.79534,-22.42716
33.890734673,-13.75463,-187.9648,-10.72003,0.7621395,0.06893587,0.5457221,-42.79478,-17.91948,-16.83968
33.90073204,-20.03102,-192.891,-10.59809,0.792831,0.09530152,0.5461404,-42.79478,-17.91948,-16.83968
33.910729408,-30.24553,-198.0547,-10.53712,0.8243715,0.1029209,0.5671408,-42.79478,-17.91948,-16.83968
33.920726776,-39.04479,-200.6662,-10.96391,0.8792407,0.08680395,0.5459919,-42.79478,-17.91948,-16.83968
33.930723667,-46.30571,-201.319,-12.12236,0.9255304,0.06098294,0.5449608,-46.58363,-17.50241,-9.193974
33.940721989,-49.93617,-201.6751,-12.73206,0.9442218,0.02595306,0.553073,-46.58363,-17.50241,-9.193974
33.950719357,-51.1053,-201.0816,-13.2808,0.9592716,0.002881339,0.5482669,-46.58363,-17.50241,-9.193974
33.960716724,-50.1823,-198.9449,-13.89051,0.9888964,-0.01801129,0.537692,-46.58363,-17.50241,-9.193974
33.970713615,-48.09017,-195.6806,-13.58565,1.019601,-0.01843796,0.5309385,-46.58363,-17.50241,-9.193974
33.980710983,-46.85951,-191.6446,-12.36624,1.034477,0.01979011,0.5342528,-48.82356,-19.72678,-0.3619461
33.990708351,-50.05924,-188.5583,-10.72003,1.05038,0.02939422,0.540444,-48.82356,-19.72678,-0.3619461
34.000706196,-56.39716,-186.7777,-9.62255399999997,1.090094,-0.009764869,0.5298562,-48.82356,-19.72678,-0.3619461
34.010703564,-61.19675,-183.5133,-9.56158399999997,1.149227,-0.07081903,0.527376,-48.82356,-19.72678,-0.3619461
34.020700932,-61.31982,-179.6554,-11.08585,1.217766,-0.1400887,0.509567,-48.82356,-19.72678,-0.3619461
34.030698299,-55.47416,-175.1446,-12.54915,1.25668,-0.1884614,0.5028116,-50.75443,-18.53494,7.293603
34.040695667,-46.98257,-170.159,-14.3173,1.249629,-0.2021851,0.5052203,-50.75443,-18.53494,7.293603
34.050693512,-38.36792,-165.1141,-15.23186,1.238242,-0.1670987,0.4875238,-50.75443,-18.53494,7.293603
34.06069088,-33.44526,-160.6033,-15.29283,1.247366,-0.1081458,0.4846212,-50.75443,-18.53494,7.293603
34.070688248,-34.42979,-156.5674,-15.29283,1.248477,-0.03769302,0.4812512,-50.75443,-18.53494,7.293603
34.080685616,-42.85985,-153.1843,-14.92701,1.250435,-0.01248188,0.4707126,-50.35766,-21.13088,14.85712
34.090682983,-53.3205,-150.5728,-14.7441,1.265225,-0.02209712,0.4501105,-50.35766,-21.13088,14.85712
34.100680828,-62.3658799999999,-147.249,-15.47575,1.265087,-0.06767841,0.4080078,-50.35766,-21.13088,14.85712
34.110678196,-67.5962100000002,-144.5188,-16.32934,1.253499,-0.126795,0.3453497,-50.35766,-21.13088,14.85712
34.120675564,-68.3346099999999,-142.7976,-17.12196,1.240269,-0.1761462,0.2913064,-50.35766,-21.13088,14.85712
34.130672932,-65.9348099999999,-141.0764,-17.67069,1.217876,-0.2041171,0.2568952,-49.61619,-22.2053,22.0928
34.1406703,-61.6890199999999,-139.1771,-18.2804,1.209698,-0.2103074,0.2353751,-49.61619,-22.2053,22.0928
34.150667667,-57.13556,-136.5656,-18.21943,1.206986,-0.1958705,0.2258046,-49.61619,-22.2053,22.0928
34.160665512,-55.72029,-133.9541,-18.34137,1.210704,-0.1859817,0.2363242,-49.61619,-22.2053,22.0928
34.17066288,-53.8743,-130.3336,-17.85361,1.220209,-0.1731638,0.2358258,-49.61619,-22.2053,22.0928
34.180660248,-51.04377,-126.0602,-16.75613,1.23235,-0.1709582,0.2381969,-48.83582,-24.75465,27.33674
34.190657616,-47.72097,-120.2437,-14.80507,1.212454,-0.1495278,0.2334403,-48.83582,-24.75465,27.33674
34.200654507,-45.50578,-114.2491,-12.12236,1.183761,-0.1268748,0.2219987,-48.83582,-24.75465,27.33674
34.210652828,-45.19811,-108.0765,-9.13478800000001,1.151518,-0.09706855,0.2033828,-48.83582,-24.75465,27.33674
34.220650196,-47.16718,-101.0729,-6.08625000000001,1.127433,-0.08658706,0.1794933,-48.83582,-24.75465,27.33674
34.230647564,-49.56697,-94.2473700000001,-3.70839,1.093455,-0.09431596,0.1517971,-46.5911,-25.46089,31.808
34.240644455,-50.12077,-88.8463000000001,-1.696355,1.055866,-0.1178505,0.1040111,-46.5911,-25.46089,31.808
34.250641823,-48.21324,-83.4452399999998,-0.05014454,1.020795,-0.120068,0.04377217,-46.5911,-25.46089,31.808
34.260640144,-47.78251,-78.9938000000002,1.169271,1.008921,-0.1378194,-0.01171738,-46.5911,-25.46089,31.808
34.270637035,-48.33631,-75.9668400000001,2.083832,1.009848,-0.161814,-0.03372732,-46.5911,-25.46089,31.808
34.280634403,-46.79797,-72.4056899999998,2.815481,1.038892,-0.177171,-0.02228817,-44.286,-28.83997,35.06796
34.290631771,-43.47518,-68.3103799999998,3.973926,1.071122,-0.1801849,0.003499529,-44.286,-28.83997,35.06796
34.300629139,-38.30639,-63.3247799999997,5.193341,1.096955,-0.1799499,0.02642609,-44.286,-28.83997,35.06796
34.310626507,-33.75293,-58.2204699999998,6.96149300000002,1.117032,-0.1590867,0.03260721,-44.286,-28.83997,35.06796
34.320624352,-30.79933,-53.05682,8.79061600000001,1.136297,-0.1470346,0.03352766,-44.286,-28.83997,35.06796
34.330621719,-29.9994,-47.95251,10.80265,1.149779,-0.1385906,0.02440904,-43.90598,-29.57772,37.4613
34.340619087,-29.9994,-42.6108,12.63177,1.159488,-0.1371208,0.004770123,-43.90598,-29.57772,37.4613
34.350616455,-30.79933,-37.32844,14.94866,1.163252,-0.1303968,-0.01198833,-43.90598,-29.57772,37.4613
34.360613823,-33.19913,-32.10543,16.71681,1.179179,-0.1487585,-0.03498302,-43.90598,-29.57772,37.4613
34.370611191,-36.02966,-26.94178,17.38749,1.21569,-0.1992452,-0.05513386,-43.90598,-29.57772,37.4613
34.380609036,-34.36826,-21.06589,17.75332,1.237836,-0.2374207,-0.07957002,-42.4574,-30.32056,38.31452
34.390606403,-28.8918,-15.0713,18.36302,1.23809,-0.2510747,-0.08530985,-42.4574,-30.32056,38.31452
34.400603771,-22.73848,-9.31412399999998,19.39953,1.24173,-0.2366868,-0.06091253,-42.4574,-30.32056,38.31452
34.410601139,-18.55422,-4.684639,20.55797,1.223677,-0.2092527,-0.05083803,-42.4574,-30.32056,38.31452
34.420598507,-17.26202,-0.3519166,21.71642,1.205435,-0.1979593,-0.05176628,-42.4574,-30.32056,38.31452
34.430596352,-17.32355,3.802749,23.72845,1.169125,-0.184558,-0.04883498,-42.06496,-31.08228,37.86986
34.44059372,-18.86189,7.60130100000003,25.98437,1.145346,-0.1635367,-0.03683454,-42.06496,-31.08228,37.86986
34.450591087,-20.76942,12.7056,27.87446,1.127552,-0.1495811,-0.01335689,-42.06496,-31.08228,37.86986
34.460588455,-22.86155,17.33509,29.33776,1.117898,-0.1539786,0.004846967,-42.06496,-31.08228,37.86986
34.470585346,-22.80001,23.56709,30.31329,1.114905,-0.1764656,-0.003277819,-42.06496,-31.08228,37.86986
34.480583668,-20.83095,29.79909,31.53271,1.108448,-0.196123,-0.0133116,-43.12504,-31.09351,37.47498
34.490581036,-18.36962,35.61562,33.05698,1.104249,-0.205837,-0.003730256,-43.12504,-31.09351,37.47498
34.500578404,-15.35449,41.66956,35.06901,1.105121,-0.199756,0.02163119,-43.12504,-31.09351,37.47498
34.510575295,-11.6625,46.83322,37.44687,1.094577,-0.1835783,0.006809547,-43.12504,-31.09351,37.47498
34.520572662,-9.75496900000002,51.40335,40.12959,1.090218,-0.1587717,0.01877516,-43.51015,-30.34597,36.24263
34.53057003,-11.2933,55.73607,42.26356,1.11368,-0.1619676,0.04362104,-43.51015,-30.34597,36.24263
34.540567875,-13.07776,61.1371299999999,43.60492,1.152162,-0.1868306,0.05791764,-43.51015,-30.34597,36.24263
34.550565243,-13.26236,67.1910799999999,45.55598,1.188297,-0.2159249,0.0927982,-43.51015,-30.34597,36.24263
34.560562611,-10.1857,74.0759499999998,47.68996,1.226375,-0.218718,0.1300615,-43.51015,-30.34597,36.24263
34.570559979,-4.340044,81.4950000000001,50.00685,1.23238,-0.2010835,0.1324393,-44.64922,-29.23023,34.22869
34.580557346,-1.447982,88.6766399999998,52.14083,1.261936,-0.1402604,0.1304578,-44.64922,-29.23023,34.22869
34.590555191,-7.04750599999997,95.5021499999999,54.33577,1.288406,-0.09635702,0.1447577,-44.64922,-29.23023,34.22869
34.600552559,-18.73882,99.9535799999998,56.40878,1.325505,-0.09855191,0.1963798,-44.64922,-29.23023,34.22869
34.610549927,-28.21494,104.4644,56.1649,1.340212,-0.1807661,0.2078611,-44.64922,-29.23023,34.22869
34.620547295,-28.95334,111.7054,54.57965,1.325514,-0.3072751,0.1686761,-46.5543,-26.99266,30.59061
34.630544662,-20.52328,117.878,53.11636,1.306905,-0.4063678,0.1601197,-46.5543,-26.99266,30.59061
34.640542507,-6.12450699999998,125.5938,52.01888,1.29298,-0.3909262,0.1783259,-46.5543,-26.99266,30.59061
34.650539875,8.33580199999998,133.4283,51.16529,1.260518,-0.3222743,0.2099508,-46.5543,-26.99266,30.59061
34.660537243,16.08899,140.0758,50.3117,1.227612,-0.2305253,0.2176418,-46.5543,-26.99266,30.59061
34.670534611,15.41212,145.3582,49.45811,1.200025,-0.188097,0.2406506,-49.16251,-26.67612,25.34459
34.680531979,13.99686,151.056,48.54355,1.221975,-0.1634101,0.2358202,-49.16251,-26.67612,25.34459
34.690529346,8.82806800000001,157.466,47.20219,1.228305,-0.1889741,0.2429944,-49.16251,-26.67612,25.34459
34.700527191,3.659276,161.6207,47.56802,1.19989,-0.2320264,0.2727267,-49.16251,-26.67612,25.34459
34.710524559,5.93600600000003,164.529,47.38511,1.191291,-0.2928644,0.2808932,-49.16251,-26.67612,25.34459
34.720521927,13.87379,168.2088,47.26316,1.194636,-0.3679009,0.2517135,-51.06174,-24.14557,18.8668
34.730519295,22.85765,169.5739,47.93384,1.178066,-0.4190284,0.276163,-51.06174,-24.14557,18.8668
34.740516186,34.48742,171.8293,47.14122,1.18308,-0.452433,0.2790343,-51.06174,-24.14557,18.8668
34.750514507,47.53247,175.0343,46.40957,1.182942,-0.4708226,0.2876536,-51.06174,-24.14557,18.8668
34.760511875,61.9312399999998,178.8922,44.58045,1.161504,-0.4185758,0.3082563,-51.06174,-24.14557,18.8668
34.770509243,70.2382300000002,182.9282,42.50745,1.165178,-0.353373,0.3627908,-52.60604,-20.41755,11.22436
34.780506134,73.3764299999998,185.3023,40.61735,1.138884,-0.2750856,0.4250314,-52.60604,-20.41755,11.22436
34.790503502,72.2688299999998,188.8041,38.48338,1.101312,-0.2204131,0.4269971,-52.60604,-20.41755,11.22436
34.800501823,64.3310399999998,190.5253,38.42241,1.068958,-0.21048,0.4141294,-52.60604,-20.41755,11.22436
34.810498714,52.02439,190.8814,38.36143,1.058782,-0.212887,0.4385551,-52.60604,-20.41755,11.22436
34.820496082,41.68681,190.3472,38.42241,1.069014,-0.2390091,0.429451,-52.25752,-17.44272,2.825875
34.83049345,33.25676,190.0505,38.36143,1.064079,-0.261359,0.4404726,-52.25752,-17.44272,2.825875
34.840490818,25.01131,187.2609,38.8492,1.040986,-0.2766996,0.4601384,-52.25752,-17.44272,2.825875
34.850488663,17.75039,183.6404,37.56881,1.026105,-0.2878676,0.493189,-52.25752,-17.44272,2.825875
34.860486031,12.64313,179.6045,35.37387,1.0066,-0.3130228,0.4946652,-52.25752,-17.44272,2.825875
34.870483398,9.99719900000002,174.0253,33.30086,0.9826791,-0.3361417,0.5157702,-50.76708,-15.22397,-6.011713
34.880480766,9.87413200000002,167.9714,31.04494,0.9693841,-0.3277661,0.5569488,-50.76708,-15.22397,-6.011713
34.890478134,9.01266799999998,162.689,28.91097,0.9241493,-0.3055749,0.5838222,-50.76708,-15.22397,-6.011713
34.900475502,8.82806800000001,156.9319,26.65505,0.8734663,-0.3050044,0.5963534,-50.76708,-15.22397,-6.011713
34.910473347,7.47433699999998,151.6495,24.39913,0.8396715,-0.3473008,0.6141305,-50.76708,-15.22397,-6.011713
34.920470715,10.98173,146.2484,21.28962,0.81744,-0.4089642,0.6146637,-47.78274,-12.98417,-13.67717
34.930468082,20.08865,142.8654,17.44846,0.7707413,-0.4397091,0.5951314,-47.78274,-12.98417,-13.67717
34.94046545,32.64143,140.7287,14.21701,0.7054227,-0.3865303,0.6000173,-47.78274,-12.98417,-13.67717
34.950462818,38.79475,140.1945,11.29042,0.6583636,-0.3199975,0.5909894,-47.78274,-12.98417,-13.67717
34.960460663,36.88722,139.3042,9.09546899999999,0.642289,-0.2939032,0.609675,-47.78274,-12.98417,-13.67717
34.970458031,33.44136,138.8294,7.44925899999998,0.6300485,-0.2907084,0.6135242,-44.82146,-9.969494,-19.66968
34.980455399,29.13403,137.2862,7.57120099999999,0.6165869,-0.3000844,0.6269502,-44.82146,-9.969494,-19.66968
34.990452766,23.65758,134.0219,7.69314200000002,0.5631645,-0.2828486,0.6610178,-44.82146,-9.969494,-19.66968
35.000450134,17.93499,129.5111,7.81508400000003,0.5098737,-0.2994779,0.6582435,-44.82146,-9.969494,-19.66968
35.010447979,13.13539,124.8222,8.72964499999998,0.4993308,-0.3096858,0.6276357,-44.82146,-9.969494,-19.66968
35.020445347,8.45886800000002,120.7863,9.40032399999997,0.4686234,-0.3093644,0.6229034,-40.36416,-9.980343,-24.8613
35.030442715,6.92053700000001,117.4625,9.40032399999997,0.4135164,-0.3078226,0.5918916,-40.36416,-9.980343,-24.8613
35.040440083,6.305205,114.851,9.03449899999999,0.3678883,-0.3176027,0.5776163,-40.36416,-9.980343,-24.8613
35.050436974,6.98206999999997,111.2899,8.79061600000001,0.3194893,-0.3093874,0.5709985,-40.36416,-9.980343,-24.8613
35.060435295,9.074201,107.1946,8.11993799999998,0.2731527,-0.3075934,0.5485858,-40.36416,-9.980343,-24.8613
35.070432663,10.05873,102.9212,7.63217200000002,0.2521648,-0.3062441,0.5290004,-36.58941,-10.37017,-29.28199
35.080429554,10.3664,98.29172,7.69314200000002,0.1972859,-0.2904301,0.5171276,-36.58941,-10.37017,-29.28199
35.090426922,8.95113399999999,91.76295,7.69314200000002,0.141801,-0.2947358,0.4851609,-36.58941,-10.37017,-29.28199
35.10042429,7.22820399999999,84.58132,7.81508400000003,0.1230285,-0.2817153,0.46174,-36.58941,-10.37017,-29.28199
35.110421658,3.659276,76.4500400000002,8.30284999999999,0.09680696,-0.2866024,0.4622656,-31.71151,-9.980488,-32.47289
35.120419502,3.16701,68.6748900000001,7.754113,0.05252676,-0.2906474,0.4345864,-31.71151,-9.980488,-32.47289
35.13041687,3.228544,60.9590799999997,7.14440499999997,-0.005957713,-0.2648313,0.40836,-31.71151,-9.980488,-32.47289
35.140414238,1.505613,52.88716,6.96149300000002,-0.01893763,-0.2487193,0.3916283,-31.71151,-9.980488,-32.47289
35.150411606,-0.0942510000000003,44.87459,6.53469799999998,-0.02678118,-0.2465761,0.3772841,-31.71151,-9.980488,-32.47289
35.160408974,-0.0942510000000003,36.09044,5.498195,-0.03108752,-0.2511751,0.3619784,-28.70116,-9.981959,-35.28865
35.170406818,1.874812,28.01851,4.27878,-0.05402398,-0.2498687,0.3419179,-28.70116,-9.981959,-35.28865
35.180404186,3.782343,19.76854,3.059364,-0.06637346,-0.2416026,0.3160942,-28.70116,-9.981959,-35.28865
35.190401554,4.336142,11.28115,1.596066,-0.08171846,-0.2295038,0.2907533,-28.70116,-9.981959,-35.28865
35.200398922,5.25914,2.615702,0.1937385,-0.08605807,-0.2320587,0.2864543,-28.70116,-9.981959,-35.28865
35.21039629,7.22820399999999,-6.761972,-1.574414,-0.09923216,-0.2314699,0.273077,-26.82942,-9.964084,-34.82325
35.220394135,8.21273500000003,-16.49576,-2.91577,-0.0861385,-0.2276342,0.2921962,-26.82942,-9.964084,-34.82325
35.230391502,9.13573400000002,-27.11983,-4.50101,-0.04768563,-0.224685,0.3189287,-26.82942,-9.964084,-34.82325
35.24038887,11.41246,-37.44715,-6.39110400000002,-0.04159746,-0.2113785,0.3260933,-26.82942,-9.964084,-34.82325
35.250386238,11.6586,-47.77446,-7.976343,-0.02454953,-0.211068,0.323192,-26.82942,-9.964084,-34.82325
35.260383606,10.30486,-58.3985299999998,-9.378671,0.01012116,-0.2146337,0.3365327,-26.51883,-9.958471,-34.43393
35.270381451,10.30486,-68.3697400000001,-10.41517,0.04581787,-0.2211869,0.3398221,-26.51883,-9.958471,-34.43393
35.280378819,10.9202,-76.6790599999998,-11.45168,0.07452369,-0.2185839,0.3498215,-26.51883,-9.958471,-34.43393
35.290376186,12.08933,-82.91106,-12.36624,0.09079255,-0.2027386,0.3469176,-26.51883,-9.958471,-34.43393
35.300373554,10.79713,-88.31213,-13.15886,0.1180609,-0.2009604,0.3760628,-26.51883,-9.958471,-34.43393
35.310370445,10.12027,-92.8822600000001,-14.25633,0.1559603,-0.1946996,0.394181,-27.95086,-10.34307,-33.66856
35.320368767,10.551,-96.9775799999999,-15.90254,0.1948928,-0.2176187,0.4075191,-27.95086,-10.34307,-33.66856
35.330366135,11.35093,-101.5477,-17.30487,0.2341432,-0.2311671,0.4352116,-27.95086,-10.34307,-33.66856
35.340363503,12.45853,-108.4919,-18.76817,0.2887401,-0.2318962,0.4499525,-27.95086,-10.34307,-33.66856
35.350360394,13.07386,-116.9793,-19.62176,0.335958,-0.228866,0.4666196,-27.95086,-10.34307,-33.66856
35.360357761,12.0278,-127.2473,-20.59729,0.3636147,-0.2216865,0.5010269,-31.69667,-11.10467,-30.46729
35.370356083,8.76653499999999,-138.8803,-21.93865,0.3988846,-0.2566336,0.5354319,-31.69667,-11.10467,-30.46729
35.380353451,11.1048,-150.0979,-24.07262,0.4452982,-0.2893737,0.5214807,-31.69667,-11.10467,-30.46729
35.390350342,17.13505,-157.8731,-26.75534,0.4923649,-0.3051501,0.5013025,-31.69667,-11.10467,-30.46729
35.40034771,23.78064,-164.758,-28.34058,0.5309651,-0.2850551,0.4897443,-31.69667,-11.10467,-30.46729
35.410345078,27.90337,-171.0493,-29.80388,0.5714703,-0.2624313,0.4848821,-35.44534,-12.22591,-24.81299
35.420342922,30.24163,-176.6878,-30.84038,0.628023,-0.2380151,0.4819058,-35.44534,-12.22591,-24.81299
35.43034029,31.71843,-181.0799,-31.32815,0.688922,-0.2108421,0.5052428,-35.44534,-12.22591,-24.81299
35.440337658,30.3647,-185.1158,-31.75494,0.7306365,-0.2001193,0.5247889,-35.44534,-12.22591,-24.81299
35.450335026,29.56477,-188.4396,-32.12077,0.7720755,-0.201297,0.5189741,-35.44534,-12.22591,-24.81299
35.460332394,29.50323,-190.3982,-32.42562,0.8047298,-0.2016325,0.5179601,-40.70224,-12.97533,-18.84933
35.470330238,28.02644,-192.4755,-32.42562,0.8396815,-0.1946685,0.5131116,-40.70224,-12.97533,-18.84933
35.480327606,25.87277,-194.8496,-32.6695,0.8971765,-0.1945659,0.5063113,-40.70224,-12.97533,-18.84933
35.490324974,23.22684,-196.2147,-32.97436,0.9726134,-0.2153455,0.5152781,-40.70224,-12.97533,-18.84933
35.500322342,22.73458,-196.3928,-32.73047,1.02148,-0.196216,0.5352882,-40.70224,-12.97533,-18.84933
35.51031971,22.91918,-194.3154,-31.26718,1.033082,-0.1389824,0.5515248,-45.87766,-15.22174,-10.03908
35.520317555,17.50425,-190.873,-28.95029,1.037226,-0.09915328,0.593622,-45.87766,-15.22174,-10.03908
35.530314922,10.30486,-187.7867,-26.45049,1.057719,-0.07435484,0.6041086,-45.87766,-15.22174,-10.03908
35.54031229,3.53621,-184.9971,-24.98719,1.107426,-0.1014004,0.5681357,-45.87766,-15.22174,-10.03908
35.550309658,-1.755648,-182.3856,-24.07262,1.15769,-0.1580774,0.5321694,-45.87766,-15.22174,-10.03908
35.560307026,-1.571049,-181.5547,-23.34098,1.217749,-0.1911349,0.5071872,-49.24995,-17.07364,-1.152926
35.570304871,1.567146,-180.5457,-23.15806,1.270558,-0.2007603,0.5094906,-49.24995,-17.07364,-1.152926
35.580302239,5.751406,-180.2489,-23.7068,1.313794,-0.1935186,0.5170706,-49.24995,-17.07364,-1.152926
35.590299606,10.1818,-179.1806,-24.7433,1.355794,-0.1721258,0.533742,-49.24995,-17.07364,-1.152926
35.600296974,14.05839,-178.3497,-26.08466,1.404477,-0.144074,0.5202498,-49.24995,-17.07364,-1.152926
35.610294342,15.96592,-176.9846,-28.21864,1.440186,-0.1517743,0.5043966,-50.72298,-20.05637,7.301715
35.620292187,17.87345,-175.7975,-29.80388,1.474178,-0.1459196,0.4866285,-50.72298,-20.05637,7.301715
35.630289555,20.21172,-174.3731,-31.32815,1.500155,-0.1286485,0.4592999,-50.72298,-20.05637,7.301715
35.640286922,22.18078,-172.8893,-32.79144,1.533159,-0.09606027,0.4443981,-50.72298,-20.05637,7.301715
35.65028429,23.22684,-171.7022,-33.94989,1.544476,-0.07667976,0.4137445,-51.12037,-20.7458,16.07503
35.660281181,22.18078,-170.9306,-35.1693,1.514428,-0.06070847,0.3654566,-51.12037,-20.7458,16.07503
35.670279503,20.88858,-170.8713,-36.32775,1.494667,-0.07304223,0.3348654,-51.12037,-20.7458,16.07503
35.680276871,21.81158,-170.4558,-36.20581,1.463469,-0.07362448,0.2856266,-51.12037,-20.7458,16.07503
35.690273762,23.34991,-169.2688,-35.65707,1.437602,-0.07260846,0.2402067,-51.12037,-20.7458,16.07503
35.70027113,24.33444,-167.2508,-34.31571,1.409232,-0.04194683,0.2005264,-50.36067,-22.95094,24.5423
35.710268497,23.16531,-165.1141,-32.48659,1.371531,-0.006920642,0.1800044,-50.36067,-22.95094,24.5423
35.720266819,20.27325,-163.0368,-29.68193,1.354732,0.03103158,0.1685381,-50.36067,-22.95094,24.5423
35.73026371,14.61219,-159.713,-26.6334,1.34645,0.05724916,0.1838602,-50.36067,-22.95094,24.5423
35.740261078,8.15120200000001,-154.7274,-24.01165,1.322547,0.05878209,0.1906015,-50.36067,-22.95094,24.5423
35.750258446,3.228544,-147.8425,-22.6703,1.275945,0.04898721,0.1768066,-47.73275,-24.70535,32.18261
35.760255814,1.751746,-140.6016,-21.75574,1.221513,0.01456071,0.14341,-47.73275,-24.70535,32.18261
35.770253658,2.797811,-133.776,-20.04856,1.154037,-0.0003314717,0.09567386,-47.73275,-24.70535,32.18261
35.780251026,5.382206,-127.9595,-18.40234,1.101681,0.01055458,0.07087637,-47.73275,-24.70535,32.18261
35.790248394,6.79747099999997,-122.3804,-18.09749,1.067628,0.006645935,0.03600068,-47.73275,-24.70535,32.18261
35.800245762,8.15120200000001,-117.2167,-17.67069,1.06471,0.005966365,0.02117009,-43.99612,-25.38672,38.2775
35.81024313,10.1818,-111.1034,-18.34137,1.087226,0.0005623669,0.01921792,-43.99612,-25.38672,38.2775
35.820240974,13.81226,-104.0405,-18.21943,1.112262,-0.009073189,0.02731255,-43.99612,-25.38672,38.2775
35.830238342,17.07352,-96.62146,-18.34137,1.143889,-0.006473872,0.03060678,-43.99612,-25.38672,38.2775
35.84023571,20.21172,-88.54954,-18.15846,1.164559,0.009213621,0.05401694,-43.99612,-25.38672,38.2775
35.850233078,22.73458,-80.2401999999998,-17.12196,1.174536,0.0231136,0.06452464,-41.03435,-27.60651,43.08447
35.860230446,23.78064,-71.39671,-15.7806,1.17035,0.03867754,0.07505661,-41.03435,-27.60651,43.08447
35.870228291,23.28838,-62.5532000000002,-13.2808,1.143632,0.05991177,0.06361189,-41.03435,-27.60651,43.08447
35.880225658,20.82705,-54.36257,-11.75653,1.115067,0.07578608,0.05456465,-41.03435,-27.60651,43.08447
35.890223026,16.08899,-46.76547,-9.92740700000002,1.100123,0.06648507,0.02635711,-41.03435,-27.60651,43.08447
35.900220394,11.59706,-39.58383,-8.829934,1.10253,0.04155662,0.005301984,-38.79411,-27.93893,46.7797
35.910217762,8.397335,-32.22414,-8.03731400000003,1.117323,0.005612853,-0.02486484,-38.79411,-27.93893,46.7797
35.920215607,7.47433699999998,-25.0425,-7.18372300000002,1.137829,-0.02276222,-0.03685768,-38.79411,-27.93893,46.7797
35.930212975,8.08966899999999,-17.62346,-6.02527899999998,1.160363,-0.02912018,-0.03689533,-38.79411,-27.93893,46.7797
35.940210342,9.25880099999997,-10.02635,-5.171688,1.185631,-0.02517552,-0.03215463,-38.79411,-27.93893,46.7797
35.95020771,9.62799900000003,-2.19184,-3.952273,1.21152,-0.002148418,-0.01449838,-37.66879,-28.29778,48.33807
35.960204601,8.15120200000001,6.473606,-2.793829,1.212249,0.01101272,-0.01163158,-37.66879,-28.29778,48.33807
35.970202923,5.074541,14.72359,-1.452472,1.174194,0.01299667,-0.03118737,-37.66879,-28.29778,48.33807
35.980200291,0.890280700000001,21.60846,0.31568,1.144554,0.008563034,-0.02682738,-37.66879,-28.29778,48.33807
35.990197659,-3.663178,28.25592,2.205774,1.137197,-0.0149426,-0.03063711,-37.66879,-28.29778,48.33807
36.00019455,-6.55523999999999,34.72533,4.217809,1.134021,-0.0534079,-0.03205739,-37.30389,-27.9108,48.79033
36.010191917,-7.724371,42.02568,6.473727,1.137588,-0.08716033,-0.01099757,-37.30389,-27.9108,48.79033
36.020190239,-6.61677399999998,50.63177,8.36382100000002,1.144348,-0.1091564,0.01340369,-37.30389,-27.9108,48.79033
36.03018713,-3.478579,59.2378600000001,10.43683,1.1409,-0.1065404,0.04116643,-37.30389,-27.9108,48.79033
36.040184498,-0.955716300000001,68.0220100000001,11.83915,1.162707,-0.09961245,0.06074826,-37.30389,-27.9108,48.79033
36.050181866,1.997879,76.9842099999998,12.87566,1.16084,-0.1040491,0.0578812,-37.66541,-28.30431,47.56407
36.060179234,3.966942,86.0057800000001,13.85119,1.156788,-0.09588575,0.05597185,-37.66541,-28.30431,47.56407
36.070177078,4.889941,94.1964000000002,14.82672,1.13396,-0.07401852,0.0521774,-37.66541,-28.30431,47.56407
36.080174446,4.090009,100.9032,16.35099,1.11068,-0.05415666,0.04264135,-37.66541,-28.30431,47.56407
36.090171814,1.321013,107.432,17.69235,1.108274,-0.05558305,0.05126029,-37.66541,-28.30431,47.56407
36.100169182,-1.386449,112.5956,18.66788,1.091765,-0.08530697,0.02497504,-38.41651,-27.57647,44.32944
36.11016655,0.3364816,115.8007,19.52147,1.084229,-0.0997631,0.001541667,-38.41651,-27.57647,44.32944
36.120164394,2.428612,119.0057,20.00924,1.088515,-0.1206748,-0.009467669,-38.41651,-27.57647,44.32944
36.130161762,3.843876,123.0417,20.80186,1.10721,-0.1299453,-0.0008835037,-38.41651,-27.57647,44.32944
36.14015913,5.93600600000003,126.9589,21.89933,1.115394,-0.1235488,0.04312958,-38.41651,-27.57647,44.32944
36.150156498,6.98206999999997,131.351,23.36263,1.138358,-0.09991369,0.0804124,-41.4284,-26.11132,40.30006
36.160153866,6.612871,135.5057,24.70398,1.150856,-0.09021894,0.1038383,-41.4284,-26.11132,40.30006
36.170151711,6.67440499999999,139.0668,25.61855,1.158967,-0.08071174,0.1162647,-41.4284,-26.11132,40.30006
36.180149078,5.136074,143.0434,26.59408,1.159166,-0.06504364,0.1287033,-41.4284,-26.11132,40.30006
36.190146446,2.120945,146.3078,26.83796,1.133597,-0.05298012,0.1215662,-41.4284,-26.11132,40.30006
36.200143814,-0.832649800000001,147.7323,27.44767,1.095115,-0.05374479,0.1211549,-43.98622,-25.04069,34.21195
36.210141182,-4.401577,148.2664,27.87446,1.088955,-0.06313009,0.117818,-43.98622,-25.04069,34.21195
36.220139027,-6.678307,148.029,28.66708,1.083249,-0.07047054,0.1245299,-43.98622,-25.04069,34.21195
36.230136395,-8.15510499999999,147.1981,29.33776,1.068706,-0.07397524,0.1446563,-43.98622,-25.04069,34.21195
36.240133762,-9.44730199999998,146.842,29.33776,1.068332,-0.07967795,0.1594943,-47.00012,-22.9022,27.34084
36.25013113,-10.12417,147.3168,29.52067,1.09636,-0.1189275,0.1642413,-47.00012,-22.9022,27.34084
36.260128975,-8.03203799999998,147.6729,29.58164,1.085638,-0.144189,0.1881953,-47.00012,-22.9022,27.34084
36.270126343,-3.786245,148.1477,28.97194,1.070086,-0.1456865,0.217416,-47.00012,-22.9022,27.34084
36.280123711,0.767214200000001,148.5632,28.36223,1.058446,-0.1217939,0.251409,-47.00012,-22.9022,27.34084
36.290121079,3.782343,148.7412,27.44767,1.048686,-0.09458981,0.2715192,-49.21867,-22.97682,20.48713
36.30011797,4.397675,148.5632,26.10631,1.031005,-0.08713336,0.2748981,-49.21867,-22.97682,20.48713
36.310116291,4.151542,147.851,25.25272,1.023207,-0.08741025,0.2615117,-49.21867,-22.97682,20.48713
36.320113659,4.643808,146.6639,23.91136,0.99117,-0.09379116,0.2706621,-49.21867,-22.97682,20.48713
36.330111027,4.336142,144.5272,22.14321,0.9811657,-0.1318791,0.2721251,-49.21867,-22.97682,20.48713
36.340107918,6.428272,141.8564,20.67991,0.9780548,-0.1480468,0.2644775,-50.72535,-21.14731,13.24183
36.350105286,10.551,138.1765,18.60691,0.9585068,-0.1450226,0.2654679,-50.72535,-21.14731,13.24183
36.360103607,13.93533,133.369,16.71681,0.9460341,-0.1290444,0.2860643,-50.72535,-21.14731,13.24183
36.370100975,14.98139,127.7305,15.68031,0.9343372,-0.1022855,0.3147924,-50.72535,-21.14731,13.24183
36.380097866,14.30453,122.1514,14.0341,0.9142162,-0.09425098,0.3334898,-50.72535,-21.14731,13.24183
36.390095234,12.52006,116.0381,13.05857,0.8942223,-0.09303465,0.3502745,-51.47497,-19.69199,6.06862
36.400092602,9.87413200000002,110.5777,12.32692,0.8765191,-0.0839629,0.3708819,-51.47497,-19.69199,6.06862
36.410090447,6.305205,104.405,12.02207,0.8643741,-0.085494,0.3890893,-51.47497,-19.69199,6.06862
36.420087814,3.53621,98.58848,11.71721,0.8408325,-0.07709373,0.4020497,-51.47497,-19.69199,6.06862
36.430085182,0.5210813,93.12806,11.1075,0.8175513,-0.08291221,0.4006561,-51.47497,-19.69199,6.06862
36.44008255,-2.001781,87.4302400000002,10.43683,0.7848132,-0.1039028,0.4078972,-50.75598,-17.07127,0.4484587
36.450079918,-2.74018,81.43565,10.19294,0.7602784,-0.1209885,0.39933,-50.75598,-17.07127,0.4484587
36.460077763,-1.878715,75.5004000000002,9.58323599999998,0.7457852,-0.1275482,0.4041427,-50.75598,-17.07127,0.4484587
36.470075131,-0.709583300000001,69.8619299999999,8.91255800000001,0.7311436,-0.1264104,0.4008179,-50.75598,-17.07127,0.4484587
36.480072498,-0.0942510000000003,64.2234600000001,8.60770299999997,0.7020954,-0.1104184,0.4056502,-50.75598,-17.07127,0.4484587
36.490069866,-1.078783,59.1191599999999,8.36382100000002,0.6869931,-0.08436624,0.4176342,-49.96513,-18.24104,-3.603415
36.500067234,-4.093911,53.65874,8.05896700000001,0.6649483,-0.07791088,0.4272425,-49.96513,-18.24104,-3.603415
36.510065079,-7.17057299999998,48.19832,7.87605399999997,0.6463461,-0.07344531,0.4244024,-49.96513,-18.24104,-3.603415
36.520062447,-10.0011,42.38179,7.63217200000002,0.6338821,-0.08437788,0.4249054,-49.96513,-18.24104,-3.603415
36.530059815,-11.2933,36.14979,7.26634699999998,0.6188771,-0.1158228,0.4196754,-49.96513,-18.24104,-3.603415
36.540057182,-10.7395,29.38362,6.22984400000002,0.6042868,-0.1433501,0.4168364,-50.34149,-17.51038,-6.835268
36.550055027,-8.46277000000003,22.5581,4.705575,0.6032336,-0.1653129,0.4087081,-50.34149,-17.51038,-6.835268
36.560052395,-4.524643,15.49516,2.75451,0.6059967,-0.1827785,0.4058363,-50.34149,-17.51038,-6.835268
36.570049763,0.0903486900000002,8.13547199999999,0.803446099999999,0.6190113,-0.1752498,0.4038974,-50.34149,-17.51038,-6.835268
36.580047131,3.720809,-0.05515479,-0.8427644,0.6131353,-0.147597,0.4115578,-50.34149,-17.51038,-6.835268
36.590044499,4.705341,-8.48319099999998,-2.367033,0.6122252,-0.1245915,0.4316536,-49.60434,-16.75058,-7.607765
36.600042343,3.659276,-16.85188,-3.586449,0.6191988,-0.1063336,0.4469512,-49.60434,-16.75058,-7.607765
36.610039711,2.428612,-24.15222,-4.440039,0.6275755,-0.0852375,0.4507597,-49.60434,-16.75058,-7.607765
36.620037079,0.2749484,-30.79968,-4.866835,0.6303245,-0.07595906,0.4497954,-49.60434,-16.75058,-7.607765
36.630034447,-2.863246,-37.68456,-5.171688,0.6359063,-0.08813769,0.4344744,-49.60434,-16.75058,-7.607765
36.640031814,-5.139976,-43.91655,-5.720425,0.6423855,-0.09575843,0.4373366,-49.22343,-17.12486,-7.215956
36.650029659,-6.370641,-49.91114,-6.45207400000002,0.6475726,-0.1127736,0.4253674,-49.22343,-17.12486,-7.215956
36.660027027,-6.92443900000002,-55.60897,-7.244694,0.6687179,-0.1230772,0.4219832,-49.22343,-17.12486,-7.215956
36.670024395,-6.73984000000002,-60.7726200000002,-8.098285,0.6793995,-0.1208654,0.4281855,-49.22343,-17.12486,-7.215956
36.680021286,-6.370641,-65.58017,-9.01284600000001,0.6951069,-0.1268328,0.4324669,-49.22343,-17.12486,-7.215956
36.690018654,-5.447642,-69.5567799999999,-10.23226,0.7073784,-0.1313664,0.4415396,-49.6322,-15.96644,-4.838309
36.700016975,-4.955376,-72.9398700000002,-11.39071,0.7234265,-0.1295652,0.4443826,-49.6322,-15.96644,-4.838309
36.710014343,-4.586177,-76.0261900000001,-12.36624,0.7419753,-0.1310723,0.4520079,-49.6322,-15.96644,-4.838309
36.720011234,-4.032378,-78.81575,-13.03692,0.7688026,-0.1324905,0.4514829,-49.6322,-15.96644,-4.838309
36.730008602,-3.663178,-81.6646700000001,-13.76857,0.7852751,-0.1272398,0.4586314,-49.6322,-15.96644,-4.838309
36.740006924,-3.847778,-83.80135,-14.07342,0.7967808,-0.1173726,0.4499945,-49.98174,-17.84379,-1.605934
36.750003815,-4.278511,-86.4128499999999,-15.04895,0.8088998,-0.1143404,0.4365725,-49.98174,-17.84379,-1.605934
36.760001183,-4.83231,-89.43983,-16.57322,0.8169794,-0.1299195,0.4159836,-49.98174,-17.84379,-1.605934
36.76999855,-4.709243,-93.7132,-17.79264,0.8391446,-0.1426327,0.4125982,-49.98174,-17.84379,-1.605934
36.779995918,-3.047846,-97.8085100000001,-19.01205,0.8605507,-0.14073,0.4149533,-49.98174,-17.84379,-1.605934
36.789993763,-1.078783,-101.1322,-20.10953,0.8907772,-0.1416389,0.4096365,-51.12177,-17.82172,1.997741
36.799991131,-1.017249,-104.2779,-20.96312,0.9186279,-0.1453568,0.4210747,-51.12177,-17.82172,1.997741
36.809988499,-0.5249836,-107.5423,-21.207,0.9496279,-0.1355597,0.4157538,-51.12177,-17.82172,1.997741
36.819985867,-0.2173175,-109.5009,-21.02409,0.98002,-0.1187521,0.434361,-51.12177,-17.82172,1.997741
36.829983234,-0.7711166,-110.2725,-21.207,1.001369,-0.1140227,0.4271439,-51.86883,-18.92755,6.835787
36.839981079,-1.140316,-110.6286,-21.14603,1.003478,-0.09720115,0.4022499,-51.86883,-18.92755,6.835787
36.849978447,-3.047846,-111.3409,-20.90215,1.016597,-0.09565082,0.3840408,-51.86883,-18.92755,6.835787
36.859975815,-4.64771,-112.1124,-20.65826,1.018869,-0.0876081,0.3553202,-51.86883,-18.92755,6.835787
36.869973183,-6.43217400000002,-113.2401,-20.90215,1.025349,-0.09595162,0.3323394,-51.86883,-18.92755,6.835787
36.879970551,-7.724371,-115.4955,-21.207,1.020265,-0.1114101,0.3002876,-51.49306,-20.02222,12.00468
36.889968395,-9.44730199999998,-116.6826,-22.12156,1.01649,-0.1448972,0.2601025,-51.49306,-20.02222,12.00468
36.899965763,-6.49370699999998,-120.0063,-23.21903,1.055605,-0.1518819,0.2619504,-51.49306,-20.02222,12.00468
36.909963131,-3.540112,-121.1933,-24.07262,1.092697,-0.1550629,0.2590151,-51.49306,-20.02222,12.00468
36.919960499,-0.586516899999998,-121.3714,-24.43845,1.125144,-0.1441557,0.2656558,-51.49306,-20.02222,12.00468
36.929958343,2.367078,-120.2437,-24.86525,1.139645,-0.1116962,0.2766294,-51.10383,-21.87325,17.69362
36.939955711,3.53621,-118.2257,-24.80427,1.135179,-0.08175255,0.2661008,-51.10383,-21.87325,17.69362
36.949953079,2.920877,-116.4452,-24.49942,1.103717,-0.06744594,0.2513161,-51.10383,-21.87325,17.69362
36.959950447,1.874812,-114.7833,-23.7068,1.077305,-0.0628812,0.223125,-51.10383,-21.87325,17.69362
36.969947815,0.02881546,-113.2401,-22.60933,1.050875,-0.05731423,0.1982836,-51.10383,-21.87325,17.69362
36.97994566,-2.186381,-111.6376,-22.54836,1.043697,-0.06499519,0.1710193,-49.61537,-22.57204,23.70733
36.989943027,-3.601645,-110.6286,-22.97515,1.04103,-0.07943409,0.1389631,-49.61537,-22.57204,23.70733
36.999940395,-3.417045,-109.7383,-23.40195,1.046506,-0.1120682,0.1188617,-49.61537,-22.57204,23.70733
37.009937763,-1.017249,-108.9668,-23.82874,1.069121,-0.1228726,0.1106893,-49.61537,-22.57204,23.70733
37.019934654,2.490145,-108.0171,-24.25554,1.095451,-0.1238409,0.1072936,-49.61537,-22.57204,23.70733
37.029932976,6.305205,-106.5927,-24.92622,1.114146,-0.1074706,0.1034282,-48.13139,-22.89701,28.94501
37.039930344,9.13573400000002,-104.7527,-25.47495,1.132361,-0.09167028,0.09142798,-48.13139,-22.89701,28.94501
37.049927711,10.3664,-102.9722,-25.71884,1.149402,-0.06514539,0.08564853,-48.13139,-22.89701,28.94501
37.059924603,10.30486,-100.8355,-25.23107,1.156219,-0.03868652,0.09472278,-48.13139,-22.89701,28.94501
37.069922924,8.21273500000003,-98.3426800000002,-23.82874,1.144182,-0.02044101,0.09665336,-48.13139,-22.89701,28.94501
37.079920292,5.197607,-96.20599,-22.12156,1.121742,-0.01959759,0.0780278,-45.87631,-24.35362,34.64583
37.089917183,1.813279,-92.82291,-20.84118,1.088094,-0.01836248,0.07330038,-45.87631,-24.35362,34.64583
37.099914551,-0.709583300000001,-89.6178800000002,-19.49982,1.08256,-0.03571224,0.04794996,-45.87631,-24.35362,34.64583
37.109911919,-2.001781,-86.2941499999997,-17.85361,1.077825,-0.04313879,0.04317437,-45.87631,-24.35362,34.64583
37.11991024,-2.186381,-82.5549499999998,-17.48778,1.074443,-0.04543011,0.01255199,-45.87631,-24.35362,34.64583
37.129907131,-2.001781,-79.76539,-17.36584,1.087219,-0.05172742,-0.01283319,-43.68384,-25.38438,38.27982
37.139904499,-2.001781,-76.9758300000002,-16.63419,1.113844,-0.06815232,-0.006653891,-43.68384,-25.38438,38.27982
37.149901867,-1.017249,-73.5333899999998,-15.41478,1.153963,-0.0764873,0.004764141,-43.68384,-25.38438,38.27982
37.159899235,1.813279,-68.6071399999999,-13.95148,1.167793,-0.06001567,0.0224431,-43.68384,-25.38438,38.27982
37.16989708,4.459208,-62.7312600000001,-12.42721,1.1627,-0.0477967,0.0411133,-43.68384,-25.38438,38.27982
37.179894447,6.48980500000002,-57.4488899999997,-10.65906,1.148246,-0.03056205,0.04400552,-42.17539,-26.48695,41.52203
37.189891815,6.428272,-51.98848,-8.890904,1.134794,-0.01474349,0.04928923,-42.17539,-26.48695,41.52203
37.199889183,4.828408,-46.17194,-7.30566500000003,1.119727,-0.01708144,0.03878743,-42.17539,-26.48695,41.52203
37.209887028,3.105477,-40.71152,-5.78139599999999,1.101452,-0.03016033,0.02972971,-42.17539,-26.48695,41.52203
37.219884396,2.059412,-35.36981,-4.744893,1.103565,-0.06528623,0.01011345,-42.17539,-26.48695,41.52203
37.229881764,3.905409,-29.61263,-4.013244,1.109457,-0.09395879,-0.002810991,-39.9079,-27.96753,44.38485
37.239879131,7.47433699999998,-23.73675,-3.159653,1.112496,-0.1003037,-0.01238617,-39.9079,-27.96753,44.38485
37.249876499,10.98173,-18.03892,-1.940238,1.123912,-0.08551747,-0.01432419,-39.9079,-27.96753,44.38485
37.259874344,12.52006,-12.04433,-0.7817937,1.135943,-0.05109718,0.003831865,-39.9079,-27.96753,44.38485
37.269871712,11.16633,-5.87168699999998,0.31568,1.138966,-0.02998845,0.02057132,-39.9079,-27.96753,44.38485
37.27986908,7.90506900000002,0.3603118,1.169271,1.141028,-0.009997785,0.02343404,-38.78875,-27.94929,45.55419
37.289866448,4.151542,6.65166300000002,2.266744,1.13883,-0.02265814,0.02535543,-38.78875,-27.94929,45.55419
37.299864292,0.8287475,13.18042,3.669072,1.149786,-0.03502793,0.03060386,-38.78875,-27.94929,45.55419
37.30986166,-1.571049,20.30271,5.559165,1.160276,-0.04824718,0.05021059,-38.78875,-27.94929,45.55419
37.319859028,-2.986313,27.78111,7.38828800000001,1.164329,-0.05640619,0.05259851,-38.78875,-27.94929,45.55419
37.329856396,-3.601645,35.1408,9.58323599999998,1.151648,-0.05561467,0.06027763,-38.78455,-28.32256,46.39472
37.339853764,-3.970845,41.90697,11.5343,1.128772,-0.05704289,0.0598393,-38.78455,-28.32256,46.39472
37.349851608,-3.847778,48.37638,13.18051,1.125686,-0.07472935,0.04549195,-38.78455,-28.32256,46.39472
37.359848976,-3.170913,55.02385,14.4609,1.139357,-0.102193,0.04164658,-38.78455,-28.32256,46.39472
37.369846344,-0.832649800000001,62.4428899999999,15.98516,1.158468,-0.1075151,0.05597192,-38.78455,-28.32256,46.39472
37.379843712,2.120945,69.5651699999998,17.87526,1.170028,-0.09979145,0.07844285,-39.53316,-27.96472,44.38763
37.38984108,4.151542,76.9842099999998,19.94827,1.176189,-0.08961754,0.1148013,-39.53316,-27.96472,44.38763
37.399838925,5.99753899999999,84.8780800000001,22.14321,1.192169,-0.08378101,0.1339149,-39.53316,-27.96472,44.38763
37.409836292,6.05907200000001,93.3061100000002,24.15525,1.217447,-0.08026507,0.1448772,-39.53316,-27.96472,44.38763
37.41983366,5.25914,101.3187,25.9234,1.220408,-0.08207135,0.1534869,-41.04668,-26.85234,42.30641
37.429831028,5.382206,107.61,27.44767,1.207774,-0.08369985,0.1621237,-41.04668,-26.85234,42.30641
37.439828873,4.643808,114.851,27.93543,1.214332,-0.09579339,0.1539796,-41.04668,-26.85234,42.30641
37.449826241,5.074541,121.4391,28.60611,1.216642,-0.1152775,0.1439305,-41.04668,-26.85234,42.30641
37.459823609,5.87447300000001,126.8402,29.4597,1.201232,-0.09904681,0.1453889,-41.04668,-26.85234,42.30641
37.4698205,5.197607,131.7071,30.49621,1.191763,-0.08741339,0.1626312,-42.18121,-25.38021,37.45243
37.479817867,3.474676,135.6837,31.04494,1.19363,-0.0829767,0.1654982,-42.18121,-25.38021,37.45243
37.489816189,1.997879,140.5506,31.10591,1.207613,-0.1004785,0.1874929,-42.18121,-25.38021,37.45243
37.499813557,1.997879,145.5956,31.3498,1.194386,-0.09615143,0.210965,-42.18121,-25.38021,37.45243
37.509810448,1.628679,149.8096,31.28883,1.190463,-0.09396496,0.2459074,-42.18121,-25.38021,37.45243
37.519807816,1.567146,154.4984,31.53271,1.207196,-0.1021751,0.2683734,-45.48747,-24.37805,31.4236
37.529806137,2.059412,159.7808,31.16688,1.199353,-0.09998372,0.2592935,-45.48747,-24.37805,31.4236
37.539803028,2.613211,164.0542,31.28883,1.164613,-0.09242663,0.2574378,-45.48747,-24.37805,31.4236
37.549800396,2.305545,166.6656,32.02047,1.148363,-0.1092258,0.2622562,-45.48747,-24.37805,31.4236
37.559797764,2.367078,170.2861,32.26436,1.163033,-0.1117815,0.2698886,-45.48747,-24.37805,31.4236
37.569795132,3.413143,173.5505,32.02047,1.150422,-0.08856945,0.2847404,-48.09729,-23.32804,22.94851
37.579792977,3.413143,175.5685,31.95951,1.129644,-0.09761726,0.2967434,-48.09729,-23.32804,22.94851
37.589790344,3.905409,176.7556,31.53271,1.122097,-0.1108868,0.2967599,-48.09729,-23.32804,22.94851
37.599787712,4.951474,177.8239,30.923,1.145262,-0.1507315,0.3000799,-48.09729,-23.32804,22.94851
37.60978508,8.21273500000003,177.9426,30.37426,1.143331,-0.1773956,0.3110973,-48.09729,-23.32804,22.94851
37.619782925,14.55066,176.993,28.97194,1.097867,-0.169503,0.3159603,-50.01437,-19.60664,14.85179
37.629780292,18.91952,174.6782,27.32573,1.067758,-0.1485366,0.335629,-50.01437,-19.60664,14.85179
37.63977766,21.56545,171.77,25.74049,1.038808,-0.1115551,0.3505058,-50.01437,-19.60664,14.85179
37.649775028,19.78098,167.7934,24.94787,1.029978,-0.08185026,0.3763567,-50.01437,-19.60664,14.85179
37.659772396,15.28906,163.2826,24.52107,1.009275,-0.04266116,0.4022258,-50.01437,-19.60664,14.85179
37.669770241,8.08966899999999,158.7718,23.85039,0.9902697,-0.04252,0.4056089,-50.35244,-19.68028,6.463964
37.679767609,1.25948,154.261,23.78942,0.9477933,-0.03794366,0.413339,-50.35244,-19.68028,6.463964
37.689764976,-5.139976,148.9787,23.48457,0.9073153,-0.0620335,0.4172444,-50.35244,-19.68028,6.463964
37.699762344,-9.81650199999998,142.8654,22.87486,0.8787717,-0.0990869,0.4125179,-50.35244,-19.68028,6.463964
37.709760189,-11.72403,136.396,22.69195,0.8541315,-0.1102162,0.4178281,-50.35244,-19.68028,6.463964
37.719757557,-13.6931,129.9265,21.16768,0.8381043,-0.1385508,0.4360492,-49.60699,-17.84098,-1.603153
37.729754925,-12.89316,123.101,19.27759,0.8179453,-0.1806786,0.4427953,-49.60699,-17.84098,-1.603153
37.739752293,-8.21663800000001,116.9284,17.26555,0.788232,-0.2068977,0.456254,-49.60699,-17.84098,-1.603153
37.74974966,-2.001781,111.9428,15.13157,0.7525869,-0.202589,0.4730651,-49.60699,-17.84098,-1.603153
37.759747505,4.151542,107.7287,14.15604,0.7059049,-0.1558803,0.4740916,-49.60699,-17.84098,-1.603153
37.769744873,4.336142,104.0489,12.9976,0.6730682,-0.1194177,0.4937611,-48.88801,-15.22026,-7.223316
37.779742241,1.505613,99.6568200000003,12.5708,0.6474227,-0.1028067,0.5057659,-48.88801,-15.22026,-7.223316
37.789739609,0.02881546,95.5021499999999,11.41236,0.6266857,-0.1144282,0.5019764,-48.88801,-15.22026,-7.223316
37.799737453,-1.140316,92.0597199999998,10.19294,0.6147516,-0.1535174,0.5044002,-48.88801,-15.22026,-7.223316
37.809734821,-0.1557842,87.3115299999997,9.40032399999997,0.6143471,-0.1835265,0.5182874,-48.88801,-15.22026,-7.223316
37.819732189,2.982411,82.1478699999998,8.668674,0.5992538,-0.1836054,0.5422425,-47.38191,-14.49243,-12.44077
37.829729557,7.28973700000001,77.6370899999997,7.57120099999999,0.5691411,-0.1627443,0.5504254,-47.38191,-14.49243,-12.44077
37.839726925,9.38186599999998,72.8889000000003,6.59566799999998,0.5372068,-0.1487531,0.5552632,-47.38191,-14.49243,-12.44077
37.84972477,9.32033300000002,67.0723700000001,6.22984400000002,0.5011896,-0.1252334,0.5481413,-47.38191,-14.49243,-12.44077
37.859722137,6.79747099999997,61.6713099999998,6.10790299999999,0.4751926,-0.0903172,0.5433919,-47.38191,-14.49243,-12.44077
37.869719505,1.25948,56.09219,6.77858100000002,0.4510159,-0.07421584,0.5496513,-45.47837,-15.26632,-15.64783
37.879716873,-3.663178,51.28465,7.205376,0.4325082,-0.04886606,0.5453699,-45.47837,-15.26632,-15.64783
37.889714718,-10.06263,47.66415,7.26634699999998,0.3970592,-0.05538457,0.5468691,-45.47837,-15.26632,-15.64783
37.899712086,-15.29296,42.91596,6.65663900000001,0.3719206,-0.09174879,0.5569724,-45.47837,-15.26632,-15.64783
37.909709454,-17.38509,37.45554,4.888487,0.3726176,-0.1549688,0.5502874,-45.47837,-15.26632,-15.64783
37.919706345,-14.12383,31.87642,2.632569,0.3773747,-0.2268863,0.5402476,-43.99844,-13.75762,-18.48283
37.929703712,-4.709243,25.58507,0.01082622,0.3747257,-0.2679332,0.5211197,-43.99844,-13.75762,-18.48283
37.939702034,6.85900399999999,19.53113,-2.549946,0.372756,-0.2414515,0.4986232,-43.99844,-13.75762,-18.48283
37.949699402,14.18146,13.18042,-3.647419,0.3645042,-0.1653173,0.4990965,-43.99844,-13.75762,-18.48283
37.959696293,14.18146,6.41425300000001,-4.196156,0.3506671,-0.07711424,0.5029265,-42.94113,-13.37583,-19.25099
37.969693661,7.843536,-0.767383199999997,-3.952273,0.3380811,-0.0297801,0.4986292,-42.94113,-13.37583,-19.25099
37.979691029,-0.894183000000003,-7.65225799999999,-3.586449,0.3396131,-0.03371194,0.4904917,-42.94113,-13.37583,-19.25099
37.989688873,-8.46277000000003,-15.24936,-3.525478,0.3350533,-0.07670525,0.4751963,-42.94113,-13.37583,-19.25099
37.999686241,-12.0317,-22.66841,-4.318098,0.3548861,-0.1467793,0.4747012,-42.94113,-13.37583,-19.25099
38.009683609,-9.57036899999999,-29.85004,-5.537513,0.3772193,-0.194534,0.465103,-42.17423,-14.13419,-19.62837
38.019680977,-4.093911,-36.73492,-7.61051899999998,0.3871796,-0.2060261,0.4622172,-42.17423,-14.13419,-19.62837
38.029678822,0.5210813,-43.32303,-9.50061200000003,0.4077735,-0.1865403,0.476055,-42.17423,-14.13419,-19.62837
38.039676189,2.490145,-50.14855,-11.08585,0.4233568,-0.1599478,0.4808067,-42.17423,-14.13419,-19.62837
38.049673557,3.290077,-57.21148,-12.12236,0.4383112,-0.1518773,0.4807786,-42.17423,-14.13419,-19.62837
38.059670925,3.35161,-63.6215399999998,-13.15886,0.4667074,-0.1591527,0.4740309,-43.31508,-13.74538,-17.63923
38.06966877,3.597743,-69.9722400000002,-13.82954,0.4894226,-0.1752873,0.4672954,-43.31508,-13.74538,-17.63923
38.079666138,4.582274,-75.6107299999999,-14.25633,0.5092674,-0.168057,0.4710875,-43.31508,-13.74538,-17.63923
38.089663506,4.951474,-80.9524400000001,-14.50021,0.5179449,-0.1630042,0.473464,-43.31508,-13.74538,-17.63923
38.099660873,3.53621,-86.1754500000002,-14.7441,0.5367823,-0.1537447,0.4887432,-43.31508,-13.74538,-17.63923
38.109658241,0.951813900000003,-90.9236299999999,-14.68313,0.5733106,-0.1524011,0.503515,-44.37942,-14.11355,-15.25857
38.119656086,-1.201849,-95.1970100000002,-15.04895,0.6055741,-0.1574414,0.5202103,-44.37942,-14.11355,-15.25857
38.129653454,-1.632582,-99.1142600000003,-15.23186,0.6285272,-0.1597676,0.5350066,-44.37942,-14.11355,-15.25857
38.139650822,-1.817181,-103.0315,-15.41478,0.6456196,-0.1619254,0.5277987,-44.37942,-14.11355,-15.25857
38.14964819,-2.186381,-107.2455,-15.90254,0.673502,-0.1677357,0.5229659,-44.37942,-14.11355,-15.25857
38.159646034,-3.109379,-111.8157,-16.32934,0.7149361,-0.1682915,0.5319868,-46.60633,-15.99788,-11.2016
38.169643402,-4.155444,-116.5639,-17.06099,0.7556567,-0.1830766,0.5276124,-46.60633,-15.99788,-11.2016
38.17964077,-3.540112,-121.134,-18.21943,0.7831017,-0.191198,0.5366596,-46.60633,-15.99788,-11.2016
38.189638138,-1.140316,-124.8732,-19.37788,0.8054366,-0.1868429,0.539491,-46.60633,-15.99788,-11.2016
38.199635983,0.5210813,-128.1969,-20.59729,0.8244034,-0.1851024,0.5294074,-46.60633,-15.99788,-11.2016
38.20963335,2.059412,-131.1052,-21.26797,0.8458386,-0.1589591,0.5255347,-47.75143,-15.966,-6.436913
38.219630718,2.059412,-133.7167,-21.26797,0.8594812,-0.1329347,0.5255042,-47.75143,-15.966,-6.436913
38.229628086,-0.5249836,-136.3875,-21.87768,0.8784559,-0.1317195,0.5111135,-47.75143,-15.966,-6.436913
38.239625454,-1.878715,-138.7616,-22.36544,0.8977361,-0.1471695,0.480455,-47.75143,-15.966,-6.436913
38.249623299,-1.447982,-140.4828,-22.85321,0.9158328,-0.1514486,0.45171,-47.75143,-15.966,-6.436913
38.259620667,-0.6480501,-142.2634,-22.73127,0.9284564,-0.1494045,0.4354159,-49.6413,-16.67921,0.841774
38.269618034,0.0903486900000002,-143.5098,-22.18253,0.9352137,-0.1201716,0.4291751,-49.6413,-16.67921,0.841774
38.279615402,-0.832649800000001,-143.8066,-22.06059,0.9419711,-0.0909386,0.4229344,-49.6413,-16.67921,0.841774
38.289613247,-3.047846,-143.5692,-21.93865,0.9536843,-0.09231414,0.4066427,-49.6413,-16.67921,0.841774
38.299610615,-5.201509,-143.4505,-22.2435,0.9611186,-0.0997415,0.3755242,-49.6413,-16.67921,0.841774
38.309607983,-6.370641,-143.7472,-22.18253,0.9739083,-0.132796,0.3467958,-51.13506,-18.16122,6.837293
38.319605351,-4.770776,-143.6879,-21.51185,0.9974036,-0.1387894,0.331442,-51.13506,-18.16122,6.837293
38.329602718,-2.986313,-142.8569,-20.65826,1.027187,-0.1157775,0.3390414,-51.13506,-18.16122,6.837293
38.339600563,-2.309447,-141.1951,-19.49982,1.05713,-0.07524222,0.3495074,-51.13506,-18.16122,6.837293
38.349597931,-4.278511,-138.8803,-18.7072,1.084425,-0.04927167,0.3671604,-51.13506,-18.16122,6.837293
38.359595299,-7.10903899999999,-135.0818,-17.79264,1.106078,-0.03485686,0.3556331,-51.12537,-20.00579,13.61997
38.36959219,-10.7395,-131.8768,-17.73167,1.114164,-0.05099636,0.3269086,-51.12537,-20.00579,13.61997
38.379590511,-13.75463,-129.7401,-17.85361,1.130631,-0.09796087,0.3101419,-51.12537,-20.00579,13.61997
38.389587879,-12.5855,-127.0692,-18.7072,1.15424,-0.1360724,0.2895318,-51.12537,-20.00579,13.61997
38.399585247,-8.955036,-123.9829,-19.7437,1.182996,-0.1629583,0.2631669,-51.12537,-20.00579,13.61997
38.409582138,-3.355512,-121.4901,-20.35341,1.200601,-0.1666033,0.2516513,-50.74908,-21.46665,20.46789
38.419579506,2.551678,-118.4631,-20.53632,1.217741,-0.1190669,0.2583092,-50.74908,-21.46665,20.46789
38.429577828,4.459208,-116.1484,-20.04856,1.236047,-0.08169907,0.2664035,-50.74908,-21.46665,20.46789
38.439574719,3.53621,-113.2401,-20.04856,1.277688,-0.04145808,0.272542,-50.74908,-21.46665,20.46789
38.449572086,0.4595481,-110.2132,-19.56079,1.319043,-0.01191345,0.2786838,-50.74908,-21.46665,20.46789
38.459569454,-5.447642,-107.5423,-18.89011,1.363492,0.008380439,0.2762083,-49.24349,-22.92888,26.16315
38.469567776,-11.72403,-104.8121,-18.09749,1.389006,-0.0007597359,0.2843019,-49.24349,-22.92888,26.16315
38.479564667,-16.52362,-101.3697,-17.73167,1.382031,-0.01905721,0.2646971,-49.24349,-22.92888,26.16315
38.489562035,-18.61575,-97.33369,-17.79264,1.358424,-0.06014628,0.2331629,-49.24349,-22.92888,26.16315
38.499559403,-18.49269,-93.6538400000002,-17.85361,1.320739,-0.1038423,0.212661,-49.24349,-22.92888,26.16315
38.509557247,-16.40056,-89.7959400000002,-17.73167,1.289788,-0.1167471,0.1969253,-47.74628,-23.64456,30.17735
38.519554615,-13.81616,-85.2258100000001,-17.79264,1.265422,-0.1167996,0.1907463,-47.74628,-23.64456,30.17735
38.529551983,-11.41637,-80.1215099999999,-18.40234,1.241145,-0.1217667,0.1783469,-47.74628,-23.64456,30.17735
38.539549351,-8.58583600000001,-74.9578499999999,-18.52429,1.22661,-0.1265151,0.168802,-47.74628,-23.64456,30.17735
38.549547196,-6.24757399999999,-69.2006699999997,-18.2804,1.235806,-0.1227958,0.1836208,-46.59397,-25.82054,34.26104
38.559544563,-3.170913,-61.8409700000001,-17.36584,1.243359,-0.1093639,0.2013115,-46.59397,-25.82054,34.26104
38.569541931,-0.832649800000001,-53.65034,-16.02448,1.23672,-0.09285901,0.2137618,-46.59397,-25.82054,34.26104
38.579539299,-0.2173175,-45.04425,-13.95148,1.211948,-0.07088105,0.2262423,-46.59397,-25.82054,34.26104
38.589536667,-1.263382,-36.73492,-11.39071,1.182749,-0.07293333,0.2243795,-46.59397,-25.82054,34.26104
38.599534512,-2.986313,-28.54429,-8.52507999999999,1.167148,-0.09853683,0.2215418,-44.729,-25.78959,36.27445
38.60953188,-4.278511,-19.76014,-6.63498599999997,1.156517,-0.1294182,0.2153468,-44.729,-25.78959,36.27445
38.619529247,-3.232446,-10.79793,-4.622952,1.166426,-0.1643155,0.2038527,-44.729,-25.78959,36.27445
38.629526615,0.3364816,-1.717021,-2.367033,1.164374,-0.1847393,0.206733,-44.729,-25.78959,36.27445
38.63952446,4.336142,7.06713000000001,-0.5379106,1.162666,-0.1716789,0.2038611,-44.729,-25.78959,36.27445
38.649521828,7.16667,15.73257,1.90092,1.173198,-0.1618134,0.1971402,-43.66642,-26.14836,37.89687
38.659519195,7.90506900000002,23.44838,3.912955,1.199674,-0.1705495,0.1942248,-43.66642,-26.14836,37.89687
38.669516563,8.33580199999998,31.4016,5.620136,1.227875,-0.1669539,0.2075748,-43.66642,-26.14836,37.89687
38.679513931,9.812599,39.11741,7.38828800000001,1.255633,-0.1658669,0.2132691,-43.66642,-26.14836,37.89687
38.689511776,10.98173,47.18933,9.09546899999999,1.265977,-0.1456863,0.2189888,-43.66642,-26.14836,37.89687
38.699509144,9.87413200000002,54.72708,11.41236,1.273181,-0.1138481,0.2309324,-43.97674,-26.15451,37.44305
38.709506512,6.305205,61.7306599999998,13.66828,1.274227,-0.09136008,0.2433678,-43.97674,-26.15451,37.44305
38.719503879,1.382547,68.4374800000001,15.55837,1.270502,-0.1007148,0.2381123,-43.97674,-26.15451,37.44305
38.729501724,-3.293979,74.66947,16.65584,1.278917,-0.1599738,0.2227985,-43.97674,-26.15451,37.44305
38.739499092,-3.355512,81.4950000000001,17.32652,1.281167,-0.2023554,0.2065339,-43.97674,-26.15451,37.44305
38.74949646,-0.3403839,87.7270000000003,18.11914,1.283277,-0.2111572,0.1960038,-44.73319,-25.41632,35.43392
38.759493828,2.859344,92.7719499999998,19.27759,1.270903,-0.2005749,0.2108585,-44.73319,-25.41632,35.43392
38.769491672,5.689873,97.4607800000001,20.31409,1.255885,-0.1788244,0.2305007,-44.73319,-25.41632,35.43392
38.77948904,7.16667,102.6244,21.10671,1.271747,-0.1673914,0.2242486,-44.73319,-25.41632,35.43392
38.789486408,7.35127000000003,107.3133,21.83836,1.284596,-0.1768257,0.2275787,-44.73319,-25.41632,35.43392
38.799483776,8.95113399999999,112.3582,22.93583,1.285226,-0.1582465,0.2385801,-45.85604,-24.75795,31.80984
38.809481621,9.32033300000002,117.1658,23.78942,1.275042,-0.1344919,0.2543847,-45.85604,-24.75795,31.80984
38.819478989,8.08966899999999,120.7863,24.94787,1.271047,-0.1291421,0.2634832,-45.85604,-24.75795,31.80984
38.829476356,7.16667,124.2287,26.41117,1.283553,-0.119977,0.2821235,-45.85604,-24.75795,31.80984
38.839473724,5.87447300000001,127.9679,28.24029,1.299688,-0.09677512,0.2868752,-45.85604,-24.75795,31.80984
38.849471092,2.120945,130.7575,30.06941,1.323945,-0.09011367,0.3251173,-47.36897,-23.28155,27.79159
38.859468937,-3.663178,133.7844,31.16688,1.374137,-0.1413098,0.3571076,-47.36897,-23.28155,27.79159
38.869466305,-3.786245,138.6513,31.22786,1.378026,-0.1927735,0.353764,-47.36897,-23.28155,27.79159
38.879463673,1.25948,144.5866,31.28883,1.318847,-0.2070105,0.3596137,-47.36897,-23.28155,27.79159
38.889460564,6.612871,149.5128,32.50824,1.26979,-0.1887253,0.3927163,-47.36897,-23.28155,27.79159
38.899458885,8.028135,154.2017,33.48377,1.260838,-0.1520618,0.4357943,-49.22064,-22.97301,20.93863
38.909456253,7.16667,159.9588,34.03251,1.235057,-0.1281118,0.4535404,-49.22064,-22.97301,20.93863
38.919453621,5.44374,165.5973,34.39833,1.200517,-0.1312546,0.4502514,-49.22064,-22.97301,20.93863
38.929450512,4.459208,170.3455,35.49581,1.160172,-0.1363506,0.4584588,-49.22064,-22.97301,20.93863
38.939448833,4.705341,174.975,36.3494,1.123535,-0.1310677,0.4776644,-49.22064,-22.97301,20.93863
38.949446201,4.705341,179.1297,37.08105,1.095416,-0.1125969,0.4858444,-49.98373,-20.76133,13.24536
38.959443092,3.35161,182.5721,37.26396,1.082757,-0.1126452,0.507881,-49.98373,-20.76133,13.24536
38.96944046,2.674744,185.0649,37.26396,1.089771,-0.1226544,0.5140929,-49.98373,-20.76133,13.24536
38.979438782,2.551678,186.7861,36.95911,1.111999,-0.1644308,0.5207649,-49.98373,-20.76133,13.24536
38.98943615,4.397675,188.2699,35.25193,1.121671,-0.2123084,0.5250676,-49.98373,-20.76133,13.24536
38.999433041,10.1818,189.7537,33.23989,1.117474,-0.2483949,0.5202984,-49.96107,-20.07471,4.469263
39.009430408,16.76585,190.3472,31.04494,1.086052,-0.2615625,0.5299281,-49.96107,-20.07471,4.469263
39.019427776,23.90371,191.1188,28.72805,1.03476,-0.2283669,0.5510663,-49.96107,-20.07471,4.469263
39.029426098,26.98037,192.0091,27.14281,0.9896003,-0.2100048,0.5841621,-49.96107,-20.07471,4.469263
39.039422989,26.79577,191.7717,26.10631,0.9482487,-0.160975,0.6148503,-49.96107,-20.07471,4.469263
39.049420357,23.04224,190.8221,26.41117,0.9170429,-0.1338314,0.6215979,-48.51585,-15.57765,-4.831995
39.059417725,17.50425,188.8041,27.32573,0.8858654,-0.10811,0.6321743,-48.51585,-15.57765,-4.831995
39.069415569,9.32033300000002,186.5487,28.66708,0.8575968,-0.1076396,0.638445,-48.51585,-15.57765,-4.831995
39.079412937,1.505613,184.6494,29.76456,0.8429755,-0.1330528,0.6542699,-48.51585,-15.57765,-4.831995
39.089410305,-2.801713,182.5721,30.98397,0.8404428,-0.1797137,0.6585936,-48.51585,-15.57765,-4.831995
39.099407673,-0.586516899999998,180.0793,31.3498,0.7862933,-0.1763618,0.6639515,-45.50284,-14.48872,-13.65238
39.109405518,2.674744,177.7645,30.74009,0.7219176,-0.1474702,0.6678848,-45.50284,-14.48872,-13.65238
39.119402885,3.35161,174.0847,30.31329,0.6662553,-0.1154864,0.6722808,-45.50284,-14.48872,-13.65238
39.129400253,-2.617113,169.6926,29.39873,0.6615636,-0.1766805,0.6861835,-45.50284,-14.48872,-13.65238
39.139397621,-1.940248,166.7844,28.24029,0.6638623,-0.2221786,0.6479051,-41.05869,-13.37866,-21.23659
39.149395466,6.428272,166.6063,26.10631,0.6130097,-0.2394475,0.6231123,-41.05869,-13.37866,-21.23659
39.159392834,14.30453,165.2412,24.64301,0.5288974,-0.2236549,0.6189476,-41.05869,-13.37866,-21.23659
39.169390202,17.81192,161.9768,23.48457,0.4702794,-0.1640352,0.6228631,-41.05869,-13.37866,-21.23659
39.179387569,15.71979,158.0002,22.44806,0.4262999,-0.07923363,0.6387109,-41.05869,-13.37866,-21.23659
39.189384937,7.04360400000002,152.7772,21.83836,0.3901827,-0.07600264,0.6449946,-36.93527,-12.2546,-26.88812
39.199382782,-0.2788507,146.1297,21.35059,0.3765252,-0.1273665,0.6373743,-36.93527,-12.2546,-26.88812
39.20938015,-2.186381,139.8977,20.61894,0.3438287,-0.1773295,0.6116011,-36.93527,-12.2546,-26.88812
39.219377518,3.290077,134.7934,19.39953,0.2968624,-0.1684386,0.569566,-36.93527,-12.2546,-26.88812
39.229374886,6.24367199999998,130.6981,17.75332,0.2465153,-0.1346078,0.5519377,-36.93527,-12.2546,-26.88812
39.23937273,5.136074,125.4751,16.16808,0.18528,-0.1173562,0.5515615,-32.41721,-12.26171,-31.69227
39.249370098,3.228544,118.7683,14.82672,0.1308504,-0.1260453,0.5162439,-32.41721,-12.26171,-31.69227
39.259367466,2.674744,112.1208,13.42439,0.1152105,-0.1505559,0.4736843,-32.41721,-12.26171,-31.69227
39.269364834,2.859344,106.5417,13.60731,0.08464985,-0.1579804,0.4718252,-32.41721,-12.26171,-31.69227
39.279362679,5.62834,101.7342,13.66828,0.03568884,-0.1203049,0.4465363,-32.41721,-12.26171,-31.69227
39.289360046,4.151542,98.8258900000001,12.50983,-0.01521849,-0.08260199,0.4284294,-27.53145,-12.25239,-34.88114
39.299357414,-1.017249,93.6622300000001,12.87566,-0.07126643,-0.05670717,0.4055488,-27.53145,-12.25239,-34.88114
39.309354782,-8.955036,87.9050499999999,12.75372,-0.09521604,-0.07842579,0.420432,-27.53145,-12.25239,-34.88114
39.319352627,-12.7701,81.5543500000001,12.50983,-0.1350664,-0.1104494,0.4056739,-27.53145,-12.25239,-34.88114
39.329349995,-11.35483,75.9158700000001,10.80265,-0.1513706,-0.1507283,0.3937483,-27.53145,-12.25239,-34.88114
39.339347363,-7.17057299999998,69.5058200000003,10.01003,-0.1849988,-0.1247624,0.3832715,-23.47872,-11.4781,-36.85458
39.34934473,-7.724371,61.0184299999998,9.27838200000003,-0.2432113,-0.08638899,0.4010704,-23.47872,-11.4781,-36.85458
39.359342098,-11.97016,48.8512,8.11993799999998,-0.2583704,-0.1087698,0.4307743,-23.47872,-11.4781,-36.85458
39.369339943,-8.70890300000002,37.04008,5.80304899999998,-0.2691268,-0.1335645,0.3996921,-23.47872,-11.4781,-36.85458
39.379337311,-0.7711166,28.01851,2.571598,-0.2952164,-0.1466628,0.3523619,-23.47872,-11.4781,-36.85458
39.389334679,3.228544,19.70918,0.4376215,-0.2981177,-0.09630502,0.3389538,-20.10096,-11.46259,-37.99056
39.399332047,4.274609,11.16244,-0.903735200000002,-0.3040691,-0.06561624,0.3068917,-20.10096,-11.46259,-37.99056
39.409329891,2.182479,2.734407,-3.159653,-0.3327496,-0.09538323,0.3021636,-20.10096,-11.46259,-37.99056
39.419327259,2.920877,-7.53355299999998,-4.683922,-0.3013403,-0.08106858,0.3116767,-20.10096,-11.46259,-37.99056
39.429324627,5.013007,-17.26734,-6.33013299999999,-0.3002951,-0.05858496,0.3236335,-20.10096,-11.46259,-37.99056
39.439321995,3.413143,-27.5353,-7.976343,-0.2852068,-0.05712198,0.3446642,-18.60788,-11.0748,-38.43297
39.44931984,1.321013,-38.57484,-9.68352500000001,-0.2557845,-0.06661386,0.3589726,-18.60788,-11.0748,-38.43297
39.459317207,1.936346,-49.31762,-12.00041,-0.2297815,-0.1021124,0.3531935,-18.60788,-11.0748,-38.43297
39.469314575,4.951474,-59.46687,-14.01245,-0.1955947,-0.1320031,0.3584059,-18.60788,-11.0748,-38.43297
39.479311943,9.56646600000001,-68.9632599999997,-15.84157,-0.1694138,-0.09888826,0.3626589,-18.60788,-11.0748,-38.43297
39.489309788,10.12027,-77.2132299999999,-17.67069,-0.1512082,-0.0818267,0.3822444,-19.3453,-11.83405,-37.59597
39.499307156,8.33580199999998,-85.6412699999998,-19.13399,-0.1032137,-0.09441028,0.3902998,-19.3453,-11.83405,-37.59597
39.509304524,9.38186599999998,-92.6448500000001,-20.7802,-0.0500286,-0.09824523,0.3873366,-19.3453,-11.83405,-37.59597
39.519301415,9.01266799999998,-98.5800900000002,-22.12156,-0.009410851,-0.1069949,0.4054539,-19.3453,-11.83405,-37.59597
39.529299736,6.79747099999997,-106.8301,-21.99962,0.03581086,-0.1008692,0.4460525,-19.3453,-11.83405,-37.59597
39.539297104,4.028476,-116.0297,-21.87768,0.0849992,-0.09865353,0.4756379,-21.6067,-11.46077,-36.45367
39.549294472,-0.03271778,-126.2976,-22.06059,0.1319072,-0.1047395,0.5057079,-21.6067,-11.46077,-36.45367
39.559291363,-4.278511,-137.0404,-21.99962,0.1885488,-0.135775,0.5496462,-21.6067,-11.46077,-36.45367
39.569288731,-4.524643,-147.1303,-22.73127,0.2358564,-0.164067,0.5419138,-21.6067,-11.46077,-36.45367
39.579287052,-3.970845,-154.3713,-24.80427,0.2964575,-0.2256483,0.5317739,-21.6067,-11.46077,-36.45367
39.589283943,1.690213,-159.8317,-25.90175,0.3592232,-0.24688,0.5187484,-25.74297,-11.46446,-33.25925
39.599281311,6.85900399999999,-164.758,-27.48699,0.6214327,-0.3000071,0.5719055,-25.74297,-11.46446,-33.25925
39.609278679,10.61253,-166.3605,-27.48699,0.4396875,-0.1980837,0.5262527,-25.74297,-11.46446,-33.25925
39.619277,8.397335,-171.4054,-27.30408,0.4650401,-0.1719893,0.5616165,-25.74297,-11.46446,-33.25925
39.629273891,5.074541,-177.3407,-27.42602,0.5432864,-0.1862338,0.588284,-25.74297,-11.46446,-33.25925
39.639271259,1.690213,-182.2669,-27.48699,0.6446978,-0.2146735,0.606779,-31.29584,-12.61292,-29.23089
39.649268627,2.551678,-187.9054,-27.06019,0.706082,-0.2131931,0.6358648,-31.29584,-12.61292,-29.23089
39.659266472,4.582274,-193.6032,-26.87728,0.7410622,-0.1812395,0.6535029,-31.29584,-12.61292,-29.23089
39.66926384,2.674744,-198.7075,-26.45049,0.7672586,-0.1491796,0.6486632,-31.29584,-12.61292,-29.23089
39.679261208,-4.216978,-204.2273,-26.14563,0.8006498,-0.1625113,0.6596156,-36.93115,-13.35807,-22.43151
39.689258575,-9.07810300000001,-207.7291,-26.38951,0.855989,-0.2032571,0.6542653,-36.93115,-13.35807,-22.43151
39.69925642,-8.70890300000002,-208.4413,-26.93825,0.8857284,-0.2305876,0.6302917,-36.93115,-13.35807,-22.43151
39.709253788,-5.078443,-206.6607,-27.48699,0.8918502,-0.2193163,0.6274067,-36.93115,-13.35807,-22.43151
39.719251156,-2.186381,-203.0403,-26.87728,0.8940257,-0.1793954,0.6307427,-36.93115,-13.35807,-22.43151
39.729248524,-3.909311,-198.5888,-26.26757,0.896364,-0.1474911,0.6604021,-42.57183,-14.09287,-14.40663
39.739246368,-8.77043599999998,-194.2561,-26.2066,0.9551339,-0.1890577,0.664139,-42.57183,-14.09287,-14.40663
39.749243736,-8.21663800000001,-189.7453,-26.32854,1.039821,-0.2098124,0.6558608,-42.57183,-14.09287,-14.40663
39.759241104,-4.524643,-185.2939,-26.38951,1.102412,-0.1954334,0.658141,-42.57183,-14.09287,-14.40663
39.769238472,0.2134152,-181.6734,-25.59689,1.108474,-0.1549805,0.65812,-42.57183,-14.09287,-14.40663
39.779236317,1.628679,-179.5961,-25.1701,1.092371,-0.1018232,0.6605272,-46.61854,-16.70465,-4.812008
39.789233684,-3.355512,-178.1123,-25.29204,1.111319,-0.0991507,0.6461363,-46.61854,-16.70465,-4.812008
39.799231052,-7.539772,-176.9252,-25.59689,1.171382,-0.1064093,0.6259332,-46.61854,-16.70465,-4.812008
39.80922842,-10.7395,-175.5601,-26.2066,1.22269,-0.1142171,0.61771,-46.61854,-16.70465,-4.812008
39.819226265,-12.83163,-175.5601,-26.02369,1.248186,-0.1223945,0.6248462,-46.61854,-16.70465,-4.812008
39.829223633,-14.30843,-175.0259,-26.6334,1.274617,-0.1543383,0.6348585,-50.03265,-16.28478,2.836475
39.839221001,-13.01623,-173.1267,-27.54796,1.319829,-0.1749493,0.6213849,-50.03265,-16.28478,2.836475
39.849218368,-8.093571,-169.2688,-28.64543,1.355231,-0.1667862,0.5873421,-50.03265,-16.28478,2.836475
39.859216213,-2.801713,-165.2328,-28.64543,1.339823,-0.1256242,0.5519437,-50.03265,-16.28478,2.836475
39.869213581,-1.694115,-163.5709,-28.03572,1.324825,-0.07992719,0.5332937,-50.03265,-16.28478,2.836475
39.879210949,-5.139976,-163.2148,-26.75534,1.348223,-0.05482664,0.5174534,-51.12896,-19.2685,10.8424
39.89170742,-10.06263,-162.3839,-26.32854,1.391662,-0.05975681,0.4690428,-51.12896,-19.2685,10.8424
39.899206161,-13.26236,-161.9091,-26.51146,1.416165,-0.06776179,0.4441162,-51.12896,-19.2685,10.8424
39.91170311,-16.76976,-161.4342,-27.12116,1.472563,-0.08790709,0.4043013,-51.12896,-19.2685,10.8424
39.921700001,-15.72369,-160.3659,-28.09669,1.483405,-0.09532853,0.3664768,-51.12896,-19.2685,10.8424
39.929198265,-15.16989,-160.3065,-29.1332,1.482849,-0.117763,0.3588263,-51.49768,-21.10881,18.46079
39.94169569,-12.0317,-159.2975,-28.76737,1.535679,-0.102605,0.3611232,-51.49768,-21.10881,18.46079
39.949193478,-11.23177,-156.7454,-28.58446,1.568526,-0.08671203,0.3806835,-51.49768,-21.10881,18.46079
39.961689949,-9.63190200000001,-148.5548,-28.7064,1.56995,-0.05910804,0.3672737,-51.49768,-21.10881,18.46079
39.969188213,-8.955036,-142.9756,-28.58446,1.528984,-0.05760175,0.3549018,-51.49768,-21.10881,18.46079
39.979185581,-9.20116899999999,-136.6843,-27.85281,1.453822,-0.05211342,0.3205739,-49.61457,-22.93877,25.32187
39.989183426,-10.80103,-130.0368,-26.2066,1.392611,-0.06284516,0.2890974,-49.61457,-22.93877,25.32187
39.999180794,-11.60097,-123.4487,-24.07262,1.342805,-0.08399843,0.2623894,-49.61457,-22.93877,25.32187
40.011677265,-11.17023,-113.3588,-22.06059,1.271038,-0.1301941,0.2017472,-49.61457,-22.93877,25.32187
40.021675587,-9.81650199999998,-106.0585,-21.14603,1.217556,-0.1630299,0.1807916,-49.61457,-22.93877,25.32187
40.031672478,-5.87837500000002,-98.8175000000002,-19.07302,1.20732,-0.1626629,0.1899022,-47.75165,-23.63421,31.40286
40.041669846,-1.447982,-89.8552900000003,-16.26837,1.198172,-0.1415797,0.2301132,-47.75165,-23.63421,31.40286
40.051667213,1.44408,-79.8840900000002,-14.50021,1.166095,-0.1197197,0.2454779,-47.75165,-23.63421,31.40286
40.061665535,2.982411,-69.5567799999999,-13.40274,1.146878,-0.1084631,0.242637,-47.75165,-23.63421,31.40286
40.071662426,3.843876,-59.7636399999998,-11.26876,1.125791,-0.1017222,0.2283148,-47.75165,-23.63421,31.40286
40.081659794,2.797811,-50.14855,-8.829934,1.098266,-0.08915877,0.2269238,-44.72731,-25.79286,35.88745
40.091657162,0.2749484,-41.2457,-6.695957,1.058432,-0.09582533,0.2217306,-44.72731,-25.79286,35.88745
40.10165453,-2.309447,-32.40219,-4.927805,1.026337,-0.1257782,0.204087,-44.72731,-25.79286,35.88745
40.111652374,-3.047846,-23.91481,-3.403537,1.016201,-0.1571884,0.1921483,-44.72731,-25.79286,35.88745
40.121649742,-1.447982,-15.90224,-1.940238,1.015905,-0.1674385,0.1878443,-43.67937,-25.7582,39.05585
40.13164711,0.705681,-7.65225799999999,-0.5379106,1.024428,-0.1540927,0.1940475,-43.67937,-25.7582,39.05585
40.141644478,1.44408,-0.411269,0.4985923,1.036494,-0.1480844,0.1873248,-43.67937,-25.7582,39.05585
40.151642323,0.890280700000001,6.41425300000001,1.657037,1.058147,-0.1336432,0.178669,-43.67937,-25.7582,39.05585
40.16163969,-0.586516899999998,13.29913,2.571598,1.093743,-0.1348662,0.1805216,-43.67937,-25.7582,39.05585
40.171637058,-2.309447,19.82789,3.730042,1.114848,-0.1425786,0.1948441,-42.93016,-25.75203,39.12591
40.181634426,-3.232446,25.94118,5.13237,1.1421,-0.1405341,0.2000604,-42.93016,-25.75203,39.12591
40.191632271,-3.417045,32.82606,6.35178600000003,1.16268,-0.1463483,0.2105546,-42.93016,-25.75203,39.12591
40.201629639,-2.678647,40.06705,6.90052199999999,1.178963,-0.1572734,0.2028719,-42.93016,-25.75203,39.12591
40.211627007,-1.263382,46.4771,7.69314200000002,1.192872,-0.1716646,0.1932798,-42.93016,-25.75203,39.12591
40.221624374,-0.03271778,52.47169,8.60770299999997,1.217362,-0.1785663,0.1827102,-43.29168,-26.14555,37.89965
40.231622219,2.059412,58.5849899999998,9.64420700000001,1.231549,-0.1817666,0.1740719,-43.29168,-26.14555,37.89965
40.241619587,4.705341,63.9860500000001,10.55877,1.241567,-0.170449,0.1678301,-43.29168,-26.14555,37.89965
40.251616955,6.98206999999997,68.2594099999999,11.47333,1.247929,-0.1724777,0.1448478,-43.29168,-26.14555,37.89965
40.261614323,8.95113399999999,71.5238,12.38789,1.262458,-0.1678829,0.1376427,-43.29168,-26.14555,37.89965
40.271612167,10.9202,75.3817099999997,14.15604,1.283921,-0.1424039,0.1672704,-45.10991,-25.41532,35.88264
40.281609535,9.50493299999999,80.4860099999999,16.29002,1.298096,-0.1180451,0.1964326,-45.10991,-25.41532,35.88264
40.291606903,6.98206999999997,84.9967899999999,18.78982,1.288468,-0.09748366,0.233773,-45.10991,-25.41532,35.88264
40.301604271,3.53621,90.0417400000001,21.04574,1.283002,-0.1173618,0.2505378,-45.10991,-25.41532,35.88264
40.311602116,1.690213,96.2143900000002,23.05777,1.28266,-0.1508283,0.2582043,-45.10991,-25.41532,35.88264
40.321599484,2.428612,103.1586,24.8869,1.260172,-0.1732584,0.2453277,-46.23615,-24.75041,33.03257
40.331596851,4.397675,109.1532,26.83796,1.23357,-0.1840765,0.2358053,-46.23615,-24.75041,33.03257
40.341594219,6.85900399999999,114.6136,29.21582,1.225316,-0.1593249,0.2501706,-46.23615,-24.75041,33.03257
40.351592064,6.55133799999999,119.5399,31.16688,1.224458,-0.1393042,0.2626099,-46.23615,-24.75041,33.03257
40.361589432,5.87447300000001,124.4068,32.99601,1.217402,-0.1267828,0.2654905,-46.23615,-24.75041,33.03257
40.3715868,4.828408,128.7395,33.91057,1.213425,-0.1224309,0.2717178,-47.74371,-23.28436,27.78881
40.381584168,3.966942,132.2413,35.00804,1.228855,-0.1395893,0.2750453,-47.74371,-23.28436,27.78881
40.391582012,4.151542,136.2772,36.04454,1.248729,-0.1337416,0.2869736,-47.74371,-23.28436,27.78881
40.40157938,3.105477,139.3636,36.59328,1.264319,-0.1589955,0.3080102,-47.74371,-23.28436,27.78881
40.411576748,3.228544,143.0434,36.7762,1.291981,-0.1524334,0.3280605,-47.74371,-23.28436,27.78881
40.421574116,1.997879,146.7233,36.71523,1.295156,-0.1388994,0.3663376,-48.85715,-22.5833,21.71338
40.431571961,-0.1557842,148.2664,36.22746,1.274929,-0.1505449,0.4118405,-48.85715,-22.5833,21.71338
40.441569328,-0.2173175,150.1657,35.55678,1.260941,-0.1573174,0.445367,-48.85715,-22.5833,21.71338
40.451566696,1.136414,153.0146,34.4593,1.263759,-0.1776712,0.4453673,-48.85715,-22.5833,21.71338
40.461564064,2.797811,155.5668,33.66669,1.254018,-0.1778505,0.4468201,-48.85715,-22.5833,21.71338
40.471561909,4.828408,157.1099,32.87407,1.218297,-0.1697304,0.4554947,-50.36552,-20.75052,14.85509
40.481559277,5.505273,158.7124,32.08144,1.187261,-0.1519216,0.4507584,-50.36552,-20.75052,14.85509
40.491556645,4.889941,159.6027,32.50824,1.168203,-0.1488176,0.4594052,-50.36552,-20.75052,14.85509
40.501554012,3.597743,159.6027,32.8131,1.13421,-0.1282823,0.4934381,-50.36552,-20.75052,14.85509
40.511551857,0.2749484,160.1962,32.50824,1.105702,-0.1401221,0.5356055,-50.36552,-20.75052,14.85509
40.521549225,-0.6480501,161.7988,31.3498,1.075287,-0.1809729,0.544762,-50.77971,-17.39061,7.674521
40.531546593,1.321013,164.6477,30.37426,1.069219,-0.2215926,0.5265971,-50.77971,-17.39061,7.674521
40.541543961,6.98206999999997,167.6746,29.52067,1.04783,-0.2509138,0.501756,-50.77971,-17.39061,7.674521
40.551541805,13.93533,170.7016,28.66708,1.002733,-0.2367494,0.5008738,-50.77971,-17.39061,7.674521
40.561539173,18.36572,173.1944,28.24029,0.9371799,-0.196507,0.5263422,-50.77971,-17.39061,7.674521
40.571536541,19.53485,174.7376,28.24029,0.8803801,-0.1293561,0.5527456,-50.38374,-16.69846,-0.7762947
40.581533909,15.65826,175.7466,28.11835,0.8417844,-0.09801581,0.5561549,-50.38374,-16.69846,-0.7762947
40.591531754,9.935666,176.8149,28.30126,0.8161768,-0.08407947,0.5413601,-50.38374,-16.69846,-0.7762947
40.601529122,1.936346,176.6369,27.93543,0.7976755,-0.1370013,0.5332702,-50.38374,-16.69846,-0.7762947
40.611526489,-1.571049,175.0937,27.3867,0.7883607,-0.2121256,0.5218199,-50.38374,-16.69846,-0.7762947
40.62152338,3.413143,173.1351,26.22825,0.7743786,-0.2722998,0.5079811,-48.13933,-14.8479,-8.832289
40.631521702,12.39699,169.1584,25.13078,0.7265531,-0.2683107,0.5161992,-48.13933,-14.8479,-8.832289
40.64151907,19.35025,163.2826,23.05777,0.6688453,-0.2301501,0.562712,-48.13933,-14.8479,-8.832289
40.651516437,21.75005,155.6261,21.65545,0.6044931,-0.1756469,0.6039675,-48.13933,-14.8479,-8.832289
40.661513328,20.70398,148.6225,21.16768,0.5600482,-0.09172115,0.6313023,-48.13933,-14.8479,-8.832289
40.67151165,12.76619,141.9751,20.98477,0.5252488,-0.05419819,0.6648536,-45.20959,-12.98893,-16.49619
40.681509018,1.997879,134.1999,21.65545,0.4951312,-0.05913598,0.6682575,-45.20959,-12.98893,-16.49619
40.691506386,-6.370641,126.9589,20.80186,0.4920943,-0.1312162,0.657274,-45.20959,-12.98893,-16.49619
40.701503277,-8.40123700000001,119.7179,19.82632,0.481143,-0.2236133,0.6204666,-45.20959,-12.98893,-16.49619
40.711501598,-2.55558,114.1388,18.36302,0.4578447,-0.2548414,0.603765,-41.43931,-13.00493,-21.6929
40.721498966,6.18213799999999,109.8061,16.83875,0.3987502,-0.2484971,0.5751519,-41.43931,-13.00493,-21.6929
40.731495857,12.64313,105.5921,15.43643,0.3471121,-0.1976049,0.5661359,-41.43931,-13.00493,-21.6929
40.741493225,13.56613,100.5471,14.15604,0.2910028,-0.1161736,0.5585555,-41.43931,-13.00493,-21.6929
40.751491547,7.843536,93.7215800000002,13.48536,0.2452268,-0.09182657,0.5567147,-41.43931,-13.00493,-21.6929
40.761488914,0.3980148,85.7090100000003,13.36342,0.2431888,-0.08695477,0.5624599,-38.0612,-12.25977,-26.50946
40.771485805,-5.816842,78.6460799999999,13.42439,0.238713,-0.1078466,0.5725232,-38.0612,-12.25977,-26.50946
40.781483173,-7.10903899999999,72.5921400000002,13.11954,0.1945487,-0.1175187,0.5668598,-38.0612,-12.25977,-26.50946
40.791481495,-6.24757399999999,67.5471900000001,11.71721,0.1567261,-0.1283182,0.5305567,-38.0612,-12.25977,-26.50946
40.801478386,-6.370641,62.50224,10.19294,0.1428564,-0.1429389,0.5028272,-38.0612,-12.25977,-26.50946
40.811475754,-6.18604100000003,57.10118,8.91255800000001,0.1634567,-0.1512096,0.4573288,-35.05898,-11.88034,-29.26275
40.821473122,-4.709243,52.11558,7.51023000000002,0.1526602,-0.1477591,0.4329393,-35.05898,-11.88034,-29.26275
40.831471443,-3.232446,46.83322,6.10790299999999,0.1048192,-0.1699025,0.4000067,-35.05898,-11.88034,-29.26275
40.841468334,1.25948,40.95733,4.400721,0.07873131,-0.1565317,0.3775556,-35.05898,-11.88034,-29.26275
40.851465702,4.090009,34.13181,2.815481,0.06064758,-0.1277457,0.376144,-35.05898,-11.88034,-29.26275
40.86146307,2.736278,26.2973,2.022861,0.04826444,-0.09103246,0.3790276,-32.43043,-11.871,-30.4688
40.871460915,-0.955716300000001,17.21638,1.047329,0.04126218,-0.08146074,0.3780802,-32.43043,-11.871,-30.4688
40.881458282,-5.078443,6.71101499999999,0.01082622,0.03368517,-0.09334322,0.3704393,-32.43043,-11.871,-30.4688
40.89145565,-7.232106,-4.269173,-0.903735200000002,0.03214295,-0.114606,0.386719,-32.43043,-11.871,-30.4688
40.901453018,-7.29363900000002,-15.42742,-2.488975,0.02230838,-0.1356212,0.3948773,-32.43043,-11.871,-30.4688
40.911450863,-5.570708,-26.1702,-4.50101,0.0282904,-0.1427965,0.3943902,-31.69131,-11.11502,-31.6928
40.921448231,-3.232446,-36.3788,-6.93983999999998,0.05918045,-0.1528287,0.3996032,-31.69131,-11.11502,-31.6928
40.931445599,-1.386449,-45.87518,-8.95187600000001,0.07447239,-0.1627313,0.3995791,-31.69131,-11.11502,-31.6928
40.941442966,2.120945,-54.89674,-10.90294,0.08846587,-0.1550342,0.41391,-31.69131,-11.11502,-31.6928
40.951440811,4.889941,-62.1377300000002,-12.91498,0.09005296,-0.1618674,0.407209,-31.69131,-11.11502,-31.6928
40.961438179,7.720469,-68.2510300000003,-14.56119,0.1062354,-0.1410153,0.4205755,-31.69667,-11.10467,-30.46729
40.971435547,7.843536,-73.9488500000001,-15.7806,0.1306809,-0.1190106,0.4358417,-31.69667,-11.10467,-30.46729
40.981433392,6.55133799999999,-79.9434400000003,-16.63419,0.1412183,-0.1089739,0.4477851,-31.69667,-11.10467,-30.46729
40.991430759,3.413143,-86.5909099999998,-17.48778,0.163529,-0.1030605,0.4616234,-31.69667,-11.10467,-30.46729
41.001428127,0.02881546,-94.3067200000002,-18.58526,0.2072672,-0.1225313,0.469688,-31.69667,-11.10467,-30.46729
41.011425495,-2.001781,-102.9128,-20.1705,0.243982,-0.157192,0.4792044,-33.95557,-11.10138,-28.09746
41.02142334,-2.186381,-112.1124,-21.45088,0.2893774,-0.1866989,0.5021045,-33.95557,-11.10138,-28.09746
41.031420708,-0.2788507,-120.9559,-22.6703,0.3297516,-0.2086615,0.5106542,-33.95557,-11.10138,-28.09746
41.041418076,4.090009,-127.4253,-23.82874,0.3789923,-0.2102061,0.5009972,-33.95557,-11.10138,-28.09746
41.051415443,7.10513699999998,-131.4019,-24.86525,0.423309,-0.2088753,0.4975695,-33.95557,-11.10138,-28.09746
41.061413288,9.68953300000002,-134.8444,-25.23107,0.4534341,-0.1780596,0.5075592,-36.56311,-12.61198,-24.4968
41.071410656,9.19726699999998,-138.7023,-25.65787,0.4891982,-0.1622581,0.5108428,-36.56311,-12.61198,-24.4968
41.081408024,6.12060500000003,-142.9756,-26.2066,0.5387712,-0.1555264,0.5021403,-36.56311,-12.61198,-24.4968
41.091405392,3.53621,-147.4864,-26.81631,0.5835336,-0.1516211,0.5135471,-36.56311,-12.61198,-24.4968
41.101403236,2.797811,-152.0566,-27.2431,0.6135185,-0.1392696,0.5240203,-36.56311,-12.61198,-24.4968
41.111400604,2.120945,-155.9738,-28.34058,0.6516849,-0.1477922,0.5191702,-40.70644,-12.60206,-19.68986
41.121397972,1.936346,-160.0098,-29.01126,0.69802,-0.1504056,0.5052114,-40.70644,-12.60206,-19.68986
41.13139534,0.8287475,-163.6896,-28.76737,0.7493334,-0.1580466,0.515174,-40.70644,-12.60206,-19.68986
41.141393185,-0.4634504,-166.6572,-28.52349,0.7983476,-0.1730441,0.5227496,-40.70644,-12.60206,-19.68986
41.151390553,-0.7711166,-168.3191,-28.40155,0.8549326,-0.1755769,0.5484948,-40.70644,-12.60206,-19.68986
41.16138792,0.3364816,-168.2004,-28.03572,0.8907238,-0.1612414,0.5508215,-44.46215,-13.70969,-12.42305
41.171385288,0.2134152,-167.4882,-27.85281,0.9133736,-0.1476077,0.5579572,-44.46215,-13.70969,-12.42305
41.181383133,-2.001781,-167.3695,-27.85281,0.9452099,-0.1818262,0.5732249,-44.46215,-13.70969,-12.42305
41.191380501,-0.832649800000001,-166.776,-27.60893,0.9942282,-0.1974631,0.5640506,-44.46215,-13.70969,-12.42305
41.201377869,3.290077,-163.749,-27.60893,1.036149,-0.1988155,0.5381347,-44.46215,-13.70969,-12.42305
41.211375237,5.689873,-161.1968,-26.57243,1.077635,-0.175953,0.5571995,-48.15682,-14.81413,-4.83327
41.221373081,5.136074,-159.8317,-23.95068,1.120525,-0.09816895,0.5743335,-48.15682,-14.81413,-4.83327
41.231370449,0.5210813,-159.8317,-22.18253,1.160915,-0.04269547,0.6015276,-48.15682,-14.81413,-4.83327
41.241367817,-7.90897099999997,-159.8911,-22.60933,1.190152,-0.06821394,0.6172763,-48.15682,-14.81413,-4.83327
41.251365185,-13.1393,-158.9414,-24.25554,1.238602,-0.1315282,0.6033294,-48.15682,-14.81413,-4.83327
41.26136303,-13.38543,-157.3389,-25.41398,1.286466,-0.1894297,0.5979965,-50.39954,-16.66795,2.835722
41.271360397,-9.26270200000001,-155.3209,-26.2066,1.31677,-0.2205313,0.5855087,-50.39954,-16.66795,2.835722
41.281357765,-1.632582,-153.0656,-26.69437,1.328799,-0.2125843,0.5783071,-50.39954,-16.66795,2.835722
41.291355133,4.213075,-151.8785,-26.26757,1.338122,-0.164406,0.5658354,-50.39954,-16.66795,2.835722
41.301352978,5.25914,-152.1159,-25.59689,1.361698,-0.122736,0.5547763,-51.14102,-18.51487,9.999836
41.311350346,3.105477,-152.5907,-25.47495,1.387528,-0.09771466,0.5250531,-51.14102,-18.51487,9.999836
41.321347714,-1.324916,-153.4217,-25.77981,1.409993,-0.1008654,0.5039575,-51.14102,-18.51487,9.999836
41.331345081,-4.64771,-153.8371,-25.53592,1.430158,-0.1113683,0.4809534,-51.14102,-18.51487,9.999836
41.341342926,-8.27817099999997,-154.0152,-25.53592,1.456705,-0.1240563,0.4708603,-51.14102,-18.51487,9.999836
41.351340294,-9.01656900000002,-152.472,-25.53592,1.477216,-0.1266457,0.4622108,-51.50385,-20.73172,18.07176
41.361337662,-8.21663800000001,-149.6825,-25.90175,1.464379,-0.1184068,0.4344737,-51.50385,-20.73172,18.07176
41.37133503,-7.724371,-146.3587,-25.53592,1.433229,-0.09492251,0.412986,-51.50385,-20.73172,18.07176
41.381332874,-8.33970399999999,-142.6195,-25.29204,1.383829,-0.08600076,0.3795695,-51.50385,-20.73172,18.07176
41.391330242,-10.67797,-139.2365,-25.29204,1.328572,-0.1024506,0.3476055,-51.50385,-20.73172,18.07176
41.40132761,-12.27783,-135.3192,-25.47495,1.269578,-0.1278791,0.2984215,-50.37809,-22.18696,24.92525
41.411324978,-11.41637,-130.9865,-26.02369,1.222365,-0.1579605,0.2463468,-50.37809,-22.18696,24.92525
41.421322823,-8.46277000000003,-126.1789,-26.2066,1.190829,-0.1918425,0.2229603,-50.37809,-22.18696,24.92525
41.431320191,-3.478579,-121.1933,-25.90175,1.185451,-0.1910295,0.2172265,-50.37809,-22.18696,24.92525
41.441317558,1.25948,-115.6142,-24.68233,1.203537,-0.1676882,0.232982,-50.37809,-22.18696,24.92525
41.451315403,4.889941,-108.7293,-22.85321,1.214845,-0.1206039,0.2559218,-48.48989,-24.02673,30.62532
41.461312771,5.87447300000001,-100.42,-20.71923,1.202168,-0.09405734,0.2635943,-48.48989,-24.02673,30.62532
41.471310139,4.213075,-91.3390999999998,-18.76817,1.165756,-0.07538296,0.2588672,-48.48989,-24.02673,30.62532
41.481307507,1.690213,-82.1988400000002,-15.7806,1.119736,-0.06424451,0.2479373,-48.48989,-24.02673,30.62532
41.491305351,-1.078783,-73.0585699999998,-12.42721,1.092033,-0.06825045,0.2417652,-48.48989,-24.02673,30.62532
41.501302719,-5.263042,-64.0963599999998,-9.378671,1.086901,-0.08055301,0.2360343,-46.25444,-24.3499,35.41705
41.511300087,-8.52430299999999,-54.59998,-7.244694,1.112938,-0.1173114,0.2517914,-46.25444,-24.3499,35.41705
41.521297455,-9.38576900000002,-43.56044,-4.805864,1.142611,-0.1661815,0.2637167,-46.25444,-24.3499,35.41705
41.5312953,-6.24757399999999,-31.86802,-2.06218,1.178328,-0.1993119,0.2832845,-46.25444,-24.3499,35.41705
41.541292668,-0.586516899999998,-19.87885,0.803446099999999,1.186319,-0.1835249,0.2918809,-46.25444,-24.3499,35.41705
41.551290035,3.474676,-8.245782,3.242276,1.195139,-0.1599421,0.3009524,-43.69656,-24.69033,37.88909
41.561287403,5.44374,2.734407,5.376253,1.212852,-0.1430702,0.3009172,-43.69656,-24.69033,37.88909
41.571285248,6.305205,13.65524,7.69314200000002,1.222843,-0.1302734,0.2970679,-43.69656,-24.69033,37.88909
41.581282616,4.397675,24.10126,9.64420700000001,1.230177,-0.1315556,0.3004054,-43.69656,-24.69033,37.88909
41.591279984,3.474676,33.95375,11.65624,1.23136,-0.1427659,0.2941848,-43.69656,-24.69033,37.88909
41.601277352,3.597743,43.56884,13.54634,1.235659,-0.1383865,0.2855618,-43.3091,-25.38157,38.28259
41.611275196,3.290077,52.88716,15.19255,1.259093,-0.1408874,0.2802573,-43.3091,-25.38157,38.28259
41.621272564,1.874812,60.7216700000003,16.41196,1.260422,-0.1598523,0.2759526,-43.3091,-25.38157,38.28259
41.631269932,1.382547,68.0220100000001,17.20458,1.283469,-0.1933778,0.2797497,-43.3091,-25.38157,38.28259
41.6412673,3.290077,76.27199,17.75332,1.303713,-0.2075868,0.2763681,-43.3091,-25.38157,38.28259
41.651265144,6.36673800000001,84.6406700000001,18.48497,1.294877,-0.2037159,0.2936112,-44.05808,-25.08385,36.66283
41.661262512,9.812599,92.47518,19.58244,1.280018,-0.1644596,0.3142058,-44.05808,-25.08385,36.66283
41.67125988,10.12027,99.9535799999998,20.497,1.281781,-0.128373,0.3242435,-44.05808,-25.08385,36.66283
41.681257725,8.028135,107.2539,21.83836,1.287271,-0.1093172,0.3237504,-44.05808,-25.08385,36.66283
41.691255093,4.274609,113.9014,22.87486,1.295593,-0.1117053,0.3103364,-44.05808,-25.08385,36.66283
41.70125246,-1.017249,119.4805,23.30166,1.320784,-0.1816823,0.3088748,-45.49452,-24.36443,33.0361
41.711249828,0.5826145,126.0686,24.21622,1.332433,-0.2053247,0.3021605,-45.49452,-24.36443,33.0361
41.721247673,5.136074,133.3096,25.37466,1.310433,-0.2013288,0.3084193,-45.49452,-24.36443,33.0361
41.731245041,9.25880099999997,139.5416,26.22825,1.288435,-0.1715912,0.3132358,-45.49452,-24.36443,33.0361
41.741242409,11.16633,145.2988,27.20378,1.288401,-0.1175383,0.3256649,-45.49452,-24.36443,33.0361
41.751239777,7.47433699999998,148.5632,28.05737,1.284544,-0.1194355,0.3390722,-47.37684,-22.9012,27.78956
41.761237621,3.843876,151.7089,29.27679,1.287475,-0.1455482,0.346731,-47.37684,-22.9012,27.78956
41.771234989,2.490145,155.6261,30.61815,1.297758,-0.173941,0.3548563,-47.37684,-22.9012,27.78956
41.781232357,3.413143,159.8401,31.59368,1.284487,-0.1935312,0.3668488,-47.37684,-22.9012,27.78956
41.791229248,4.951474,163.4013,32.75212,1.275634,-0.1886406,0.3893561,-47.37684,-22.9012,27.78956
41.80122757,6.24367199999998,167.6746,33.17892,1.271246,-0.1880834,0.4065923,-48.89307,-20.68806,20.92924
41.811224937,7.35127000000003,172.1854,33.8496,1.258937,-0.1816331,0.3946477,-48.89307,-20.68806,20.92924
41.821222305,7.59740300000001,175.5092,34.39833,1.23272,-0.1607477,0.3970809,-48.89307,-20.68806,20.92924
41.831219196,4.643808,177.5271,35.12998,1.229606,-0.1241794,0.4171771,-48.89307,-20.68806,20.92924
41.841217518,-1.694115,177.7645,35.86163,1.221218,-0.117655,0.457869,-49.98623,-20.39133,12.01783
41.851214886,-6.30910700000001,177.7645,36.53231,1.216985,-0.1246154,0.5028643,-49.98623,-20.39133,12.01783
41.861211777,-7.66283799999999,178.7142,36.28843,1.214855,-0.1405357,0.5201008,-49.98623,-20.39133,12.01783
41.871210098,-7.10903899999999,179.3077,35.43484,1.182715,-0.1672931,0.5330853,-49.98623,-20.39133,12.01783
41.881207466,-4.83231,179.4858,34.58125,1.143175,-0.1894074,0.5384243,-49.98623,-20.39133,12.01783
41.891204834,-3.417045,179.3671,33.30086,1.116857,-0.2152534,0.5322554,-50.36978,-18.1861,3.230836
41.901201725,-0.0942510000000003,179.5451,32.20339,1.100855,-0.2451286,0.5413839,-50.36978,-18.1861,3.230836
41.911200047,5.81293900000002,180.1386,30.86203,1.075867,-0.2634662,0.556268,-50.36978,-18.1861,3.230836
41.921197414,14.05839,180.7322,28.84999,1.013719,-0.2232837,0.5678519,-50.36978,-18.1861,3.230836
41.931194305,18.98105,181.6225,26.22825,0.9591648,-0.197897,0.5923478,-50.36978,-18.1861,3.230836
41.941191673,20.88858,182.0973,24.70398,0.8978465,-0.1762999,0.5890991,-49.23049,-17.11123,-5.603448
41.951189995,21.19625,183.1656,23.4236,0.8462537,-0.1534906,0.5910975,-49.23049,-17.11123,-5.603448
41.961187363,20.08865,184.2339,23.91136,0.8085938,-0.1458947,0.5997755,-49.23049,-17.11123,-5.603448
41.971184254,18.85798,184.7681,24.8869,0.7695167,-0.1143884,0.6223286,-49.23049,-17.11123,-5.603448
41.981181622,14.79679,184.8868,24.4601,0.7376822,-0.1321745,0.6061171,-49.23049,-17.11123,-5.603448
41.991179943,11.6586,184.2339,23.91136,0.7174754,-0.1719393,0.605684,-46.2759,-13.35328,-13.66402
42.001177311,10.7356,182.9282,24.03331,0.7164269,-0.2201692,0.594691,-46.2759,-13.35328,-13.66402
42.011174202,12.70466,180.4948,23.66748,0.6902702,-0.2540711,0.6105384,-46.2759,-13.35328,-13.66402
42.02117157,19.16565,177.3491,23.24068,0.6581997,-0.2327716,0.6177674,-46.2759,-13.35328,-13.66402
42.031169891,23.65758,174.0847,21.89933,0.5926617,-0.1935885,0.6336645,-46.2759,-13.35328,-13.66402
42.041166782,23.04224,170.2268,21.65545,0.5383477,-0.1294446,0.64475,-41.80986,-13.38102,-20.85515
42.05116415,17.62732,165.5973,21.71642,0.493248,-0.08894723,0.6539111,-41.80986,-13.38102,-20.85515
42.061162472,10.67406,161.3239,20.9238,0.460688,-0.09414822,0.633869,-41.80986,-13.38102,-20.85515
42.07115984,2.859344,155.5668,20.43603,0.4400077,-0.1350391,0.617644,-41.80986,-13.38102,-20.85515
42.081156731,-0.832649800000001,148.8599,20.74088,0.4067872,-0.1823107,0.6215427,-41.80986,-13.38102,-20.85515
42.091154099,1.813279,143.1028,20.19215,0.3673917,-0.1873758,0.5780622,-37.67072,-13.01767,-26.50262
42.10115242,5.25914,138.1765,18.72885,0.3305059,-0.1946971,0.6011001,-37.67072,-13.01767,-26.50262
42.111149311,4.705341,131.4697,18.05817,0.3131475,-0.2041458,0.6150115,-37.67072,-13.01767,-26.50262
42.121146679,8.27426799999999,125.4158,16.59487,0.2813856,-0.1737695,0.6045303,-37.67072,-13.01767,-26.50262
42.131144047,8.58193500000002,119.8366,15.31449,0.2286164,-0.1667529,0.5826061,-37.67072,-13.01767,-26.50262
42.141142368,7.47433699999998,112.8924,15.68031,0.178626,-0.1254241,0.5869898,-32.78775,-12.6378,-30.85452
42.151139259,2.305545,105.7701,15.74128,0.13391,-0.1053156,0.5975912,-32.78775,-12.6378,-30.85452
42.161136627,-2.74018,98.29172,16.04613,0.09305383,-0.1096165,0.5876134,-32.78775,-12.6378,-30.85452
42.171133995,-6.43217400000002,92.1784199999999,16.29002,0.0809313,-0.1127585,0.5890711,-32.78775,-12.6378,-30.85452
42.181132317,-8.46277000000003,86.8960599999998,15.61934,0.05695082,-0.1339006,0.5608824,-32.78775,-12.6378,-30.85452
42.191129208,-9.07810300000001,82.1478699999998,14.52187,0.04628986,-0.1634213,0.5441584,-29.03409,-12.25656,-34.05376
42.201126576,-7.78590499999999,76.5687500000001,13.54634,0.01344908,-0.1791431,0.5432625,-29.03409,-12.25656,-34.05376
42.211124897,-5.386109,69.0903499999998,12.69274,-0.01645875,-0.1703836,0.503112,-29.03409,-12.25656,-34.05376
42.221121788,-4.032378,61.61195,12.44886,-0.04376847,-0.143185,0.5074598,-29.03409,-12.25656,-34.05376
42.231119156,-6.49370699999998,54.19291,12.14401,-0.09946997,-0.1085705,0.5338697,-29.03409,-12.25656,-34.05376
42.241116524,-9.75496900000002,44.69653,10.92459,-0.1332607,-0.1250943,0.5535545,-25.34824,-11.86543,-36.02795
42.251114845,-9.81650199999998,34.96274,9.58323599999998,-0.1332429,-0.1781406,0.5449538,-25.34824,-11.86543,-36.02795
42.261111736,-3.970845,25.22895,7.57120099999999,-0.1604248,-0.1849256,0.4995381,-25.34824,-11.86543,-36.02795
42.271109104,1.813279,16.4448,5.13237,-0.1768954,-0.1644696,0.4871186,-25.34824,-11.86543,-36.02795
42.281106472,3.413143,7.12648200000003,4.217809,-0.1703833,-0.1220903,0.4842249,-25.34824,-11.86543,-36.02795
42.291104317,4.213075,-0.826735599999998,2.388686,-0.1645077,-0.09846578,0.4511868,-23.47872,-11.4781,-36.85458
42.301101685,4.643808,-6.82132499999999,0.620533899999998,-0.1694164,-0.09665408,0.4473663,-23.47872,-11.4781,-36.85458
42.311099053,5.44374,-13.52814,-0.8427644,-0.174158,-0.07785307,0.4411482,-23.47872,-11.4781,-36.85458
42.32109642,5.25914,-19.40403,-2.671887,-0.1721189,-0.08268974,0.4392316,-23.47872,-11.4781,-36.85458
42.331094265,4.705341,-25.93279,-4.135185,-0.1559356,-0.1138685,0.448783,-23.47872,-11.4781,-36.85458
42.341091633,7.843536,-32.6396,-5.415571,-0.1450593,-0.1225365,0.4339304,-23.11015,-11.0982,-37.24083
42.351089001,10.05873,-37.98132,-6.57401600000003,-0.1305246,-0.1177618,0.4463468,-23.11015,-11.0982,-37.24083
42.361087322,11.2894,-43.79785,-8.03731400000003,-0.1281867,-0.08587065,0.4745705,-23.11015,-11.0982,-37.24083
42.371084213,9.62799900000003,-51.03884,-8.890904,-0.1132217,-0.0518257,0.4984644,-23.11015,-11.0982,-37.24083
42.381081581,5.81293900000002,-59.2294700000002,-10.23226,-0.09696948,-0.06060152,0.5132743,-23.11015,-11.0982,-37.24083
42.391078949,2.120945,-67.2420299999998,-11.26876,-0.06270916,-0.09436069,0.5204018,-23.0995,-11.8491,-36.07577
42.401076794,2.551678,-74.7204399999999,-12.73206,-0.02059125,-0.1313662,0.5275165,-23.0995,-11.8491,-36.07577
42.411074162,5.566806,-81.1898399999998,-14.25633,0.02707074,-0.1522305,0.5341389,-23.0995,-11.8491,-36.07577
42.421071529,9.25880099999997,-86.94702,-15.71963,0.05566819,-0.1437632,0.5479655,-23.0995,-11.8491,-36.07577
42.431068897,10.7356,-92.9416100000002,-16.39031,0.09042188,-0.1252581,0.5833149,-24.97857,-11.85281,-34.86417
42.441066742,10.42793,-99.2923200000002,-16.63419,0.109116,-0.1081431,0.6076852,-24.97857,-11.85281,-34.86417
42.45106411,9.99719900000002,-103.9218,-17.36584,0.1456933,-0.1355392,0.6148072,-24.97857,-11.85281,-34.86417
42.461061478,11.35093,-107.0081,-18.52429,0.1856145,-0.1595291,0.6152223,-24.97857,-11.85281,-34.86417
42.471058846,13.93533,-109.5009,-18.52429,0.2229827,-0.1508008,0.6386052,-24.97857,-11.85281,-34.86417
42.48105669,13.38153,-113.6556,-18.03652,0.2517769,-0.1267269,0.6581703,-28.36366,-11.85415,-32.05118
42.491054058,10.67406,-118.7005,-17.67069,0.2821147,-0.106996,0.677734,-28.36366,-11.85415,-32.05118
42.501051426,6.98206999999997,-123.5674,-17.73167,0.3168364,-0.1392356,0.6906034,-28.36366,-11.85415,-32.05118
42.511049271,5.62834,-128.6124,-18.03652,0.3617254,-0.1678157,0.7096756,-28.36366,-11.85415,-32.05118
42.521046639,5.689873,-133.5386,-18.52429,0.4240125,-0.1887892,0.7258439,-28.36366,-11.85415,-32.05118
42.531044006,8.21273500000003,-136.7437,-18.76817,0.4838009,-0.2071597,0.7133015,-32.04085,-12.99237,-28.46042
42.541041374,10.42793,-138.4055,-18.7072,0.5071014,-0.202282,0.7180454,-32.04085,-12.99237,-28.46042
42.551039219,11.6586,-139.1178,-17.85361,0.4997376,-0.1731745,0.7285793,-32.04085,-12.99237,-28.46042
42.561036587,10.48946,-140.5422,-16.8171,0.4904256,-0.1448678,0.7089666,-32.04085,-12.99237,-28.46042
42.571033955,6.24367199999998,-140.5422,-16.2074,0.5036633,-0.1488657,0.7213876,-32.04085,-12.99237,-28.46042
42.581031323,2.367078,-139.5926,-15.35381,0.5406809,-0.1482133,0.7127085,-36.54319,-13.74597,-23.65221
42.591029167,-0.832649800000001,-138.1681,-13.95148,0.5838258,-0.1361184,0.7198088,-36.54319,-13.74597,-23.65221
42.601026535,-5.386109,-137.1591,-12.91498,0.6248248,-0.1389196,0.7498884,-36.54319,-13.74597,-23.65221
42.611023903,-6.98597300000001,-136.8624,-12.2443,0.6548592,-0.1296362,0.7436122,-36.54319,-13.74597,-23.65221
42.621021748,-8.89350299999999,-136.6843,-11.93944,0.684271,-0.1386863,0.7531347,-36.54319,-13.74597,-23.65221
42.631019115,-12.4009,-137.3965,-11.57362,0.7321452,-0.1442365,0.786553,-41.04553,-14.49957,-18.844
42.641016483,-14.67763,-138.0494,-10.781,0.7758951,-0.1384689,0.7912611,-41.04553,-14.49957,-18.844
42.651013851,-14.80069,-136.6843,-11.26876,0.7917295,-0.1512545,0.7936296,-41.04553,-14.49957,-18.844
42.661011696,-14.86223,-134.9037,-11.32973,0.7944239,-0.1654735,0.774007,-41.04553,-14.49957,-18.844
42.671009064,-13.44696,-133.0638,-11.14682,0.8035621,-0.1332778,0.7677612,-41.04553,-14.49957,-18.844
42.681006432,-15.47756,-131.3426,-10.84197,0.8217837,-0.09161714,0.7672402,-44.45231,-14.09386,-12.87252
42.691003799,-21.26168,-129.6214,-10.41517,0.8630924,-0.08530213,0.7839167,-44.45231,-14.09386,-12.87252
42.701001644,-29.13794,-127.6627,-10.65906,0.9465067,-0.1420197,0.7780429,-44.45231,-14.09386,-12.87252
42.710999012,-32.27613,-127.0099,-10.65906,1.006447,-0.1679956,0.7836881,-44.45231,-14.09386,-12.87252
42.72099638,-30.79933,-126.5944,-11.08585,1.009123,-0.1804719,0.7951725,-44.45231,-14.09386,-12.87252
42.730993748,-28.5226,-126.357,-12.12236,1.003624,-0.1990463,0.7951868,-47.77781,-14.45438,-7.606031
42.740991592,-25.13828,-125.1106,-12.97595,1.015639,-0.1900138,0.8004279,-47.77781,-14.45438,-7.606031
42.75098896,-24.27681,-122.9146,-13.2808,1.038528,-0.1632987,0.802774,-47.77781,-14.45438,-7.606031
42.760986328,-25.81514,-120.8372,-12.79303,1.054036,-0.1593242,0.7788171,-47.77781,-14.45438,-7.606031
42.770984173,-28.39954,-117.6916,-13.03692,1.075881,-0.1822275,0.7247059,-47.77781,-14.45438,-7.606031
42.780981541,-30.184,-116.2077,-12.61012,1.080358,-0.2141332,0.6801987,-50.0115,-16.32564,-2.001048
42.790978908,-29.01487,-116.2671,-11.69556,1.073711,-0.2243123,0.6443197,-50.0115,-16.32564,-2.001048
42.800976276,-27.66114,-115.7329,-10.84197,1.077166,-0.2274536,0.6122499,-50.0115,-16.32564,-2.001048
42.810974121,-27.66114,-115.8516,-9.62255399999997,1.079889,-0.2174363,0.5859209,-50.0115,-16.32564,-2.001048
42.820971489,-30.7378,-116.8606,-8.22022599999998,1.093356,-0.2079154,0.5882878,-50.0115,-16.32564,-2.001048
42.830968857,-35.41433,-118.6412,-6.02527899999998,1.11712,-0.202197,0.5777162,-51.14455,-17.04739,3.606193
42.840966225,-38.86019,-117.7509,-4.196156,1.156489,-0.1707829,0.5800324,-51.14455,-17.04739,3.606193
42.850964069,-44.82891,-116.0297,-2.976741,1.161249,-0.1649102,0.5742797,-51.14455,-17.04739,3.606193
42.860961437,-50.85917,-114.3678,-2.245092,1.147849,-0.1785323,0.5484634,-51.14455,-17.04739,3.606193
42.870958805,-55.1665,-112.7653,-2.671887,1.135758,-0.2101784,0.5149924,-51.14455,-17.04739,3.606193
42.88095665,-56.02796,-110.2725,-4.013244,1.127689,-0.2229821,0.4609306,-52.28376,-17.39205,8.824405
42.890954018,-55.90489,-108.0765,-6.39110400000002,1.116446,-0.2477908,0.4293706,-52.28376,-17.39205,8.824405
42.900951385,-52.88977,-106.5927,-9.43964200000003,1.09549,-0.2485294,0.3939927,-52.28376,-17.39205,8.824405
42.910948753,-49.32084,-105.7024,-13.34177,1.068424,-0.2609241,0.3725072,-52.28376,-17.39205,8.824405
42.920946598,-45.32118,-104.634,-17.48778,1.071422,-0.2911205,0.358631,-52.28376,-17.39205,8.824405
42.930943966,-37.38339,-102.9722,-21.14603,1.095395,-0.2966097,0.3442334,-52.29678,-17.73209,13.59945
42.940941334,-28.03034,-99.52972,-24.92622,1.105558,-0.2930775,0.3365575,-52.29678,-17.73209,13.59945
42.950939178,-18.49269,-95.96858,-27.97475,1.09496,-0.2739721,0.3231709,-52.29678,-17.73209,13.59945
42.960936546,-11.35483,-93.06032,-29.86485,1.08122,-0.2432749,0.3088297,-52.29678,-17.73209,13.59945
42.970933914,-7.04750599999997,-90.5675199999997,-30.04776,1.08443,-0.206836,0.3011575,-52.29678,-17.73209,13.59945
42.980931282,-5.509175,-86.5315599999998,-29.43805,1.075537,-0.1745063,0.2954217,-52.65337,-19.59582,18.44434
42.990929127,-5.87837500000002,-82.6142999999999,-28.58446,1.052122,-0.1472965,0.2925842,-52.65337,-19.59582,18.44434
43.000926495,-7.97050500000002,-79.29057,-27.60893,1.020283,-0.1388155,0.2792373,-52.65337,-19.59582,18.44434
43.010923862,-10.9241,-75.9668400000001,-26.69437,1.012006,-0.1396273,0.2615446,-52.65337,-19.59582,18.44434
43.02092123,-14.00076,-72.8805200000001,-26.02369,1.00662,-0.1646965,0.2419389,-51.14689,-20.69458,22.13806
43.030919075,-17.01589,-69.7941899999999,-25.71884,1.013688,-0.2040103,0.2318866,-51.14689,-20.69458,22.13806
43.040916443,-16.70822,-66.8265700000002,-24.80427,1.050887,-0.2387623,0.230395,-51.14689,-20.69458,22.13806
43.050913811,-13.26236,-62.67191,-23.76777,1.094923,-0.2479435,0.2470707,-51.14689,-20.69458,22.13806
43.060911179,-8.15510499999999,-57.9830700000001,-22.60933,1.12035,-0.2264842,0.2537209,-51.14689,-20.69458,22.13806
43.070909023,-3.970845,-53.41293,-21.38991,1.128734,-0.205909,0.253701,-50.39551,-21.42298,25.30819
43.080906391,-2.432514,-49.13956,-19.37788,1.142378,-0.1798495,0.2574991,-50.39551,-21.42298,25.30819
43.090903759,-4.155444,-45.28166,-17.00002,1.147493,-0.1665403,0.2670583,-50.39551,-21.42298,25.30819
43.100901604,-7.35517199999998,-41.48311,-14.3173,1.165436,-0.1617377,0.2751616,-50.39551,-21.42298,25.30819
43.110898972,-10.06263,-36.73492,-12.06138,1.181685,-0.1706145,0.2789641,-50.39551,-21.42298,25.30819
43.120896339,-11.8471,-31.74932,-9.86643700000001,1.181861,-0.1797606,0.2880591,-49.23482,-23.67597,27.77971
43.130894184,-13.07776,-27.4166,-7.73246000000002,1.196334,-0.1979448,0.28756,-49.23482,-23.67597,27.77971
43.140891552,-13.38543,-22.49035,-5.90333699999997,1.208327,-0.2136869,0.2937647,-49.23482,-23.67597,27.77971
43.15088892,-11.35483,-16.67382,-3.769361,1.214535,-0.2330765,0.285623,-49.23482,-23.67597,27.77971
43.160886288,-8.46277000000003,-10.79793,-1.26956,1.224348,-0.2368315,0.2789068,-49.23482,-23.67597,27.77971
43.170884132,-6.12450699999998,-5.515573,1.047329,1.238333,-0.2286442,0.2937162,-48.8733,-23.28245,29.00597
43.1808815,-4.586177,0.775778400000001,3.181306,1.240928,-0.2110639,0.2975357,-48.8733,-23.28245,29.00597
43.190878868,-3.601645,7.304539,5.0714,1.236724,-0.1945285,0.3080675,-48.8733,-23.28245,29.00597
43.200876236,-3.847778,13.12107,7.08343500000003,1.225609,-0.1732789,0.3176529,-48.8733,-23.28245,29.00597
43.210874081,-5.201509,18.99695,9.27838200000003,1.223809,-0.1553741,0.3133443,-48.8733,-23.28245,29.00597
43.220871449,-8.64737,24.63543,11.65624,1.210363,-0.1658095,0.317199,-48.45728,-25.18523,28.56739
43.230868816,-11.4779,29.79909,14.0341,1.19917,-0.1928626,0.3057396,-48.45728,-25.18523,28.56739
43.240866184,-11.90863,35.43756,15.86322,1.205544,-0.2209432,0.3033429,-48.45728,-25.18523,28.56739
43.250864029,-9.508835,41.84762,17.63138,1.203034,-0.2435699,0.2789457,-48.45728,-25.18523,28.56739
43.260861397,-6.92443900000002,48.37638,19.39953,1.192505,-0.2276848,0.2851815,-48.45728,-25.18523,28.56739
43.270858765,-6.001441,54.31161,21.65545,1.179983,-0.2086383,0.3225273,-48.83649,-24.81422,27.78858
43.280856609,-6.55523999999999,60.6029700000001,23.85039,1.174835,-0.193496,0.342154,-48.83649,-24.81422,27.78858
43.290853977,-7.47823899999999,68.6748900000001,26.28922,1.17972,-0.1673244,0.3770748,-48.83649,-24.81422,27.78858
43.300851345,-10.7395,77.0435700000001,28.78902,1.161033,-0.1578037,0.3957694,-48.83649,-24.81422,27.78858
43.310848713,-15.35449,84.7593799999999,31.04494,1.159038,-0.1810674,0.4067861,-48.83649,-24.81422,27.78858
43.320846558,-17.69275,93.1874199999998,32.93504,1.173865,-0.2182534,0.4000698,-49.24769,-22.5556,25.32262
43.330843926,-15.78522,101.9716,34.70319,1.15782,-0.2463787,0.3881406,-49.24769,-22.5556,25.32262
43.340841293,-13.01623,110.459,35.86163,1.145264,-0.2524624,0.3876854,-49.24769,-22.5556,25.32262
43.350839138,-10.43183,118.5309,36.95911,1.15013,-0.2517751,0.3991626,-49.24769,-22.5556,25.32262
43.360836506,-8.46277000000003,125.9499,37.32493,1.154161,-0.2582881,0.422129,-49.24769,-22.5556,25.32262
43.370833874,-5.324575,132.5974,37.8127,1.136679,-0.2615711,0.4197674,-50.71344,-23.36134,21.31654
43.380831242,-1.940248,139.1855,37.8127,1.125042,-0.2647561,0.4154813,-50.71344,-23.36134,21.31654
43.390829086,0.0903486900000002,146.3078,37.69075,1.121739,-0.2707316,0.4068742,-50.71344,-23.36134,21.31654
43.400826454,1.013347,152.0056,37.87367,1.12653,-0.2661977,0.4140433,-50.71344,-23.36134,21.31654
43.410823822,1.321013,157.5254,37.20299,1.137813,-0.2696649,0.4355605,-50.71344,-23.36134,21.31654
43.42082119,1.321013,162.0955,35.61775,1.145445,-0.2863335,0.4561302,-51.88978,-19.61744,15.22488
43.430819035,2.674744,165.9534,35.06901,1.155191,-0.286005,0.470949,-51.88978,-19.61744,15.22488
43.440816403,3.53621,169.0991,34.8861,1.168488,-0.2663782,0.5159069,-51.88978,-19.61744,15.22488
43.45081377,0.02881546,171.3545,34.33736,1.165923,-0.2845569,0.5527664,-51.88978,-19.61744,15.22488
43.460811615,-0.4019172,173.2538,33.66669,1.147465,-0.3135439,0.5580704,-51.88978,-19.61744,15.22488
43.470808983,1.321013,175.8653,33.05698,1.108703,-0.3512369,0.5586263,-51.92387,-16.26506,6.821591
43.480806351,4.028476,178.002,33.30086,1.084205,-0.370248,0.5519738,-51.92387,-16.26506,6.821591
43.490803719,8.82806800000001,179.5451,33.97154,1.053246,-0.3305793,0.5462746,-51.92387,-16.26506,6.821591
43.500801563,11.78166,181.7411,34.27639,1.009062,-0.2872534,0.5439476,-51.92387,-16.26506,6.821591
43.510798931,8.45886800000002,182.4534,34.64222,0.9642547,-0.2366464,0.5420985,-51.92387,-16.26506,6.821591
43.520796299,-0.2788507,180.8509,36.16648,0.9400657,-0.2193892,0.5684578,-51.49643,-17.09433,-1.621113
43.530793667,-10.0011,178.8329,36.95911,0.9199142,-0.26128,0.6010469,-51.49643,-17.09433,-1.621113
43.540791512,-13.3239,177.2897,36.95911,0.9238246,-0.3143809,0.5780821,-51.49643,-17.09433,-1.621113
43.55078888,-11.35483,175.5685,36.65425,0.905445,-0.3478758,0.5685513,-51.49643,-17.09433,-1.621113
43.560786247,-8.03203799999998,171.6512,35.00804,0.8685496,-0.3803742,0.6016457,-51.49643,-17.09433,-1.621113
43.570784092,-2.124848,166.1315,33.11795,0.8431478,-0.3769666,0.604082,-50.00768,-14.87232,-10.0717
43.58078146,3.16701,160.1369,30.31329,0.8075839,-0.3770517,0.6185013,-50.00768,-14.87232,-10.0717
43.590778828,7.35127000000003,153.6081,28.11835,0.7731731,-0.360535,0.6391358,-50.00768,-14.87232,-10.0717
43.600776196,12.08933,148.8599,25.9234,0.7374101,-0.3242399,0.6468461,-50.00768,-14.87232,-10.0717
43.61077404,12.0278,143.2215,24.58204,0.703334,-0.3001432,0.6454635,-47.02952,-12.25543,-18.12619
43.620771408,10.61253,136.9301,23.4236,0.6597375,-0.2878096,0.653672,-47.02952,-12.25543,-18.12619
43.630768776,6.98206999999997,131.1729,22.32612,0.65091,-0.3108627,0.6493862,-47.02952,-12.25543,-18.12619
43.640766621,6.92053700000001,126.3654,21.9603,0.6248819,-0.3258894,0.6566141,-47.02952,-12.25543,-18.12619
43.650763988,9.87413200000002,123.101,21.10671,0.6047042,-0.3150017,0.6686109,-47.02952,-12.25543,-18.12619
43.660761356,10.98173,120.6676,20.00924,0.5785775,-0.2989872,0.6696095,-42.25251,-9.600974,-23.32923
43.670758724,11.04326,118.0561,19.27759,0.5439227,-0.2444104,0.6548199,-42.25251,-9.600974,-23.32923
43.680756569,5.197607,115.7413,18.60691,0.4973014,-0.2268438,0.6572896,-42.25251,-9.600974,-23.32923
43.690753937,-2.309447,111.8241,18.05817,0.4611064,-0.2455212,0.6592718,-42.25251,-9.600974,-23.32923
43.700751305,-4.586177,108.7971,16.71681,0.4207942,-0.2790776,0.6373362,-42.25251,-9.600974,-23.32923
43.710749149,-4.216978,106.3043,15.19255,0.403614,-0.3247894,0.6177563,-38.48759,-9.606627,-27.30044
43.720746517,-0.03271778,103.3367,14.33895,0.3724145,-0.3238602,0.627382,-38.48759,-9.606627,-27.30044
43.730743885,3.53621,100.9032,13.24148,0.3495847,-0.3020589,0.6164089,-38.48759,-9.606627,-27.30044
43.740741253,5.87447300000001,99.24136,12.50983,0.3187675,-0.2702719,0.5987471,-38.48759,-9.606627,-27.30044
43.750739098,2.797811,97.1046699999999,12.08304,0.2906494,-0.2781999,0.5897053,-38.48759,-9.606627,-27.30044
43.760736465,1.690213,94.96799,12.02207,0.2892441,-0.2811039,0.5940157,-35.11942,-8.537964,-31.34468
43.770733833,0.1518819,92.0597199999998,12.50983,0.2619692,-0.2815463,0.604592,-35.11942,-8.537964,-31.34468
43.780731678,-0.832649800000001,89.1514500000001,12.69274,0.2353555,-0.2911821,0.618041,-35.11942,-8.537964,-31.34468
43.790729046,-0.2173175,86.7179999999999,11.77818,0.169289,-0.2766356,0.5980523,-35.11942,-8.537964,-31.34468
43.800726414,-1.140316,83.8097399999999,11.22945,0.1125589,-0.2662999,0.5756553,-35.11942,-8.537964,-31.34468
43.810723782,-5.87837500000002,79.0021999999998,11.41236,0.09005709,-0.2619992,0.5632505,-31.36772,-8.152909,-34.09241
43.820721626,-10.0011,72.8295500000002,11.35139,0.06066046,-0.2796624,0.5551705,-31.36772,-8.152909,-34.09241
43.830718994,-9.13963599999997,66.9536699999999,10.86362,0.03549158,-0.2897874,0.5121452,-31.36772,-8.152909,-34.09241
43.840716362,-7.90897099999997,62.3835300000001,9.76614900000002,0.006317894,-0.2941119,0.4743896,-31.36772,-8.152909,-34.09241
43.85071373,-6.98597300000001,56.98247,8.97352800000002,-0.03273265,-0.2648603,0.4629644,-31.36772,-8.152909,-34.09241
43.860711575,-8.58583600000001,50.2163,8.54673300000003,-0.07379564,-0.2322513,0.4510632,-28.06419,-7.384789,-36.13592
43.870708942,-11.41637,42.44114,7.937025,-0.09700571,-0.2427839,0.4123417,-28.06419,-7.384789,-36.13592
43.88070631,-11.97016,35.02209,6.96149300000002,-0.08952016,-0.2788809,0.3812305,-28.06419,-7.384789,-36.13592
43.890704155,-9.508835,27.84046,5.86401899999998,-0.0907823,-0.2896448,0.3759711,-28.06419,-7.384789,-36.13592
43.900701523,-6.30910700000001,19.23436,3.973926,-0.1049334,-0.2883919,0.3841313,-28.06419,-7.384789,-36.13592
43.910698891,-2.55558,8.610291,1.718008,-0.1137908,-0.2836505,0.3903669,-25.81404,-7.371182,-36.50623
43.920696259,2.182479,-2.607306,-0.8427644,-0.1173467,-0.2759501,0.3898926,-25.81404,-7.371182,-36.50623
43.930694103,5.566806,-14.77454,-3.098683,-0.1010165,-0.2892294,0.3903461,-25.81404,-7.371182,-36.50623
43.940691471,10.9202,-26.40761,-5.3546,-0.07159135,-0.2737594,0.3711478,-25.81404,-7.371182,-36.50623
43.950688839,14.61219,-37.44715,-7.18372300000002,-0.06682073,-0.2426789,0.3586885,-25.81404,-7.371182,-36.50623
43.960686684,15.35059,-47.83381,-8.70799300000002,-0.06069439,-0.2312627,0.3715964,-25.07242,-6.985201,-36.5027
43.970684052,15.53519,-57.27084,-10.781,-0.0313034,-0.2394202,0.3725045,-25.07242,-6.985201,-36.5027
43.980681419,17.68885,-64.8085899999999,-13.40274,0.005934213,-0.2503954,0.367178,-25.07242,-6.985201,-36.5027
43.990678787,19.90405,-71.63412,-15.71963,0.04919553,-0.2703265,0.3790721,-25.07242,-6.985201,-36.5027
44.000676632,23.53451,-78.1035199999999,-17.60972,0.09622349,-0.2570426,0.4014798,-25.07242,-6.985201,-36.5027
44.010674,24.58057,-85.8786799999998,-19.07302,0.1262031,-0.2440825,0.4253531,-26.17842,-8.124354,-35.27945
44.020671368,24.51904,-94.2473700000001,-19.07302,0.1517089,-0.2263074,0.4540185,-26.17842,-8.124354,-35.27945
44.030669212,21.81158,-102.7348,-19.25594,0.1703321,-0.2316567,0.4664304,-26.17842,-8.124354,-35.27945
44.04066658,19.96558,-110.2725,-19.37788,0.2098069,-0.2318224,0.4692331,-26.17842,-8.124354,-35.27945
44.050663948,16.95045,-117.2761,-19.43885,0.2501859,-0.2536358,0.4940543,-26.17842,-8.124354,-35.27945
44.060661316,16.45819,-124.0422,-19.56079,0.2841175,-0.2699163,0.5002208,-28.73349,-8.824003,-33.29523
44.070659161,16.39665,-130.4523,-20.29244,0.320066,-0.2894139,0.5221776,-28.73349,-8.824003,-33.29523
44.080656528,18.55032,-136.5062,-21.26797,0.3675668,-0.3014379,0.5393267,-28.73349,-8.824003,-33.29523
44.090653896,23.71911,-141.6699,-23.28,0.4129896,-0.3067612,0.5497775,-28.73349,-8.824003,-33.29523
44.100651741,27.10344,-146.8336,-24.68233,0.4587598,-0.3305171,0.563104,-28.73349,-8.824003,-33.29523
44.110649109,29.01097,-153.481,-26.02369,0.5012414,-0.3605763,0.5850522,-32.48268,-9.579062,-29.31996
44.120646477,36.82569,-159.1788,-26.87728,0.5412865,-0.3394282,0.579234,-32.48268,-9.579062,-29.31996
44.130643845,42.79441,-163.5116,-27.42602,0.5669176,-0.3036587,0.5562084,-32.48268,-9.579062,-29.31996
44.140641689,41.56374,-169.6249,-26.32854,0.6040362,-0.2811447,0.5996884,-32.48268,-9.579062,-29.31996
44.150639057,37.81022,-175.2633,-24.31651,0.6502772,-0.22616,0.6139509,-32.48268,-9.579062,-29.31996
44.160636425,33.07216,-177.8155,-22.97515,0.6876901,-0.194246,0.6220133,-38.47025,-11.10081,-24.06731
44.17063427,24.64211,-179.4774,-21.81671,0.6992335,-0.186278,0.6181625,-38.47025,-11.10081,-24.06731
44.180631638,15.16599,-182.2076,-20.53632,0.7366791,-0.2077117,0.6377243,-38.47025,-11.10081,-24.06731
44.190629005,7.720469,-185.9468,-20.10953,0.8195413,-0.2346618,0.6466798,-38.47025,-11.10081,-24.06731
44.200626373,4.336142,-189.1518,-20.04856,0.8829059,-0.2616427,0.6413119,-42.95158,-13.35567,-16.86448
44.210624218,5.62834,-190.8137,-20.35341,0.9252659,-0.2598383,0.6407591,-42.95158,-13.35567,-16.86448
44.220621586,7.78200200000001,-191.1698,-20.53632,0.9476356,-0.2318337,0.6258769,-42.95158,-13.35567,-16.86448
44.230618954,7.78200200000001,-191.3478,-20.53632,0.9688931,-0.1958259,0.6382736,-42.95158,-13.35567,-16.86448
44.240616798,4.766874,-191.2291,-20.71923,0.997358,-0.1807072,0.6358272,-42.95158,-13.35567,-16.86448
44.250614166,1.874812,-189.9234,-20.59729,1.046528,-0.152637,0.6232913,-47.40726,-14.0783,-8.443783
44.260611534,-2.92478,-187.7867,-20.53632,1.082382,-0.1417371,0.6217903,-47.40726,-14.0783,-8.443783
44.270608902,-8.64737,-187.1932,-20.23147,1.120444,-0.1699267,0.6451814,-47.40726,-14.0783,-8.443783
44.280606747,-10.1857,-185.5313,-21.57282,1.158578,-0.2020243,0.6661806,-47.40726,-14.0783,-8.443783
44.290604115,-5.632242,-181.0205,-24.01165,1.202415,-0.227649,0.6388319,-47.40726,-14.0783,-8.443783
44.300601482,1.813279,-175.9162,-25.65787,1.229578,-0.2214697,0.6182042,-50.42225,-15.16341,0.8281012
44.310599327,7.90506900000002,-171.5241,-26.69437,1.227862,-0.1822213,0.6095827,-50.42225,-15.16341,0.8281012
44.320596695,10.48946,-168.3191,-26.45049,1.228165,-0.1469083,0.5913872,-50.42225,-15.16341,0.8281012
44.330594063,9.68953300000002,-166.1824,-26.02369,1.24809,-0.1448866,0.5568944,-50.42225,-15.16341,0.8281012
44.340591431,8.27426799999999,-163.0368,-26.32854,1.285821,-0.1571792,0.5128028,-50.42225,-15.16341,0.8281012
44.350589275,7.720469,-160.6627,-25.71884,1.309175,-0.1560179,0.4830901,-51.90902,-17.38924,8.827185
44.360586643,7.47433699999998,-159.0008,-24.49942,1.319288,-0.149457,0.4878565,-51.90902,-17.38924,8.827185
44.370584011,7.53587,-156.2706,-23.95068,1.339262,-0.1233294,0.4854221,-51.90902,-17.38924,8.827185
44.380581856,6.85900399999999,-152.1159,-23.7068,1.352617,-0.1080408,0.4810877,-51.90902,-17.38924,8.827185
44.390579224,4.028476,-147.9613,-23.88971,1.344048,-0.1197114,0.445691,-51.90902,-17.38924,8.827185
44.400576592,2.490145,-144.222,-24.1336,1.331491,-0.126632,0.4069501,-51.51421,-19.98136,16.8422
44.410573959,1.567146,-140.1861,-24.80427,1.319538,-0.1398755,0.3662953,-51.51421,-19.98136,16.8422
44.420571804,2.244012,-137.0998,-24.86525,1.299931,-0.1348658,0.3189492,-51.51421,-19.98136,16.8422
44.430569172,2.797811,-134.4289,-25.29204,1.279388,-0.1317175,0.2826124,-51.51421,-19.98136,16.8422
44.44056654,3.53621,-131.6987,-26.26757,1.271044,-0.1292474,0.2519974,-51.51421,-19.98136,16.8422
44.450564385,5.320673,-129.2059,-27.2431,1.26402,-0.1188183,0.2386069,-50.75561,-21.81922,23.75943
44.460561752,6.36673800000001,-126.0602,-28.09669,1.250023,-0.1001914,0.2333621,-50.75561,-21.81922,23.75943
44.47055912,7.10513699999998,-122.9146,-29.01126,1.220058,-0.08784284,0.2137896,-50.75561,-21.81922,23.75943
44.480556488,7.16667,-119.5908,-29.31611,1.183514,-0.08889382,0.1779604,-50.75561,-21.81922,23.75943
44.490554333,7.53587,-116.2671,-29.37708,1.141723,-0.09584468,0.1459704,-50.75561,-21.81922,23.75943
44.500551701,8.64346799999999,-113.0621,-28.7064,1.103721,-0.09682795,0.1206724,-48.87669,-23.27591,29.77998
44.510549069,9.75106599999998,-109.7977,-28.34058,1.077824,-0.09367578,0.09630933,-48.87669,-23.27591,29.77998
44.520546913,10.42793,-105.7617,-28.58446,1.06194,-0.07859299,0.07958297,-48.87669,-23.27591,29.77998
44.530544281,10.42793,-102.1412,-29.25514,1.044788,-0.07368302,0.06908294,-48.87669,-23.27591,29.77998
44.540541649,10.67406,-98.1646200000002,-29.62096,1.036657,-0.08226696,0.051392,-48.87669,-23.27591,29.77998
44.550539017,12.15086,-94.1880099999997,-29.80388,1.028041,-0.09077276,0.04327342,-46.27045,-23.58864,35.4775
44.560536862,14.42759,-89.8552900000003,-30.10873,1.026587,-0.09135761,0.03561889,-46.27045,-23.58864,35.4775
44.570534229,17.31965,-85.5225700000002,-29.98679,1.028429,-0.08616009,0.01551415,-46.27045,-23.58864,35.4775
44.580531597,20.27325,-81.9020800000002,-29.31611,1.029138,-0.07209326,0.0112021,-46.27045,-23.58864,35.4775
44.590529442,21.93465,-76.5010100000002,-29.49902,1.032006,-0.04345815,0.001139632,-46.27045,-23.58864,35.4775
44.60052681,20.51938,-72.1682799999998,-28.58446,1.044528,-0.00968517,0.0006305299,-44.4548,-24.67906,39.88304
44.610524178,16.33512,-68.1323199999998,-27.60893,1.050958,0.01141192,0.008749682,-44.4548,-24.67906,39.88304
44.620521545,10.7356,-63.7995999999998,-27.12116,1.059754,0.01014981,0.01112755,-44.4548,-24.67906,39.88304
44.63051939,6.428272,-59.1107599999998,-27.12116,1.068398,-0.009178489,0.004417397,-44.4548,-24.67906,39.88304
44.640516758,3.043944,-54.42192,-27.12116,1.088599,-0.04729597,-0.009486709,-44.4548,-24.67906,39.88304
44.650514126,2.674744,-49.79244,-26.99922,1.098001,-0.08127965,-0.02624451,-41.8279,-25.33599,42.35724
44.66051197,5.25914,-44.62878,-26.69437,1.120292,-0.1008286,-0.03345698,-41.8279,-25.33599,42.35724
44.670509338,8.705001,-39.28707,-26.26757,1.117892,-0.1028681,-0.03871661,-41.8279,-25.33599,42.35724
44.680506706,11.8432,-34.36082,-25.47495,1.125959,-0.09164608,-0.05117653,-41.8279,-25.33599,42.35724
44.690504074,13.68919,-29.55328,-24.19457,1.131773,-0.06378868,-0.04640808,-41.8279,-25.33599,42.35724
44.700501919,12.88926,-24.86444,-22.60933,1.135629,-0.03547524,-0.04067919,-39.93487,-26.81993,45.15276
44.710499287,10.30486,-20.47237,-21.14603,1.154987,-0.02824135,-0.03545045,-39.93487,-26.81993,45.15276
44.720496654,7.16667,-15.96159,-19.31691,1.164629,-0.02271867,-0.03690441,-39.93487,-26.81993,45.15276
44.730494976,4.028476,-10.97599,-17.67069,1.176787,-0.04720447,-0.03069782,-39.93487,-26.81993,45.15276
44.740491867,2.428612,-6.22780099999998,-15.96351,1.178134,-0.06713655,-0.03452364,-39.55424,-27.19365,45.60908
44.750489235,2.490145,-0.886087999999999,-14.3173,1.18254,-0.09431925,-0.04074581,-39.55424,-27.19365,45.60908
44.760487556,4.028476,4.811739,-12.48818,1.176581,-0.1143606,-0.04073026,-39.55424,-27.19365,45.60908
44.770484447,5.93600600000003,9.97539500000001,-10.65906,1.164504,-0.1199445,-0.04070777,-39.55424,-27.19365,45.60908
44.780481815,7.843536,15.67322,-9.01284600000001,1.155996,-0.1079378,-0.03782457,-39.55424,-27.19365,45.60908
44.790479183,8.82806800000001,21.25234,-7.61051899999998,1.156392,-0.103053,-0.03591222,-38.41429,-27.94593,45.62148
44.800477505,8.95113399999999,26.2973,-5.84236700000003,1.149549,-0.1016075,-0.02250053,-38.41429,-27.94593,45.62148
44.810474396,8.397335,31.75772,-4.379068,1.156885,-0.1028854,-0.01868438,-38.41429,-27.94593,45.62148
44.820471764,8.45886800000002,37.27748,-3.403537,1.155402,-0.1276757,-0.01628253,-38.41429,-27.94593,45.62148
44.830470085,10.48946,42.85661,-2.184121,1.146416,-0.142585,-0.03301319,-38.41429,-27.94593,45.62148
44.840466976,12.15086,48.13897,-1.086647,1.133898,-0.1505811,-0.03011785,-39.1618,-27.95537,45.16441
44.850464344,14.05839,53.48068,-0.05014454,1.133854,-0.1480996,-0.0243755,-39.1618,-27.95537,45.16441
44.860461712,15.10446,59.0598000000002,1.230241,1.130339,-0.1422018,-0.009535036,-39.1618,-27.95537,45.16441
44.870460033,14.73526,64.4015099999998,2.022861,1.141125,-0.1452017,0.0110257,-39.1618,-27.95537,45.16441
44.880456924,15.71979,70.5148099999999,3.425189,1.169766,-0.1648918,0.02773101,-39.1618,-27.95537,45.16441
44.890454292,18.73492,76.8061600000001,5.193341,1.175675,-0.1417516,0.04781494,-39.54521,-27.21109,43.54507
44.900452614,20.39631,82.6226899999998,7.08343500000003,1.168935,-0.1199428,0.05595687,-39.54521,-27.21109,43.54507
44.910449982,20.15018,87.5489300000001,8.668674,1.188042,-0.1253659,0.05927499,-39.54521,-27.21109,43.54507
44.920446873,20.39631,92.5938899999999,10.25391,1.20416,-0.1275386,0.05254738,-39.54521,-27.21109,43.54507
44.930444241,20.45785,97.40143,11.59527,1.204085,-0.1237271,0.04441074,-39.54521,-27.21109,43.54507
44.940442562,19.78098,100.9032,13.05857,1.209601,-0.1317958,0.05349615,-41.0458,-26.48887,40.30487
44.950439453,19.47332,104.7018,14.64381,1.226679,-0.1585132,0.07070199,-41.0458,-26.48887,40.30487
44.960436821,22.67304,109.45,16.35099,1.25334,-0.1768724,0.07783889,-41.0458,-26.48887,40.30487
44.970435143,27.0419,114.6136,17.81429,1.253607,-0.1644729,0.1046355,-41.0458,-26.48887,40.30487
44.98043251,30.79543,118.4715,19.82632,1.237111,-0.1153152,0.1486806,-41.0458,-26.48887,40.30487
44.990429401,31.22616,121.8546,21.59447,1.241821,-0.07995801,0.1788136,-43.30205,-25.39518,36.67009
45.000427723,28.45717,125.2377,22.9968,1.249778,-0.06217532,0.1931524,-43.30205,-25.39518,36.67009
45.010425091,25.50357,128.8582,24.09428,1.250819,-0.06545983,0.2036801,-43.30205,-25.39518,36.67009
45.020421982,23.65758,132.4787,25.31369,1.230719,-0.0590757,0.2013206,-43.30205,-25.39518,36.67009
45.03041935,22.11925,135.7431,26.59408,1.218859,-0.04995869,0.2142605,-43.30205,-25.39518,36.67009
45.040417671,20.58092,138.1172,27.3867,1.191575,-0.04992847,0.223401,-45.56396,-23.62107,31.03207
45.050415039,17.75039,140.7287,28.4232,1.19653,-0.07979228,0.241586,-45.56396,-23.62107,31.03207
45.06041193,18.05805,143.6369,29.21582,1.209624,-0.1023553,0.2434832,-45.56396,-23.62107,31.03207
45.070410252,19.78098,146.9607,30.19135,1.218799,-0.1233756,0.2630943,-45.56396,-23.62107,31.03207
45.080407619,23.65758,149.3941,31.41077,1.188859,-0.1110037,0.2990365,-45.56396,-23.62107,31.03207
45.090404987,26.6727,151.8869,33.05698,1.161945,-0.07814483,0.3368824,-47.7313,-23.30833,24.9508
45.100401878,27.10344,155.2106,33.8496,1.154062,-0.04698979,0.3598598,-47.7313,-23.30833,24.9508
45.1104002,24.64211,158.5344,34.03251,1.14287,-0.04760034,0.3704082,-47.7313,-23.30833,24.9508
45.120397568,22.79611,160.6117,34.03251,1.125313,-0.04629639,0.3914958,-47.7313,-23.30833,24.9508
45.130394459,23.04224,163.2826,34.21542,1.101982,-0.02339266,0.3958378,-47.7313,-23.30833,24.9508
45.14039278,21.19625,165.3599,34.4593,1.074028,-0.01368317,0.4021055,-49.61103,-21.48491,17.31572
45.150390148,17.81192,167.4372,34.52028,1.084597,-0.03137523,0.410706,-49.61103,-21.48491,17.31572
45.160387516,17.07352,169.0397,34.33736,1.085564,-0.03082634,0.4154899,-49.61103,-21.48491,17.31572
45.170384407,17.25812,170.4642,34.27639,1.073033,-0.0120169,0.4269927,-49.61103,-21.48491,17.31572
45.180382729,15.22752,170.2861,33.8496,1.051086,-0.01021723,0.4586165,-49.61103,-21.48491,17.31572
45.190380096,12.27393,169.6333,32.69115,1.047241,-0.03740849,0.5222808,-49.23865,-19.65169,8.858817
45.200376988,12.39699,169.6926,32.02047,1.069358,-0.047014,0.539952,-49.23865,-19.65169,8.858817
45.210375309,15.28906,170.3455,30.49621,1.046688,-0.05893587,0.5605734,-49.23865,-19.65169,8.858817
45.220372677,17.99652,171.1171,28.36223,0.995937,-0.08075509,0.5692819,-49.23865,-19.65169,8.858817
45.230370045,20.76551,172.3635,27.02087,0.9664696,-0.09446208,0.5688582,-49.23865,-19.65169,8.858817
45.240367889,25.38051,172.8976,26.83796,0.9296672,-0.05482972,0.5717835,-50.00201,-17.43946,1.230052
45.250365257,26.48811,172.6602,26.10631,0.880947,-0.02889882,0.5900478,-50.00201,-17.43946,1.230052
45.260362625,23.96524,171.4732,25.13078,0.8506765,0.0001324015,0.5886573,-50.00201,-17.43946,1.230052
45.270359516,17.44272,169.3365,23.97233,0.872018,-0.02023178,0.6005897,-50.00201,-17.43946,1.230052
45.280357838,14.30453,166.0128,22.69195,0.8682933,-0.02880229,0.6278773,-50.00201,-17.43946,1.230052
45.290355206,13.99686,162.511,21.22865,0.8247936,-0.04679593,0.667201,-48.49306,-16.35198,-6.440447
45.300352573,13.75073,159.0092,18.91176,0.8009586,-0.1005976,0.6806566,-48.49306,-16.35198,-6.440447
45.310350418,17.38119,155.5074,17.14361,0.7945956,-0.1250116,0.681631,-48.49306,-16.35198,-6.440447
45.320347786,23.34991,152.0056,15.25352,0.7695741,-0.1156775,0.6936367,-48.49306,-16.35198,-6.440447
45.330345154,28.5187,147.4355,12.81469,0.7062463,-0.09063078,0.6999621,-45.87927,-14.48826,-13.26815
45.340342999,29.50323,142.2125,10.43683,0.6621982,-0.08028051,0.7048219,-45.87927,-14.48826,-13.26815
45.350340366,31.41076,136.7521,8.79061600000001,0.6190043,-0.06364,0.704893,-45.87927,-14.48826,-13.26815
45.360337734,33.74902,132.7755,7.44925899999998,0.565323,-0.00803842,0.683915,-45.87927,-14.48826,-13.26815
45.370335102,31.41076,128.5021,6.41275599999997,0.4974385,-0.0002432265,0.6735026,-45.87927,-14.48826,-13.26815
45.380332947,28.39564,122.0327,7.14440499999997,0.4399577,0.02420057,0.6544534,-42.54281,-14.51409,-19.24212
45.390330315,22.73458,115.5039,7.14440499999997,0.4263267,-0.003006071,0.6315126,-42.54281,-14.51409,-19.24212
45.400327683,19.90405,109.45,7.32731800000001,0.4273304,-0.005149329,0.6075826,-42.54281,-14.51409,-19.24212
45.410325527,18.18112,103.5147,7.937025,0.3947933,0.01446824,0.5913627,-42.54281,-14.51409,-19.24212
45.420322895,15.78132,97.9356000000001,7.99799599999998,0.3267193,0.03252587,0.587648,-42.54281,-14.51409,-19.24212
45.430320263,11.04326,92.1784199999999,7.937025,0.2803161,0.03840788,0.5872489,-39.52709,-14.52591,-23.2834
45.440317631,6.92053700000001,86.5399500000002,7.38828800000001,0.2526042,0.03412542,0.5509264,-39.52709,-14.52591,-23.2834
45.450315476,3.597743,81.3762900000002,6.83955100000002,0.223948,0.002804574,0.5356701,-39.52709,-14.52591,-23.2834
45.460312843,3.966942,75.9158700000001,6.65663900000001,0.1857003,-0.01146629,0.4926686,-39.52709,-14.52591,-23.2834
45.470310211,5.44374,70.8709299999997,6.35178600000003,0.1655366,0.02396342,0.4783374,-39.52709,-14.52591,-23.2834
45.480308056,3.53621,65.88532,5.92499000000001,0.1370213,0.06318585,0.4716769,-36.50888,-14.90774,-26.09714
45.490305424,-0.4634504,60.30621,5.13237,0.09748072,0.09310669,0.4813097,-36.50888,-14.90774,-26.09714
45.500302792,-4.955376,54.07421,3.912955,0.06073733,0.07712795,0.460799,-36.50888,-14.90774,-26.09714
45.510300636,-8.955036,46.65516,2.449656,0.05346989,-0.003349524,0.4440823,-36.50888,-14.90774,-26.09714
45.520298004,-5.509175,38.88,1.047329,0.07235374,-0.04932511,0.423961,-36.50888,-14.90774,-26.09714
45.530295372,1.997879,32.23254,-0.8427644,0.07120042,-0.04029485,0.4043391,-34.62642,-14.91057,-28.08274
45.54029274,7.10513699999998,24.93219,-2.245092,0.0314618,0.02604138,0.4110913,-34.62642,-14.91057,-28.08274
45.550290585,5.751406,16.14804,-3.159653,-0.007419955,0.09875125,0.4221477,-34.62642,-14.91057,-28.08274
45.560287953,-1.140316,6.17684400000002,-4.013244,-0.02100882,0.1218387,0.4255154,-34.62642,-14.91057,-28.08274
45.57028532,-8.70890300000002,-4.20982,-4.927805,-0.007759962,0.09100456,0.4259788,-34.62642,-14.91057,-28.08274
45.580283165,-12.83163,-15.36807,-5.964308,0.01142833,0.02910419,0.417347,-32.75719,-14.52269,-28.84487
45.590280533,-10.86257,-26.52631,-7.54954800000001,0.04573189,-0.007158406,0.4163393,-32.75719,-14.52269,-28.84487
45.600277901,-6.678307,-37.09103,-9.378671,0.06352674,-0.02030353,0.4282761,-32.75719,-14.52269,-28.84487
45.610275269,-3.293979,-47.4777,-11.45168,0.07981821,-0.005293758,0.4402082,-32.75719,-14.52269,-28.84487
45.620273113,-1.140316,-57.9237099999997,-13.15886,0.08674583,0.01538425,0.4545481,-32.75719,-14.52269,-28.84487
45.630270481,-0.709583300000001,-67.8355599999997,-14.68313,0.1103668,0.02894065,0.4511535,-33.50836,-14.52504,-28.46343
45.640267849,-2.678647,-77.3319399999998,-15.90254,0.1361765,0.03000231,0.4582868,-33.50836,-14.52504,-28.46343
45.650265694,-4.032378,-87.2437899999998,-16.32934,0.1702854,0.03026044,0.4658845,-33.50836,-14.52504,-28.46343
45.660263061,-5.93990799999998,-95.96858,-17.2439,0.2132545,0.02586491,0.476818,-33.50836,-14.52504,-28.46343
45.670260429,-8.77043599999998,-105.0495,-17.67069,0.259937,0.005590018,0.496842,-33.50836,-14.52504,-28.46343
45.680258274,-11.23177,-113.2995,-18.34137,0.2995803,-0.003187669,0.5140039,-34.62561,-15.2773,-26.46821
45.690255642,-11.17023,-121.0153,-19.01205,0.3432721,-0.02025165,0.519675,-34.62561,-15.2773,-26.46821
45.70025301,-10.30877,-127.3066,-19.86564,0.369092,-0.01964502,0.5301585,-34.62561,-15.2773,-26.46821
45.710250378,-10.3703,-133.2419,-19.68273,0.3891016,0.00450442,0.5238959,-34.62561,-15.2773,-26.46821
45.720248222,-14.18536,-139.3552,-19.68273,0.416433,0.02850119,0.5381994,-34.62561,-15.2773,-26.46821
45.73024559,-21.44628,-145.1123,-19.7437,0.4699819,0.03161259,0.5500696,-37.27614,-14.87904,-22.03918
45.740242958,-26.86121,-149.6825,-20.53632,0.5100809,0.02417452,0.5533516,-37.27614,-14.87904,-22.03918
45.750240803,-32.33767,-153.1843,-21.45088,0.5688228,-0.04159326,0.5676235,-37.27614,-14.87904,-22.03918
45.760238171,-32.70687,-156.3299,-22.36544,0.610199,-0.06498075,0.5776075,-37.27614,-14.87904,-22.03918
45.770235538,-29.9994,-157.3983,-23.46292,0.6409538,-0.06767821,0.5880833,-37.27614,-14.87904,-22.03918
45.780233383,-27.96881,-157.9918,-24.37748,0.65998,-0.0687075,0.5937933,-41.04642,-14.86304,-16.84246
45.790230751,-26.43047,-159.1788,-25.10913,0.6929666,-0.06076227,0.5942123,-41.04642,-14.86304,-16.84246
45.800228119,-28.8918,-159.713,-25.77981,0.7637572,-0.06747115,0.6108407,-41.04642,-14.86304,-16.84246
45.810225487,-29.261,-159.8911,-25.59689,0.8248065,-0.04870529,0.6179081,-41.04642,-14.86304,-16.84246
45.820223331,-30.184,-159.5943,-25.96272,0.8479277,-0.03401144,0.633657,-41.04642,-14.86304,-16.84246
45.830220699,-32.953,-158.8821,-25.96272,0.868012,-0.03934066,0.6451092,-44.81839,-14.84376,-11.25874
45.840218067,-35.66046,-159.4756,-25.71884,0.8920631,-0.04857115,0.6465055,-44.81839,-14.84376,-11.25874
45.850215912,-38.49099,-160.3065,-25.84078,0.9434189,-0.08439157,0.6569538,-44.81839,-14.84376,-11.25874
45.86021328,-38.24486,-159.713,-26.2066,0.9964926,-0.134516,0.6406026,-44.81839,-14.84376,-11.25874
45.870210648,-35.10666,-158.2886,-26.99922,1.045015,-0.1760755,0.614207,-44.81839,-14.84376,-11.25874
45.880208492,-29.87634,-157.2796,-26.99922,1.073697,-0.1726897,0.6036275,-47.39528,-15.56213,-3.985149
45.89020586,-24.46141,-157.2202,-25.59689,1.074055,-0.1138661,0.605526,-47.39528,-15.56213,-3.985149
45.900203228,-25.07674,-157.2202,-24.49942,1.072061,-0.05939672,0.6146084,-47.39528,-15.56213,-3.985149
45.910200596,-31.8454,-157.7544,-23.21903,1.109454,-0.05222229,0.6274629,-47.39528,-15.56213,-3.985149
45.920198441,-37.87566,-156.5674,-22.54836,1.174135,-0.04571306,0.6149055,-49.65174,-16.65905,3.228286
45.930195808,-43.96745,-154.49,-22.2435,1.208296,-0.0748692,0.5942747,-49.65174,-16.65905,3.228286
45.940193176,-46.55184,-153.1249,-21.45088,1.204297,-0.09608494,0.5679654,-49.65174,-16.65905,3.228286
45.950191021,-47.16718,-151.5224,-21.38991,1.210175,-0.1244429,0.5363765,-49.65174,-16.65905,3.228286
45.960188389,-47.90557,-150.5134,-22.18253,1.225993,-0.1633742,0.4961585,-49.65174,-16.65905,3.228286
45.970185757,-47.72097,-149.5638,-23.28,1.242588,-0.1914985,0.4669437,-50.75842,-18.89242,10.00464
45.980183601,-45.13658,-148.7922,-25.35301,1.261691,-0.2235134,0.4319826,-50.75842,-18.89242,10.00464
45.990180969,-38.73712,-146.9523,-26.87728,1.247709,-0.2323709,0.3970732,-50.75842,-18.89242,10.00464
46.000178337,-33.01453,-145.6465,-28.21864,1.232937,-0.2245245,0.3836968,-50.75842,-18.89242,10.00464
46.010176182,-29.4456,-144.4595,-29.07223,1.244183,-0.2268154,0.3745849,-50.75842,-18.89242,10.00464
46.02017355,-26.18434,-142.3821,-29.01126,1.269412,-0.2209848,0.3731036,-51.13359,-20.35509,17.29851
46.030170918,-23.59995,-138.4649,-29.43805,1.287217,-0.2353691,0.3558476,-51.13359,-20.35509,17.29851
46.040168285,-19.23109,-132.9451,-28.7064,1.288197,-0.2103045,0.331432,-51.13359,-20.35509,17.29851
46.05016613,-17.01589,-127.544,-26.32854,1.262614,-0.1714794,0.3281166,-51.13359,-20.35509,17.29851
46.060163498,-19.60028,-123.2707,-23.52389,1.249128,-0.1280243,0.3266932,-51.13359,-20.35509,17.29851
46.070160866,-24.33834,-118.3444,-20.41438,1.221289,-0.09906345,0.312377,-49.99628,-22.19777,23.31552
46.08015871,-31.23007,-113.7149,-18.46332,1.196978,-0.102784,0.2770057,-49.99628,-22.19777,23.31552
46.090156078,-37.56799,-109.2635,-18.15846,1.166203,-0.1520179,0.2206001,-49.99628,-22.19777,23.31552
46.100153446,-41.13692,-105.5837,-18.64623,1.148337,-0.2141653,0.1589109,-49.99628,-22.19777,23.31552
46.110151768,-40.09085,-102.7348,-19.49982,1.14593,-0.268455,0.1259073,-49.99628,-22.19777,23.31552
46.120148659,-33.56833,-99.2329599999999,-20.10953,1.146318,-0.2894744,0.1115548,-48.84605,-24.4306,28.17356
46.130146027,-25.19981,-95.4344099999999,-20.53632,1.13544,-0.2808591,0.1206645,-48.84605,-24.4306,28.17356
46.140143395,-17.01589,-91.5765099999999,-20.84118,1.117729,-0.24563,0.1321721,-48.84605,-24.4306,28.17356
46.150141239,-11.04717,-87.7186099999998,-20.90215,1.119329,-0.2007821,0.1441222,-48.84605,-24.4306,28.17356
46.160138607,-8.52430299999999,-83.6826499999998,-20.29244,1.129922,-0.1679709,0.148881,-48.84605,-24.4306,28.17356
46.170135975,-7.90897099999997,-79.05316,-19.37788,1.120752,-0.1468013,0.1455415,-46.21387,-25.82808,33.03831
46.180134296,-8.093571,-74.6610899999998,-17.97555,1.099997,-0.131806,0.1297808,-46.21387,-25.82808,33.03831
46.190131187,-9.13963599999997,-70.32836,-16.8171,1.077479,-0.1272082,0.09679714,-46.21387,-25.82808,33.03831
46.200128555,-10.61643,-66.9452699999998,-15.41478,1.069755,-0.1313799,0.0824544,-46.21387,-25.82808,33.03831
46.210126877,-11.53943,-63.1467199999998,-14.19536,1.070478,-0.1448063,0.04752054,-46.21387,-25.82808,33.03831
46.220124245,-11.2933,-59.70428,-13.15886,1.064239,-0.1504898,0.02408265,-44.77405,-26.55404,35.89104
46.230121136,-11.1087,-56.79602,-12.2443,1.063325,-0.1540367,0.01020645,-44.77405,-26.55404,35.89104
46.240118504,-9.93956800000001,-54.12516,-11.39071,1.06165,-0.142994,-0.0008007203,-44.77405,-26.55404,35.89104
46.250116825,-9.38576900000002,-51.57301,-10.781,1.076962,-0.1281746,-0.007531294,-44.77405,-26.55404,35.89104
46.260113716,-9.57036899999999,-48.96151,-10.23226,1.09425,-0.1147653,-0.0133078,-44.77405,-26.55404,35.89104
46.270111084,-10.67797,-45.93454,-9.56158399999997,1.096941,-0.1026557,-0.0233657,-43.64452,-27.28616,38.28996
46.280109406,-12.09323,-43.50109,-9.13478800000001,1.104624,-0.09672085,-0.02864496,-43.64452,-27.28616,38.28996
46.290106773,-12.52396,-40.83023,-8.64702100000002,1.107407,-0.08945569,-0.03726605,-43.64452,-27.28616,38.28996
46.300103664,-12.70856,-37.98132,-7.91537200000002,1.087722,-0.07916267,-0.03819154,-43.64452,-27.28616,38.28996
46.310101986,-12.5855,-35.42916,-6.81789900000001,1.082182,-0.06954454,-0.03722721,-43.64452,-27.28616,38.28996
46.320099354,-12.83163,-33.05507,-6.14722099999998,1.072383,-0.06686195,-0.041518,-42.51163,-28.02481,39.91486
46.330096245,-12.89316,-30.85903,-5.476542,1.066664,-0.07383514,-0.04772772,-42.51163,-28.02481,39.91486
46.340093613,-11.4779,-28.30688,-4.440039,1.063719,-0.0730662,-0.0635158,-42.51163,-28.02481,39.91486
46.350091934,-8.955036,-25.87344,-3.70839,1.06324,-0.07357476,-0.06495056,-42.51163,-28.02481,39.91486
46.360089302,-6.18604100000003,-23.26193,-3.037712,1.06062,-0.06399105,-0.0740414,-42.51163,-28.02481,39.91486
46.370086193,-4.032378,-20.82848,-2.123151,1.061852,-0.05184009,-0.07643956,-42.11161,-29.16633,39.53672
46.380084515,-2.309447,-18.39504,-1.391501,1.060426,-0.05384712,-0.08026516,-42.11161,-29.16633,39.53672
46.390081883,-0.894183000000003,-16.02094,-0.7817937,1.064845,-0.055765,-0.08697244,-42.11161,-29.16633,39.53672
46.40007925,1.013347,-13.40944,-0.1111153,1.064417,-0.05931102,-0.1018066,-42.11161,-29.16633,39.53672
46.410077095,3.228544,-10.79793,0.925387699999998,1.059822,-0.04825146,-0.1046729,-42.11161,-29.16633,39.53672
46.420074463,4.582274,-8.66124800000001,1.474125,1.061505,-0.03415222,-0.1075509,-40.98488,-29.5279,40.7726
46.430071831,4.459208,-6.58391499999997,2.327715,1.05988,-0.02545055,-0.1089861,-40.98488,-29.5279,40.7726
46.440068722,3.105477,-4.506582,2.876452,1.053192,-0.006609026,-0.1065864,-40.98488,-29.5279,40.7726
46.450067043,0.644147799999998,-2.904068,3.54713,1.057052,-0.004606546,-0.1085079,-40.98488,-29.5279,40.7726
46.460064411,-1.755648,-1.479612,4.217809,1.051117,0.0001882512,-0.1027559,-41.72033,-30.29097,41.1581
46.470061779,-4.278511,0.2416071,4.827517,1.051231,-0.006262711,-0.1175903,-41.72033,-30.29097,41.1581
46.480059624,-5.632242,1.666064,5.254312,1.044594,-0.01612145,-0.1185334,-41.72033,-30.29097,41.1581
46.490056992,-6.61677399999998,3.031168,5.559165,1.039224,-0.01582933,-0.1280956,-41.72033,-30.29097,41.1581
46.50005436,-7.10903899999999,4.336921,5.80304899999998,1.030491,-0.01798511,-0.132387,-41.72033,-30.29097,41.1581
46.510052204,-7.724371,4.989797,6.04693200000002,1.024875,-0.03020952,-0.1285454,-40.98488,-29.5279,40.7726
46.520049572,-7.29363900000002,6.29554899999997,6.10790299999999,1.017659,-0.03523782,-0.131403,-40.98488,-29.5279,40.7726
46.53004694,-6.30910700000001,7.18583399999999,6.10790299999999,1.006435,-0.03453592,-0.136648,-40.98488,-29.5279,40.7726
46.540044785,-5.324575,7.89806300000001,6.04693200000002,1.001618,-0.03757307,-0.1395103,-40.98488,-29.5279,40.7726
46.550042153,-4.216978,8.31352900000002,6.10790299999999,0.9947702,-0.03628563,-0.1433273,-40.98488,-29.5279,40.7726
46.56003952,-3.109379,9.08511,5.92499000000001,0.9929129,-0.04118612,-0.1438013,-40.60844,-29.52835,40.38838
46.570036888,-1.817181,9.38187199999997,5.80304899999998,0.9971043,-0.03092486,-0.1466828,-40.60844,-29.52835,40.38838
46.580034733,-1.078783,9.79733799999999,5.681107,0.9942092,-0.0324355,-0.1461987,-40.60844,-29.52835,40.38838
46.590032101,-0.586516899999998,9.916043,5.254312,0.9966061,-0.03051456,-0.1538606,-40.60844,-29.52835,40.38838
46.600029469,-0.4634504,10.2128,5.010429,0.9969575,-0.02317901,-0.149556,-40.60844,-29.52835,40.38838
46.610027313,-0.7711166,10.27216,4.766546,0.9979767,-0.02561052,-0.15195,-41.73267,-29.53679,40.38004
46.620024681,-1.324916,9.916043,4.33975,1.003359,-0.02707167,-0.1639234,-41.73267,-29.53679,40.38004
46.630022049,-1.324916,9.61928199999999,3.730042,1.007824,-0.03139641,-0.1682372,-41.73267,-29.53679,40.38004
46.640019894,-1.324916,9.67863400000001,3.242276,1.014266,-0.03709165,-0.1672899,-41.73267,-29.53679,40.38004
46.650017261,-1.140316,9.26316700000002,2.69354,1.011515,-0.04644031,-0.1739827,-41.73267,-29.53679,40.38004
46.660014629,-0.894183000000003,8.96640499999999,2.388686,1.01735,-0.0458654,-0.1768645,-41.36998,-28.78035,39.54026
46.670012474,-0.586516899999998,8.49158700000002,1.96189,1.013354,-0.0405639,-0.1730303,-41.36998,-28.78035,39.54026
46.680009842,-0.709583300000001,8.13547199999999,1.657037,1.009862,-0.0362638,-0.1735039,-41.36998,-28.78035,39.54026
46.69000721,-1.386449,7.304539,1.413154,1.003386,-0.02853334,-0.1644016,-41.36998,-28.78035,39.54026
46.700004578,-2.309447,6.41425300000001,1.230241,0.9940488,-0.02434434,-0.1643864,-41.36998,-28.78035,39.54026
46.710002422,-3.540112,5.642673,1.1083,0.998036,-0.02915569,-0.1677422,-42.10036,-29.55323,38.76475
46.71999979,-4.216978,4.693035,0.925387699999998,0.994121,-0.02825677,-0.167257,-42.10036,-29.55323,38.76475
46.729997158,-4.155444,3.743397,0.7424754,0.994717,-0.03409384,-0.1691708,-42.10036,-29.55323,38.76475
46.739995003,-4.278511,3.031168,0.7424754,0.9888516,-0.03329486,-0.1753823,-42.10036,-29.55323,38.76475
46.749992371,-3.847778,2.259588,0.681504599999997,0.9970895,-0.03061905,-0.1663044,-42.10036,-29.55323,38.76475
46.759989738,-3.909311,1.547359,0.5595631,0.991756,-0.0322656,-0.1753876,-42.11608,-28.79251,38.76069
46.769987583,-3.724712,0.4196641,0.3766508,0.9844524,-0.03231778,-0.1653248,-42.11608,-28.79251,38.76069
46.779984951,-3.109379,-0.5299737,0.01082622,0.9874572,-0.03663189,-0.1653289,-42.11608,-28.79251,38.76069
46.789982319,-2.370981,-1.360907,-0.2330568,0.9899365,-0.03906524,-0.1710755,-42.11608,-28.79251,38.76069
46.799980164,-1.632582,-2.42925,-0.4769399,0.9933948,-0.0413389,-0.1615095,-42.11608,-28.79251,38.76069
46.809977531,-0.955716300000001,-3.260183,-0.903735200000002,0.9978704,-0.04609673,-0.1600803,-42.09669,-29.56031,37.92624
46.819974899,-0.03271778,-4.091116,-1.330531,1.001613,-0.03773985,-0.1576961,-42.09669,-29.56031,37.92624
46.829972267,0.3980148,-4.44723,-1.391501,1.004418,-0.03134966,-0.1557883,-42.09669,-29.56031,37.92624
46.839970112,0.3980148,-5.574925,-1.635384,1.002542,-0.0352918,-0.1576983,-42.09669,-29.56031,37.92624
46.84996748,0.1518819,-6.16844799999999,-2.184121,1.009208,-0.02685084,-0.1524478,-42.09669,-29.56031,37.92624
46.859964848,-0.4634504,-6.70261999999998,-2.488975,1.000962,-0.02900139,-0.1572186,-42.11608,-28.79251,38.76069
46.869962692,-0.832649800000001,-7.236791,-2.488975,0.999039,-0.03054983,-0.1629578,-42.11608,-28.79251,38.76069
46.87996006,-1.263382,-7.77096299999999,-2.732858,0.9975815,-0.03045581,-0.1495552,-42.11608,-28.79251,38.76069
46.889957428,-1.324916,-8.067724,-2.91577,1.007845,-0.03226698,-0.1572298,-42.11608,-28.79251,38.76069
46.899955273,-1.755648,-8.42383900000002,-2.91577,1.001505,-0.03185366,-0.1514759,-42.11608,-28.79251,38.76069
46.909952641,-2.494047,-8.66124800000001,-3.037712,1.010227,-0.0292604,-0.152449,-42.10036,-29.55323,38.76475
46.919950008,-2.863246,-8.89865800000003,-3.159653,1.010282,-0.03218375,-0.1534055,-42.10036,-29.55323,38.76475
46.929947853,-2.678647,-9.01736299999997,-3.159653,1.018175,-0.03739509,-0.1558108,-42.10036,-29.55323,38.76475
46.939945221,-2.124848,-8.83930499999998,-3.098683,1.020629,-0.03830971,-0.1548577,-42.10036,-29.55323,38.76475
46.949942589,-1.755648,-9.01736299999997,-3.220624,1.023036,-0.03684381,-0.1591694,-42.10036,-29.55323,38.76475
46.959940433,-1.324916,-8.83930499999998,-3.281595,1.030857,-0.03814273,-0.1587041,-41.73518,-29.16679,39.1525
46.969937801,-1.324916,-8.72059999999997,-3.342566,1.028999,-0.04307394,-0.1625282,-41.73518,-29.16679,39.1525
46.979935169,-0.709583300000001,-8.18642900000001,-3.70839,1.02946,-0.04157193,-0.1587008,-41.73518,-29.16679,39.1525
46.989932537,-0.03271778,-7.889668,-3.70839,1.0255,-0.03823542,-0.157259,-41.73518,-29.16679,39.1525
46.999930382,0.2134152,-7.65225799999999,-3.647419,1.019537,-0.03198334,-0.1515073,-41.73518,-29.16679,39.1525
47.00992775,-0.03271778,-7.59290600000003,-3.647419,1.017129,-0.03348435,-0.1510242,-41.35426,-29.54106,39.54431
47.019925117,-0.6480501,-7.236791,-3.525478,1.017562,-0.0305426,-0.1491114,-41.35426,-29.54106,39.54431
47.029922962,-0.709583300000001,-6.70261999999998,-3.525478,1.013325,-0.03839262,-0.1481448,-41.35426,-29.54106,39.54431
47.03992033,-0.4634504,-6.16844799999999,-3.525478,1.008012,-0.04093167,-0.1486135,-41.35426,-29.54106,39.54431
47.049917698,0.02881546,-5.81233500000002,-3.464507,1.004655,-0.04396628,-0.1543498,-41.72114,-29.92423,39.54356
47.059916019,0.4595481,-5.337515,-3.159653,1.00551,-0.0376497,-0.1562672,-41.72114,-29.92423,39.54356
47.06991291,0.5210813,-4.803344,-2.91577,1.003996,-0.03471133,-0.1505224,-41.72114,-29.92423,39.54356
47.079910278,0.1518819,-4.269173,-2.8548,1.001641,-0.0391708,-0.1548243,-41.72114,-29.92423,39.54356
47.0899086,-0.3403839,-3.972411,-2.732858,1.003994,-0.03477278,-0.1572224,-41.72114,-29.92423,39.54356
47.099905968,-0.586516899999998,-3.378887,-2.488975,1.009326,-0.0331833,-0.1543607,-40.59691,-29.91579,39.5519
47.109902859,-0.832649800000001,-2.726011,-2.367033,1.018689,-0.03886469,-0.1582042,-40.59691,-29.91579,39.5519
47.119900227,-0.709583300000001,-2.369897,-2.06218,1.020646,-0.03931635,-0.158686,-40.59691,-29.91579,39.5519
47.129898548,-1.017249,-1.835726,-2.001209,1.021586,-0.037297,-0.1524667,-40.59691,-29.91579,39.5519
47.139895439,-1.078783,-1.301555,-1.818297,1.02651,-0.04016799,-0.1582175,-40.59691,-29.91579,39.5519
47.149892807,-0.832649800000001,-0.886087999999999,-1.818297,1.033364,-0.04203776,-0.164929,-40.96548,-30.29569,39.93815
47.159891129,-0.4019172,-0.411269,-1.818297,1.02546,-0.03638455,-0.1673096,-40.96548,-30.29569,39.93815
47.169888496,-0.0942510000000003,0.06354995,-1.513443,1.019129,-0.03645699,-0.1615556,-40.96548,-30.29569,39.93815
47.179885387,-0.1557842,0.3603118,-1.574414,1.017641,-0.0350198,-0.1605962,-40.96548,-30.29569,39.93815
47.189883709,-0.03271778,0.716426,-1.086647,1.01866,-0.03747325,-0.1653831,-40.96548,-30.29569,39.93815
47.199881077,0.2134152,1.07254,-0.964705900000002,1.012316,-0.03717843,-0.1725508,-40.5986,-29.91253,39.9389
47.209877968,0.767214200000001,1.547359,-0.5379106,1.00944,-0.0396167,-0.1672808,-40.5986,-29.91253,39.9389
47.219876289,1.197947,1.606712,-0.2330568,1.012694,-0.03130895,-0.1692029,-40.5986,-29.91253,39.9389
47.229873657,1.136414,1.903473,0.1937385,1.012188,-0.03038655,-0.1735094,-40.5986,-29.91253,39.9389
47.239871025,1.013347,1.903473,0.620533899999998,1.009239,-0.02896507,-0.1711118,-40.5986,-29.91253,39.9389
47.24986887,0.2749484,1.962826,0.925387699999998,1.011599,-0.0250923,-0.177817,-41.33853,-30.30177,39.54837
47.259866238,-0.0942510000000003,2.022178,1.047329,1.00185,-0.02474196,-0.1715786,-41.33853,-30.30177,39.54837
47.269863606,-0.5249836,2.022178,1.230241,0.9999646,-0.02819395,-0.1730101,-41.33853,-30.30177,39.54837
47.279860973,-0.709583300000001,2.022178,1.291212,0.9960947,-0.0297414,-0.1744387,-41.33853,-30.30177,39.54837
47.289858818,-0.6480501,2.140883,1.413154,1.000139,-0.03738391,-0.1687009,-41.33853,-30.30177,39.54837
47.299856186,-0.4019172,2.022178,1.474125,1.000139,-0.03740147,-0.1706152,-40.97166,-29.91861,39.54912
47.309853554,-0.03271778,2.200235,1.291212,1.000102,-0.0354672,-0.1715728,-40.97166,-29.91861,39.54912
47.319851399,0.2749484,1.903473,1.413154,1.006866,-0.03244863,-0.1749354,-40.97166,-29.91861,39.54912
47.329848766,0.3980148,1.903473,0.986358399999998,1.007856,-0.03346235,-0.1816369,-40.97166,-29.91861,39.54912
47.339846134,0.767214200000001,1.903473,1.1083,1.003794,-0.02482636,-0.1849821,-40.97166,-29.91861,39.54912
47.349843979,0.5210813,1.606712,0.986358399999998,1.002888,-0.02812304,-0.1715795,-41.34639,-29.92142,39.54634
47.359841347,0.3980148,1.488007,0.864416900000002,0.9990436,-0.03117605,-0.1782721,-41.34639,-29.92142,39.54634
47.369838715,0.2134152,1.131893,0.7424754,1.004817,-0.02713936,-0.1744546,-41.34639,-29.92142,39.54634
47.379836559,0.1518819,1.250597,0.7424754,1.003346,-0.02670003,-0.1763664,-41.34639,-29.92142,39.54634
47.389833927,-0.0942510000000003,0.8351307,0.620533899999998,1.005789,-0.02718595,-0.1816349,-41.34639,-29.92142,39.54634
47.399831295,-0.1557842,0.8351307,0.31568,1.001406,-0.02724184,-0.1782772,-40.96996,-29.92188,39.16212
47.409828663,-0.2173175,0.657073599999999,0.31568,1.003491,-0.03450732,-0.1801933,-40.96996,-29.92188,39.16212
47.419826508,-0.0942510000000003,0.3009594,-0.05014454,1.001964,-0.03118853,-0.1859344,-40.96996,-29.92188,39.16212
47.429823876,0.02881546,0.06354995,-0.1720861,1.007178,-0.02324026,-0.1782883,-40.96996,-29.92188,39.16212
47.439821243,0.2749484,-0.2332119,-0.2940276,1.007673,-0.02377785,-0.1849891,-40.96996,-29.92188,39.16212
47.449819088,0.3364816,-0.2925643,-0.2330568,1.001849,-0.02474635,-0.1720572,-41.72283,-29.92096,39.93056
47.459816456,0.5210813,-0.589326100000003,-0.1720861,1.002215,-0.01851839,-0.1825881,-41.72283,-29.92096,39.93056
47.469813824,0.2749484,-1.064145,0.0717969800000001,1.001378,-0.02579772,-0.1797133,-41.72283,-29.92096,39.93056
47.479811669,0.0903486900000002,-1.18285,0.0717969800000001,0.9959579,-0.02245497,-0.1744403,-41.72283,-29.92096,39.93056
47.489809036,-0.0942510000000003,-1.420259,0.1327677,0.9929429,-0.01768583,-0.1777864,-41.72283,-29.92096,39.93056
47.499806404,-0.3403839,-1.301555,0.1327677,1.002418,-0.02914369,-0.1758856,-40.96379,-30.29896,39.55115
47.509804249,-0.3403839,-1.895078,0.2547093,0.9960748,-0.02882254,-0.1801818,-40.96379,-30.29896,39.55115
47.519801617,-0.2173175,-1.776374,0.01082622,1.000533,-0.03258252,-0.1758814,-40.96379,-30.29896,39.55115
47.529798985,0.2134152,-1.895078,0.01082622,1.006287,-0.02760502,-0.1754142,-40.96379,-30.29896,39.55115
47.539796829,0.1518819,-1.776374,-0.2940276,1.004826,-0.02762951,-0.174933,-40.96379,-30.29896,39.55115
47.549794197,0.02881546,-1.776374,-0.3549984,1.002877,-0.02769434,-0.1778011,-40.97952,-29.53825,39.54709
47.559791565,-0.03271778,-1.95443,-0.4159691,1.002381,-0.02718748,-0.1744503,-40.97952,-29.53825,39.54709
47.56978941,-0.2173175,-1.835726,-0.5379106,0.9988831,-0.02231823,-0.1658311,-40.97952,-29.53825,39.54709
47.579786778,-0.1557842,-1.895078,-0.5379106,0.9993531,-0.02130197,-0.1620036,-40.97952,-29.53825,39.54709
47.589784145,-0.3403839,-1.776374,-0.720822899999998,1.001355,-0.02423071,-0.1677492,-40.96379,-30.29896,39.55115
47.59978199,-0.2788507,-1.657669,-0.659852100000001,1.000959,-0.02910234,-0.1682259,-40.96379,-30.29896,39.55115
47.609779358,-0.0942510000000003,-1.598316,-0.598881400000002,1.006812,-0.02949456,-0.1706288,-40.96379,-30.29896,39.55115
47.619776726,-0.0942510000000003,-1.420259,-0.4159691,1.00813,-0.02162328,-0.162976,-40.96379,-30.29896,39.55115
47.629774094,-0.03271778,-1.479612,-0.3549984,1.006235,-0.02461145,-0.1668005,-40.96379,-30.29896,39.55115
47.639771938,-0.3403839,-1.420259,-0.2940276,1.002293,-0.0222333,-0.1639228,-40.97335,-29.91534,39.93612
47.649769306,-0.5249836,-1.242202,-0.1720861,1.008727,-0.02742084,-0.1605826,-40.97335,-29.91534,39.93612
47.659766674,-0.6480501,-0.886087999999999,-0.2940276,1.002916,-0.02954521,-0.1677506,-40.97335,-29.91534,39.93612
47.669764519,-0.2173175,-0.826735599999998,0.1327677,1.006749,-0.02608106,-0.1691939,-40.97335,-29.91534,39.93612
47.679761887,-0.2173175,-0.708030899999999,0.0717969800000001,1.008733,-0.02802511,-0.173504,-40.97335,-29.91534,39.93612
47.689759254,-0.2788507,-0.589326100000003,0.1937385,1.004892,-0.03097717,-0.1691894,-41.34808,-29.91815,39.93334
47.699757099,-0.4019172,-0.411269,0.1937385,1.008237,-0.02753142,-0.171589,-41.34808,-29.91815,39.93334
47.709754467,-0.709583300000001,-0.2332119,0.1327677,1.011646,-0.0274816,-0.1735093,-41.34808,-29.91815,39.93334
47.719751835,-0.6480501,-0.1145072,0.1937385,1.009193,-0.02653626,-0.1711123,-41.34808,-29.91815,39.93334
47.72974968,-0.7711166,0.1822547,0.1937385,1.010268,-0.03184283,-0.1691985,-41.34808,-29.91815,39.93334
47.739747047,-0.955716300000001,0.2416071,0.1937385,1.007784,-0.02954115,-0.1778092,-40.98738,-29.15789,39.54507
47.749744415,-1.017249,0.06354995,0.4376215,1.004844,-0.0286142,-0.1763686,-40.98738,-29.15789,39.54507
47.759742737,-1.263382,0.3603118,0.4376215,1.006307,-0.0285151,-0.1687139,-40.98738,-29.15789,39.54507
47.769739628,-0.955716300000001,0.4196641,0.31568,1.002949,-0.0315936,-0.1792359,-40.98738,-29.15789,39.54507
47.779736996,-1.140316,0.4196641,0.3766508,1.006966,-0.03778762,-0.1744556,-40.98738,-29.15789,39.54507
47.789735317,-1.078783,0.597721199999998,0.4376215,1.006884,-0.03340698,-0.1734994,-40.95593,-30.67932,39.55318
47.799732685,-0.709583300000001,0.775778400000001,0.4376215,1.011293,-0.03486105,-0.1825997,-40.95593,-30.67932,39.55318
47.809729576,-0.5249836,0.716426,0.681504599999997,1.006357,-0.03158329,-0.1854634,-40.95593,-30.67932,39.55318
47.819726944,-0.4019172,0.597721199999998,0.7424754,1.011201,-0.03002977,-0.1854722,-40.95593,-30.67932,39.55318
47.829725265,-0.1557842,0.5383689,0.986358399999998,1.015955,-0.02356596,-0.1797392,-40.95593,-30.67932,39.55318
47.839722156,-0.4634504,0.894483100000001,1.047329,1.016565,-0.03050623,-0.1960101,-40.58118,-30.67651,39.55596
47.849719524,-0.832649800000001,0.8351307,1.230241,1.016928,-0.02358622,-0.1840481,-40.58118,-30.67651,39.55596
47.859717846,-1.140316,0.8351307,1.352183,1.018479,-0.02845446,-0.1883568,-40.58118,-30.67651,39.55596
47.869715214,-1.201849,0.716426,1.474125,1.01801,-0.02946194,-0.1912272,-40.58118,-30.67651,39.55596
47.879712105,-1.324916,0.894483100000001,1.535095,1.012644,-0.02904254,-0.1869107,-40.58118,-30.67651,39.55596
47.889710426,-1.386449,0.953835399999999,1.474125,1.009224,-0.02865487,-0.1902549,-40.58905,-30.29615,39.55393
47.899707794,-1.324916,0.775778400000001,1.291212,1.008738,-0.02862499,-0.1859469,-40.58905,-30.29615,39.55393
47.909704685,-1.140316,0.953835399999999,1.230241,1.010769,-0.03293201,-0.1830778,-40.58905,-30.29615,39.55393
47.919703007,-1.201849,0.953835399999999,1.230241,1.004025,-0.03688261,-0.1754078,-40.58905,-30.29615,39.55393
47.929700375,-0.894183000000003,1.131893,1.1083,1.004899,-0.03153316,-0.1768465,-40.58905,-30.29615,39.55393
47.939697742,-0.586516899999998,1.07254,0.7424754,1.001996,-0.03250976,-0.1710982,-40.59074,-30.29288,39.94093
47.949695587,-0.4634504,1.013188,0.4985923,1.001942,-0.02955568,-0.1667917,-40.59074,-30.29288,39.94093
47.959692955,-0.586516899999998,0.8351307,0.1937385,0.9994889,-0.02861911,-0.165352,-40.59074,-30.29288,39.94093
47.969690323,-0.6480501,0.597721199999998,-0.2330568,1.003994,-0.03476839,-0.1567439,-40.59074,-30.29288,39.94093
47.979688168,-0.4634504,0.657073599999999,-0.720822899999998,1.004692,-0.04590055,-0.1533922,-40.59074,-30.29288,39.94093
47.989685535,0.5210813,0.4790165,-1.513443,1.006713,-0.04975254,-0.1538733,-40.58118,-30.67651,39.55596
47.999682903,1.505613,0.1822547,-2.306063,1.001404,-0.05218186,-0.1423776,-40.58118,-30.67651,39.55596
48.009680271,2.490145,0.004197581,-3.281595,1.00956,-0.04513859,-0.1337793,-40.58118,-30.67651,39.55596
48.019678116,3.413143,-0.2332119,-3.952273,1.015757,-0.03767001,-0.1275705,-40.58118,-30.67651,39.55596
48.029675484,3.843876,-0.3519166,-4.561981,1.015711,-0.03526753,-0.1304425,-40.58118,-30.67651,39.55596
48.039672852,3.905409,-0.4706214,-5.049747,1.010106,-0.02225784,-0.1304361,-40.97166,-29.91861,39.54912
48.049670696,3.659276,-0.648678499999998,-5.232659,1.016318,-0.01587928,-0.1371486,-40.97166,-29.91861,39.54912
48.059668064,2.982411,-0.589326100000003,-5.415571,1.023643,-0.01668012,-0.1342897,-40.97166,-29.91861,39.54912
48.069665432,2.613211,-0.2925643,-5.537513,1.022568,-0.0113911,-0.1381178,-40.97166,-29.91861,39.54912
48.079663277,2.428612,0.004197581,-5.049747,1.014321,-0.01357237,-0.1462387,-40.97166,-29.91861,39.54912
48.089660645,2.244012,0.775778400000001,-4.440039,1.018559,-0.005731127,-0.1481624,-41.34023,-30.2985,39.93537
48.099658012,1.997879,1.606712,-3.70839,1.007278,-0.002198059,-0.1625009,-41.34023,-30.2985,39.93537
48.109655857,1.07488,3.090521,-2.793829,0.9944272,0.007161607,-0.1739667,-41.34023,-30.2985,39.93537
48.119653225,0.0903486900000002,4.336921,-2.306063,0.9861538,0.00645957,-0.179695,-41.34023,-30.2985,39.93537
48.129650593,-0.894183000000003,5.702025,-1.391501,0.9765013,0.0013612,-0.1849412,-41.34023,-30.2985,39.93537
48.139648438,-1.632582,6.88907200000001,-0.4769399,0.9687876,-0.003230471,-0.1921052,-40.58905,-30.29615,39.55393
48.149645805,-2.494047,7.54194799999998,0.4985923,0.9655271,-0.01096907,-0.1810903,-40.58905,-30.29615,39.55393
48.159643173,-2.494047,8.78834800000002,1.1083,0.9714451,-0.01474845,-0.1820568,-40.58905,-30.29615,39.55393
48.169641018,-2.309447,9.559929,1.96189,0.977327,-0.01657162,-0.181588,-40.58905,-30.29615,39.55393
48.179638386,-2.309447,9.79733799999999,2.571598,0.9856915,-0.02073159,-0.1763372,-40.96379,-30.29896,39.55115
48.189635754,-2.247914,10.2128,3.303247,0.9924186,-0.01577435,-0.1801788,-40.96379,-30.29896,39.55115
48.199633598,-3.232446,10.03475,3.669072,0.9997382,-0.01599725,-0.16727,-40.96379,-30.29896,39.55115
48.209630966,-4.340044,9.26316700000002,3.912955,1.012981,-0.02059941,-0.1677704,-40.96379,-30.29896,39.55115
48.219628334,-5.263042,8.254177,4.034896,1.024829,-0.02857371,-0.1620461,-40.96379,-30.29896,39.55115
48.229626179,-5.570708,7.24518699999998,3.851984,1.039227,-0.04290257,-0.1658961,-41.3447,-29.92469,39.15934
48.239623547,-4.83231,6.59230999999998,3.730042,1.052589,-0.05381086,-0.1654381,-41.3447,-29.92469,39.15934
48.249620915,-4.401577,5.93943499999998,3.425189,1.055568,-0.05663695,-0.1620925,-41.3447,-29.92469,39.15934
48.259618282,-3.909311,5.405263,2.69354,1.054088,-0.05570747,-0.1635259,-41.3447,-29.92469,39.15934
48.269616127,-3.724712,4.57433,2.144803,1.046793,-0.05624102,-0.1529843,-41.3447,-29.92469,39.15934
48.279613495,-3.232446,3.802749,1.535095,1.043015,-0.06261974,-0.1515404,-41.34639,-29.92142,39.54634
48.289610863,-2.494047,2.912464,0.5595631,1.028037,-0.06914081,-0.1414625,-41.34639,-29.92142,39.54634
48.299608707,-1.017249,2.200235,-0.2330568,1.023239,-0.07311875,-0.1409745,-41.34639,-29.92142,39.54634
48.309606075,1.136414,1.844121,-0.8427644,1.018118,-0.08584123,-0.1395266,-41.34639,-29.92142,39.54634
48.319603443,3.228544,1.666064,-1.452472,1.014014,-0.07465792,-0.1299508,-41.34639,-29.92142,39.54634
48.329601288,4.828408,1.903473,-1.574414,1.002232,-0.07004446,-0.1313672,-41.71944,-29.9275,39.15656
48.339598656,5.505273,2.496997,-1.696355,0.9893674,-0.05957281,-0.1275188,-41.71944,-29.9275,39.15656
48.349596024,5.62834,2.615702,-1.696355,0.9809936,-0.05493587,-0.1337269,-41.71944,-29.9275,39.15656
48.359593868,5.93600600000003,2.912464,-1.513443,0.9762323,-0.06085246,-0.13276,-41.71944,-29.9275,39.15656
48.369591236,6.55133799999999,3.387283,-1.452472,0.9816095,-0.06169178,-0.1298977,-41.71944,-29.9275,39.15656
48.379588604,7.59740300000001,4.277568,-1.26956,0.9873908,-0.05818036,-0.1303872,-41.71944,-29.9275,39.15656
48.389586926,8.705001,5.286559,-0.4159691,0.9785231,-0.05299266,-0.1284588,-41.71944,-29.9275,39.15656
48.399583817,9.32033300000002,6.29554899999997,0.2547093,0.9700779,-0.04441695,-0.1289248,-41.71944,-29.9275,39.15656
48.409581184,9.56646600000001,7.779358,1.230241,0.9651697,-0.0425877,-0.1308311,-41.71944,-29.9275,39.15656
48.419579506,9.68953300000002,9.02575799999998,2.205774,0.9562746,-0.03594271,-0.128903,-41.71944,-29.9275,39.15656
48.429576397,9.87413200000002,10.33151,3.303247,0.9514423,-0.03791177,-0.1212368,-40.96827,-29.92514,38.77512
48.439573765,10.12027,11.39985,4.27878,0.9499449,-0.03598443,-0.119799,-40.96827,-29.92514,38.77512
48.449572086,10.79713,12.7056,5.437224,0.9484211,-0.03256908,-0.1150114,-40.96827,-29.92514,38.77512
48.459569454,11.72013,13.952,6.59566799999998,0.9489262,-0.03353975,-0.1159692,-40.96827,-29.92514,38.77512
48.469566345,12.2124,15.43581,7.63217200000002,0.9585691,-0.02796879,-0.1121589,-40.96827,-29.92514,38.77512
48.479564667,12.2124,16.68221,8.91255800000001,0.9643268,-0.02288157,-0.09972723,-41.72364,-29.55423,38.31602
48.489562035,11.6586,18.10667,9.76614900000002,0.9719602,-0.01386099,-0.08634273,-41.72364,-29.55423,38.31602
48.499559403,10.30486,19.29372,10.74168,0.9773372,-0.0147091,-0.08443758,-41.72364,-29.55423,38.31602
48.509557247,8.58193500000002,20.65882,11.59527,0.9826611,-0.01258996,-0.07679019,-41.72364,-29.55423,38.31602
48.519554615,6.92053700000001,21.78652,12.38789,0.9851618,-0.01590267,-0.07248651,-41.72364,-29.55423,38.31602
48.529551983,5.44374,23.09227,13.30245,0.993058,-0.02102623,-0.06532031,-42.10455,-29.17995,37.92421
48.539548874,3.597743,24.45737,13.97313,1.015467,-0.0205133,-0.0577023,-42.10455,-29.17995,37.92421
48.549547196,1.567146,25.88183,14.52187,1.032448,-0.01612798,-0.04002571,-42.10455,-29.17995,37.92421
48.559544563,-1.509515,27.06888,15.13157,1.036382,-0.01797648,-0.03811779,-42.10455,-29.17995,37.92421
48.569541931,-4.155444,28.13722,15.4974,1.052127,-0.02585184,-0.03000742,-42.10455,-29.17995,37.92421
48.579539776,-6.06297400000002,29.44297,15.74128,1.075794,-0.04033877,-0.01808055,-42.4995,-28.04824,37.14135
48.589537144,-6.678307,31.04549,15.98516,1.098377,-0.04904653,-0.009503305,-42.4995,-28.04824,37.14135
48.599534512,-7.84743800000001,32.88541,16.16808,1.103555,-0.03918156,-0.00472911,-42.4995,-28.04824,37.14135
48.609532356,-9.20116899999999,34.19116,15.55837,1.106203,-0.05021377,0.005319211,-42.4995,-28.04824,37.14135
48.619529724,-10.49337,35.43756,14.88769,1.112883,-0.06851687,0.008662311,-42.4995,-28.04824,37.14135
48.629527092,-10.3703,35.67497,14.39993,1.104805,-0.07928822,0.01729354,-44.01302,-26.93585,35.06013
48.639524937,-9.69343500000003,34.90339,13.42439,1.091296,-0.111929,0.03742569,-44.01302,-26.93585,35.06013
48.649522304,-6.98597300000001,32.94476,12.5708,1.084206,-0.1230395,0.05993398,-44.01302,-26.93585,35.06013
48.659519672,-3.909311,29.68038,11.16848,1.09134,-0.1385311,0.1039545,-44.01302,-26.93585,35.06013
48.669517517,-0.2173175,25.34766,9.03449899999999,1.11612,-0.1594483,0.1541672,-44.01302,-26.93585,35.06013
48.679514885,4.274609,21.54911,6.83955100000002,1.138445,-0.1538583,0.1857129,-45.14593,-26.1972,33.43523
48.689512253,7.59740300000001,18.52213,4.522663,1.169892,-0.1414604,0.1980978,-45.14593,-26.1972,33.43523
48.699510097,10.3664,17.03833,2.510627,1.20231,-0.1555605,0.1803376,-45.14593,-26.1972,33.43523
48.709507465,13.25846,16.74156,-0.2330568,1.207666,-0.1563003,0.1410853,-45.14593,-26.1972,33.43523
48.719504833,14.30453,16.74156,-3.769361,1.204392,-0.1387974,0.09610031,-45.14593,-26.1972,33.43523
48.729502678,12.45853,16.4448,-7.48857699999998,1.182009,-0.1151619,0.07220443,-45.83126,-26.20562,33.04313
48.739500046,8.88960099999997,15.79193,-10.47614,1.136788,-0.09484059,0.05409214,-45.83126,-26.20562,33.04313
48.749497414,4.397675,14.01136,-12.00041,1.074693,-0.05764294,0.05801942,-45.83126,-26.20562,33.04313
48.759495258,-1.386449,10.80633,-12.12236,1.030242,-0.02595429,0.0590459,-45.83126,-26.20562,33.04313
48.769492626,-8.21663800000001,7.06713000000001,-11.87847,0.9856812,-0.01411248,0.06869206,-44.78641,-25.13033,31.81975
48.779489994,-14.61609,2.912464,-10.65906,0.9384328,-0.01501088,0.07260326,-44.78641,-25.13033,31.81975
48.789487839,-19.29262,-2.013783,-9.74449500000001,0.9006847,-0.02888148,0.07219406,-44.78641,-25.13033,31.81975
48.799485207,-21.75395,-6.22780099999998,-9.07381699999998,0.8976703,-0.04974002,0.08273337,-44.78641,-25.13033,31.81975
48.809482574,-22.80001,-9.848295,-8.22022599999998,0.904171,-0.05823133,0.09660293,-44.78641,-25.13033,31.81975
48.819480419,-22.06161,-12.40045,-7.244694,0.9168731,-0.05989782,0.09945267,-44.02868,-25.44494,31.44
48.829477787,-21.07708,-14.47778,-6.81789900000001,0.8963315,-0.05596088,0.09613743,-44.02868,-25.44494,31.44
48.839475155,-19.96948,-17.20799,-6.14722099999998,0.87564,-0.04437468,0.07942036,-44.02868,-25.44494,31.44
48.849473,-19.16955,-20.17561,-5.29363,0.8368158,-0.0273198,0.06225491,-44.02868,-25.44494,31.44
48.859470367,-19.72335,-23.91481,-4.744893,0.8198936,-0.008851548,0.04600807,-44.02868,-25.44494,31.44
48.869467735,-21.32322,-27.59465,-4.622952,0.8016111,0.004266401,0.03215785,-43.2775,-25.44258,31.05856
48.87946558,-23.16921,-31.09644,-4.927805,0.7755716,0.0152961,0.01927885,-43.2775,-25.44258,31.05856
48.889462948,-25.19981,-34.36082,-5.598484,0.7389898,0.01690656,0.008813536,-43.2775,-25.44258,31.05856
48.899460316,-27.35347,-38.27808,-6.87886999999998,0.7356341,0.01390707,0.006905854,-43.2775,-25.44258,31.05856
48.909458637,-28.64567,-40.88958,-8.34216799999998,0.7320707,-0.004274763,-0.007440534,-43.2775,-25.44258,31.05856
48.919455528,-29.19947,-42.90756,-9.92740700000002,0.700084,-0.0137107,-0.01360383,-42.15983,-25.11718,31.06521
48.929452896,-29.56867,-44.80684,-11.45168,0.6334473,-0.02047349,-0.02449317,-42.15983,-25.11718,31.06521
48.939451218,-29.4456,-46.35,-12.97595,0.5710566,-0.01990274,-0.03969899,-42.15983,-25.11718,31.06521
48.949448109,-29.69173,-47.29964,-15.17089,0.5246267,-0.0389578,-0.05684188,-42.15983,-25.11718,31.06521
48.959445477,-29.32254,-47.5964,-17.73167,0.466851,-0.05112335,-0.0931098,-42.15983,-25.11718,31.06521
48.969442844,-26.55354,-47.12158,-20.29244,0.4105295,-0.06270845,-0.1222018,-40.65469,-25.48302,31.46536
48.979441166,-22.73848,-46.4687,-22.2435,0.3842201,-0.0634037,-0.1412988,-40.65469,-25.48302,31.46536
48.989438057,-18.61575,-45.57842,-23.7068,0.3980846,-0.04971642,-0.1623838,-40.65469,-25.48302,31.46536
48.999435425,-14.06229,-44.03526,-24.56039,0.406611,-0.01140422,-0.1892088,-40.65469,-25.48302,31.46536
49.009433746,-13.01623,-42.13598,-25.1701,0.4178711,0.01160487,-0.1949773,-40.65469,-25.48302,31.46536
49.019431114,-12.09323,-40.41476,-25.1701,0.4057271,0.03497869,-0.2164981,-39.15086,-25.78547,31.86518
49.029428005,-11.41637,-38.27808,-24.25554,0.4312252,0.05097022,-0.2763686,-39.15086,-25.78547,31.86518
49.039426327,-11.8471,-36.43816,-23.76777,0.4726467,0.07643124,-0.2917618,-39.15086,-25.78547,31.86518
49.049423695,-13.1393,-33.47054,-23.28,0.502036,0.1195072,-0.3210173,-39.15086,-25.78547,31.86518
49.059420586,-17.07742,-30.38422,-22.48738,0.5274146,0.1681992,-0.3651031,-39.15086,-25.78547,31.86518
49.069418907,-24.33834,-27.17919,-21.02409,0.5620723,0.190646,-0.3766551,-37.27295,-26.14468,32.71961
49.079416275,-32.64533,-23.97416,-19.31691,0.5899321,0.1856713,-0.396324,-37.27295,-26.14468,32.71961
49.089413643,-39.78319,-21.54071,-17.12196,0.6249726,0.1348703,-0.4475797,-37.27295,-26.14468,32.71961
49.099411488,-41.50612,-18.8105,-14.13439,0.6976703,0.05074487,-0.5046353,-37.27295,-26.14468,32.71961
49.109408855,-37.75259,-14.29972,-12.54915,0.7611295,-0.06100393,-0.5865537,-37.27295,-26.14468,32.71961
49.119406223,-27.47654,-8.89865800000003,-13.52468,0.8326492,-0.1601993,-0.6416889,-36.50774,-26.89976,32.72923
49.129404068,-10.43183,-4.387877,-15.59769,0.9286382,-0.2381947,-0.6633722,-36.50774,-26.89976,32.72923
49.139401436,12.52006,-0.5299737,-20.29244,0.9835421,-0.2811815,-0.6471852,-36.50774,-26.89976,32.72923
49.149398804,36.64109,0.775778400000001,-24.62136,1.071238,-0.2796979,-0.6214954,-36.50774,-26.89976,32.72923
49.159396648,58.1777200000003,3.684045,-27.12116,1.171323,-0.2106421,-0.5666514,-36.50774,-26.89976,32.72923
49.169394016,71.0381599999997,5.702025,-29.92582,1.205005,-0.1595465,-0.4724438,-35.37734,-27.26841,33.1266
49.179391384,82.4218100000001,4.218216,-31.93785,1.263507,-0.04715217,-1.113388,-35.37734,-27.26841,33.1266
49.189389229,109.681,-84.3355200000001,-28.76737,1.623753,-0.6170528,-1.825512,-35.37734,-27.26841,33.1266
49.199386597,127.3411,-142.7383,-4.561981,2.068769,-0.276697,-1.438729,-35.37734,-27.26841,33.1266
49.209383965,93.0670599999998,-126.7131,-25.77981,1.760569,-0.03762582,-0.6691813,-35.37734,-27.26841,33.1266
49.219381809,56.33172,-112.5872,-20.90215,1.540077,0.2351333,0.4055361,-34.64278,-26.86881,34.74265
49.229379177,54.97799,-80.8930799999997,-16.57322,1.714438,0.4925556,1.181895,-34.64278,-26.86881,34.74265
49.239376545,7.04360400000002,-46.40936,-14.37827,1.640298,0.6107833,0.5622376,-34.64278,-26.86881,34.74265
49.24937439,-62.3043500000001,-48.96151,-7.79343099999999,1.700927,0.05917406,-0.3178274,-34.64278,-26.86881,34.74265
49.259371758,-74.7955900000002,-50.68272,-6.87886999999998,1.58729,-0.4937138,-0.8554065,-34.64278,-26.86881,34.74265
49.269369125,-30.98393,-33.11442,-11.8175,1.560352,-0.6426731,-0.8787714,-30.20164,-24.96235,38.82973
49.27936697,32.21069,-15.72418,-14.98798,1.436004,-0.1872127,-0.4900681,-30.20164,-24.96235,38.82973
49.289364338,75.9608200000001,-9.19541899999997,-12.18333,1.537687,0.1931365,-0.1419399,-30.20164,-24.96235,38.82973
49.299361706,71.2227600000002,-1.360907,-14.7441,1.578814,0.4912512,-0.2583824,-30.20164,-24.96235,38.82973
49.309359551,55.10106,1.07254,-22.06059,1.570131,0.4580601,-0.3617311,-27.61862,-26.02081,38.85448
49.319356918,51.77826,2.853111,-25.10913,1.372051,0.3679999,-0.3230765,-27.61862,-26.02081,38.85448
49.329354286,49.68613,3.268578,-26.45049,1.204399,0.4209647,-0.332848,-27.61862,-26.02081,38.85448
49.339352131,43.34821,4.514977,-23.64583,1.105924,0.3962886,-0.3738275,-27.61862,-26.02081,38.85448
49.349349499,33.25676,5.523968,-16.02448,0.9639773,0.4034784,-0.3965535,-27.61862,-26.02081,38.85448
49.359346867,19.35025,6.23619700000001,-7.54954800000001,0.8774331,0.4713898,-0.3820629,-27.2791,-24.55016,40.01049
49.369344711,2.674744,7.12648200000003,-1.208589,0.858401,0.4458228,-0.4265307,-27.2791,-24.55016,40.01049
49.379342079,-7.90897099999997,8.610291,2.510627,0.9066302,0.3420613,-0.4524312,-27.2791,-24.55016,40.01049
49.389339447,-7.78590499999999,10.86568,3.973926,0.9613464,0.2309206,-0.4491479,-27.2791,-24.55016,40.01049
49.399337292,-1.386449,13.41783,5.559165,0.9868525,0.1445857,-0.4333771,-27.2791,-24.55016,40.01049
49.40933466,5.505273,16.3261,8.18090799999998,0.9954324,0.1030125,-0.428117,-26.8948,-24.93097,39.6283
49.419332028,8.76653499999999,19.29372,11.1075,1.001736,0.1045334,-0.4348285,-26.8948,-24.93097,39.6283
49.429330349,7.65893599999998,22.32069,13.11954,0.9886663,0.1255645,-0.4448612,-26.8948,-24.93097,39.6283
49.43932724,3.043944,24.99154,14.52187,0.975958,0.1534542,-0.449632,-26.8948,-24.93097,39.6283
49.449324608,-3.355512,27.78111,15.80225,0.9516,0.1536607,-0.4275751,-26.8948,-24.93097,39.6283
49.459322929,-10.0011,29.97714,16.83875,0.9682987,0.1474813,-0.395538,-28.03306,-24.18196,39.2289
49.469319821,-14.92376,31.99512,17.69235,1.014165,0.1454421,-0.3458456,-28.03306,-24.18196,39.2289
49.479317188,-18.80035,33.06347,17.75332,1.068279,0.1191678,-0.3071685,-28.03306,-24.18196,39.2289
49.48931551,-19.35415,33.8944,17.5704,1.090219,0.06739596,-0.2770431,-28.03306,-24.18196,39.2289
49.499312878,-17.50816,34.42857,18.18011,1.054633,0.01612866,-0.2798393,-28.03306,-24.18196,39.2289
49.509309769,-14.98529,35.02209,19.0337,1.00905,0.00388033,-0.2984211,-28.42772,-23.05079,38.38153
49.51930809,-13.93923,35.37821,18.97273,0.9825828,0.01214385,-0.29407,-28.42772,-23.05079,38.38153
49.529305458,-15.04683,35.97173,17.9972,0.9812212,0.007525103,-0.2648732,-28.42772,-23.05079,38.38153
49.539302826,-16.03136,36.50591,16.65584,0.9799516,-0.001933696,-0.2337611,-28.42772,-23.05079,38.38153
49.549300671,-16.64669,36.80267,15.74128,0.9762818,-0.01418544,-0.2371016,-28.42772,-23.05079,38.38153
49.559298039,-18.18502,36.26849,15.25352,0.9641404,-0.01637347,-0.2375585,-29.46869,-23.82928,37.2167
49.569295406,-20.40022,35.08145,14.39993,0.9739506,-0.01945404,-0.2236961,-29.46869,-23.82928,37.2167
49.579293251,-20.33868,34.30987,13.05857,0.9798197,-0.04577976,-0.1925921,-29.46869,-23.82928,37.2167
49.589290619,-18.18502,33.59764,12.50983,0.998668,-0.06259421,-0.1591203,-29.46869,-23.82928,37.2167
49.599287987,-14.30843,32.11383,12.26595,0.995989,-0.07507985,-0.1370979,-29.46869,-23.82928,37.2167
49.609285832,-8.83197000000002,31.04549,12.26595,0.9745653,-0.05034821,-0.1495099,-31.33087,-24.23078,36.36632
49.619283199,-7.41670600000002,29.08686,11.83915,0.9576079,-0.02912196,-0.1298642,-31.33087,-24.23078,36.36632
49.629280567,-8.093571,26.35665,11.29042,0.9739229,0.011495,-0.08108834,-31.33087,-24.23078,36.36632
49.639278412,-9.07810300000001,22.91421,11.16848,1.019101,0.02011535,-0.03331171,-31.33087,-24.23078,36.36632
49.64927578,-10.24723,19.82789,11.47333,1.032603,0.02844229,-0.002229955,-31.33087,-24.23078,36.36632
49.659273148,-12.46243,16.20739,12.02207,0.9946704,0.02422108,-0.009819958,-33.20709,-23.87484,35.12488
49.669270992,-15.72369,12.34949,11.59527,0.9597241,-0.009759023,-0.03655054,-33.20709,-23.87484,35.12488
49.67926836,-17.07742,9.08511,10.92459,0.9617264,-0.06549404,-0.07769722,-33.20709,-23.87484,35.12488
49.689265728,-14.92376,6.71101499999999,10.61974,0.9705895,-0.09724288,-0.1145549,-33.20709,-23.87484,35.12488
49.699263573,-12.4009,4.930444,10.13197,0.9791401,-0.0853587,-0.1088299,-33.20709,-23.87484,35.12488
49.70926094,-10.61643,3.149873,9.09546899999999,0.977537,-0.05184287,-0.1069214,-33.56692,-24.27163,33.51162
49.719258308,-9.324236,1.666064,8.05896700000001,0.963721,-0.0429926,-0.118864,-33.56692,-24.27163,33.51162
49.729256153,-9.44730199999998,0.06354995,7.08343500000003,0.9762762,-0.03691763,-0.1193661,-33.56692,-24.27163,33.51162
49.739253521,-9.81650199999998,-1.479612,6.29081499999999,0.9873339,-0.02891972,-0.1189088,-33.56692,-24.27163,33.51162
49.749250889,-9.69343500000003,-3.319535,6.16887299999999,0.9950547,-0.02487526,-0.1184447,-33.56692,-24.27163,33.51162
49.759248733,-9.07810300000001,-4.625287,6.22984400000002,0.9944457,-0.01867533,-0.1299311,-34.3122,-24.65052,34.34659
49.769246101,-7.90897099999997,-5.81233500000002,5.98596099999998,0.9982476,-0.01385923,-0.1428605,-34.3122,-24.65052,34.34659
49.779243469,-7.10903899999999,-6.88067700000001,5.559165,1.001501,-0.005564644,-0.1462184,-34.3122,-24.65052,34.34659
49.789241314,-7.10903899999999,-7.59290600000003,5.193341,1.007813,-0.004529458,-0.1529297,-34.3122,-24.65052,34.34659
49.799238682,-6.92443900000002,-8.00837199999998,5.0714,1.010815,-0.008931352,-0.1625053,-34.3122,-24.65052,34.34659
49.80923605,-6.80137299999998,-8.067724,4.766546,0.985276,0.0009740487,-0.1930922,-33.93746,-24.64771,34.34937
49.819233894,-8.21663800000001,-8.72059999999997,4.33975,0.9639186,-0.00403193,-0.2160254,-33.93746,-24.64771,34.34937
49.829231262,-9.93956800000001,-9.25477200000002,3.669072,0.9694508,-0.01313798,-0.2141183,-33.93746,-24.64771,34.34937
49.83922863,-11.04717,-9.61088600000001,3.303247,0.9773756,-0.01967931,-0.2026447,-33.93746,-24.64771,34.34937
49.849226475,-11.97016,-9.90764799999999,2.815481,0.9829562,-0.03112199,-0.190687,-33.93746,-24.64771,34.34937
49.859223843,-12.9547,-10.61988,2.69354,1.010222,-0.02941402,-0.1691991,-34.30434,-25.03088,34.34862
49.86922121,-13.93923,-10.73858,2.510627,1.034615,-0.03085393,-0.1668483,-34.30434,-25.03088,34.34862
49.879219532,-13.81616,-10.73858,2.571598,1.03758,-0.03331278,-0.1764244,-34.30434,-25.03088,34.34862
49.889216423,-13.26236,-10.97599,1.90092,1.023714,-0.04783696,-0.1936252,-34.30434,-25.03088,34.34862
49.899213791,-13.20083,-10.85729,1.047329,1.00983,-0.06135011,-0.2065191,-33.93746,-24.64771,34.34937
49.909212112,-12.2163,-10.73858,0.1937385,1.002125,-0.06645827,-0.217033,-33.93746,-24.64771,34.34937
49.919209003,-10.49337,-10.73858,-0.4769399,1.00449,-0.06244066,-0.2079452,-33.93746,-24.64771,34.34937
49.929206371,-8.89350299999999,-10.32311,-1.147618,1.017976,-0.05384741,-0.2007923,-33.93746,-24.64771,34.34937
49.939204693,-7.17057299999998,-10.32311,-1.574414,0.9991718,-0.0387346,-0.2079421,-33.93746,-24.64771,34.34937
49.949202061,-6.43217400000002,-10.38247,-1.391501,1.002589,-0.01356042,-0.2256618,-33.55486,-25.02526,34.35418
49.959198952,-7.41670600000002,-10.02635,-1.574414,1.013943,0.004678835,-0.2218577,-33.55486,-25.02526,34.35418
49.969197273,-9.508835,-10.20441,-1.879267,1.01325,0.01596023,-0.2089379,-33.55486,-25.02526,34.35418
49.979194641,-11.23177,-10.14506,-2.245092,1.00425,0.002149724,-0.2117901,-33.55486,-25.02526,34.35418
49.991691113,-9.878035,-9.848295,-2.001209,0.9911553,-0.02734443,-0.220374,-33.55486,-25.02526,34.35418
49.999189854,-8.40123700000001,-9.96700000000001,-1.696355,0.9863362,-0.03044302,-0.2299363,-33.55486,-25.02526,34.35418
50.009187222,-6.49370699999998,-9.848295,-1.086647,0.9884354,-0.01238222,-0.2256375,-33.55486,-25.02526,34.35418
50.019184589,-5.75530800000001,-8.95800999999999,-1.025677,0.9947892,0.01251317,-0.2270907,-33.55486,-25.02526,34.35418
50.029182434,-5.263042,-8.77995300000002,-0.903735200000002,0.9912708,0.01753021,-0.2553218,-33.55486,-25.02526,34.35418
50.041678905,-6.06297400000002,-8.83930499999998,0.0717969800000001,0.9952375,0.01362016,-0.266335,-33.55486,-25.02526,34.35418
50.051676273,-7.232106,-8.83930499999998,0.620533899999998,1.001317,0.02743437,-0.2567776,-32.8009,-25.39345,35.13577
50.061674118,-7.90897099999997,-8.77995300000002,1.778978,0.9948788,0.03324373,-0.2452821,-32.8009,-25.39345,35.13577
50.071671486,-8.64737,-8.364487,1.839949,0.9933744,0.03572707,-0.2361871,-32.8009,-25.39345,35.13577
50.07916975,-9.44730199999998,-7.94901899999999,2.144803,0.9935547,0.02594161,-0.2438422,-32.8009,-25.39345,35.13577
50.091666698,-10.61643,-7.236791,2.449656,0.9995953,0.01519918,-0.2625144,-32.8009,-25.39345,35.13577
50.099164963,-10.9241,-6.88067700000001,2.632569,0.9963397,0.006847531,-0.265378,-32.41791,-25.71087,34.75324
50.111661434,-11.23177,-6.10909600000003,2.632569,1.001342,0.0002616206,-0.2524635,-32.41791,-25.71087,34.75324
50.121659756,-10.43183,-5.87168699999998,2.75451,0.9918392,-0.01250359,-0.2462222,-32.41791,-25.71087,34.75324
50.131656647,-8.83197000000002,-5.515573,2.815481,0.9871035,-0.01993014,-0.2509977,-32.41791,-25.71087,34.75324
50.141654015,-7.724371,-5.218811,2.998394,0.9933808,-0.01690364,-0.2524452,-32.41791,-25.71087,34.75324
50.151652336,-7.60130500000002,-5.159458,2.815481,1.004487,-0.01123357,-0.2409802,-32.43232,-25.01355,34.74953
50.161649227,-8.093571,-5.100106,2.75451,0.9831997,-0.01945553,-0.2438124,-32.43232,-25.01355,34.74953
50.171646595,-7.90897099999997,-5.159458,2.69354,0.9829327,-0.03108831,-0.2399803,-32.43232,-25.01355,34.74953
50.181644917,-7.10903899999999,-5.45622,2.632569,0.9795392,-0.03218865,-0.2466742,-32.43232,-25.01355,34.74953
50.191642284,-6.55523999999999,-5.45622,2.327715,0.9873978,-0.03540428,-0.243337,-32.43232,-25.01355,34.74953
50.201639175,-6.24757399999999,-5.45622,1.718008,0.9981751,-0.03868506,-0.2534051,-32.05338,-25.38401,35.59284
50.211637497,-5.263042,-4.803344,0.681504599999997,0.9919345,-0.04365022,-0.2514786,-32.05338,-25.38401,35.59284
50.221634865,-3.909311,-4.328525,0.01082622,0.9953166,-0.04213434,-0.2524421,-32.05338,-25.38401,35.59284
50.231631756,-2.863246,-4.091116,-0.4159691,0.9933965,-0.0435994,-0.2490883,-32.05338,-25.38401,35.59284
50.241630077,-1.817181,-3.913059,-0.659852100000001,0.9937001,-0.03390528,-0.2524413,-32.05338,-25.38401,35.59284
50.251627445,-1.263382,-3.556944,-1.330531,0.9991133,-0.0367096,-0.2519715,-32.04485,-25.70478,35.14303
50.261624813,-0.894183000000003,-3.43824,-1.635384,0.9896082,-0.02389101,-0.2644012,-32.04485,-25.70478,35.14303
50.271622658,-0.586516899999998,-3.378887,-1.757326,0.9893993,-0.01268778,-0.2610537,-32.04485,-25.70478,35.14303
50.281620026,-0.955716300000001,-3.20083,-2.06218,0.9916883,-0.004885034,-0.262974,-32.04485,-25.70478,35.14303
50.291617394,-1.632582,-2.785364,-2.245092,0.9863299,-0.004995285,-0.2634432,-32.04485,-25.70478,35.14303
50.301615238,-1.940248,-2.844716,-2.06218,0.9859349,-0.009836187,-0.2605698,-31.67011,-25.70197,35.14581
50.311612606,-1.201849,-2.310545,-2.610917,0.9766972,-0.01102129,-0.2639034,-31.67011,-25.70197,35.14581
50.321609974,0.2134152,-2.013783,-2.610917,0.9768752,-0.02087696,-0.2792156,-31.67011,-25.70197,35.14581
50.331607819,1.505613,-2.19184,-2.428004,0.9848914,-0.006626282,-0.2792333,-31.67011,-25.70197,35.14581
50.341605187,1.690213,-1.717021,-2.610917,0.993609,-0.003402421,-0.2644134,-32.03699,-26.08514,35.14505
50.351602554,1.874812,-1.479612,-2.8548,0.9878658,-0.008804224,-0.2581806,-32.03699,-26.08514,35.14505
50.361600399,2.674744,-1.360907,-2.732858,0.9942271,-0.01009251,-0.2534056,-32.03699,-26.08514,35.14505
50.371597767,3.35161,-1.064145,-2.8548,0.9877217,-0.0009749832,-0.2519608,-32.03699,-26.08514,35.14505
50.381595135,3.228544,-1.301555,-2.671887,0.986638,0.004834906,-0.2519605,-32.03699,-26.08514,35.14505
50.39159298,2.613211,-1.123497,-2.245092,0.9805545,0.01731849,-0.2553031,-31.66422,-26.07852,35.59933
50.401590347,1.567146,-1.242202,-2.123151,0.9899293,0.01122156,-0.2514893,-31.66422,-26.07852,35.59933
50.411588192,0.5826145,-1.420259,-1.818297,0.9976084,0.01781334,-0.2381042,-31.66422,-26.07852,35.59933
50.42158556,-0.0942510000000003,-1.420259,-2.001209,0.9948565,0.00844712,-0.2467113,-31.66422,-26.07852,35.59933
50.431582928,-0.2173175,-1.004793,-1.757326,0.9901732,-0.001968612,-0.259622,-31.66422,-26.07852,35.59933
50.441580773,-0.2788507,-1.123497,-1.452472,0.9912284,-0.006356331,-0.2634514,-31.66592,-26.07525,35.98634
50.45157814,-0.03271778,-0.886087999999999,-1.147618,0.9896224,0.00142648,-0.2591434,-31.66592,-26.07525,35.98634
50.461575508,-0.0942510000000003,-0.9454404,-1.26956,0.9916095,-0.0004122315,-0.2519678,-31.66592,-26.07525,35.98634
50.471573353,-0.0942510000000003,-0.767383199999997,-1.147618,0.988724,-0.002391072,-0.2495693,-31.66592,-26.07525,35.98634
50.481570721,0.3364816,-0.708030899999999,-1.330531,0.9834068,-0.005066196,-0.2648738,-31.66592,-26.07525,35.98634
50.491568089,1.07488,-0.589326100000003,-1.452472,0.9844781,-0.01049566,-0.2763601,-31.66422,-26.07852,35.59933
50.501565933,1.25948,-0.4706214,-1.26956,0.9887828,-0.005949412,-0.2667972,-31.66422,-26.07852,35.59933
50.511563301,0.644147799999998,-0.05515479,-1.086647,0.9911284,-0.001004179,-0.2624954,-31.66422,-26.07852,35.59933
50.521560669,0.767214200000001,-0.05515479,-1.26956,0.9898396,-0.01028885,-0.2653623,-31.66422,-26.07852,35.59933
50.531558991,0.5826145,0.004197581,-1.330531,0.9902703,-0.007417327,-0.2711067,-31.66422,-26.07852,35.59933
50.541555882,-0.0942510000000003,0.004197581,-1.574414,0.9891708,-0.0005569127,-0.2624921,-32.02913,-26.4655,35.14708
50.551553249,-0.6480501,0.716426,-1.879267,0.9888209,-0.007844177,-0.2615325,-32.02913,-26.4655,35.14708
50.561551571,-0.3403839,0.953835399999999,-2.123151,0.9879271,-0.01228356,-0.2667941,-32.02913,-26.4655,35.14708
50.571548939,0.4595481,1.131893,-2.367033,0.9938248,-0.01515725,-0.2749395,-32.02913,-26.4655,35.14708
50.58154583,1.44408,1.428654,-2.428004,0.9908746,-0.0137621,-0.2754132,-32.02913,-26.4655,35.14708
50.591544151,1.751746,1.606712,-2.367033,0.9863293,-0.005017231,-0.2658361,-30.91474,-26.07289,35.6049
50.601541519,1.321013,1.784769,-2.306063,0.9870779,0.007225054,-0.2572262,-30.91474,-26.07289,35.6049
50.61153841,1.013347,2.200235,-2.367033,0.9823166,0.001308458,-0.2562592,-30.91474,-26.07289,35.6049
50.621536732,0.951813900000003,2.496997,-2.793829,0.9808071,0.003629389,-0.2648715,-30.91474,-26.07289,35.6049
50.631534099,1.013347,2.734407,-2.793829,0.9906109,0.0003513095,-0.272545,-30.91474,-26.07289,35.6049
50.641531467,0.8287475,2.853111,-2.732858,0.9953104,0.009729682,-0.2668127,-31.66225,-26.08233,35.14783
50.651529312,0.1518819,3.149873,-2.793829,0.9967678,0.01040671,-0.2491081,-31.66225,-26.08233,35.14783
50.66152668,-0.2788507,3.031168,-2.671887,0.9885703,0.005910762,-0.2447855,-31.66225,-26.08233,35.14783
50.671524048,-0.03271778,3.090521,-2.549946,0.9886785,4.212442e-05,-0.2490913,-31.66225,-26.08233,35.14783
50.681521892,0.4595481,3.209226,-2.245092,0.9890457,0.00632714,-0.2534008,-31.66225,-26.08233,35.14783
50.69151926,-0.2788507,3.090521,-2.001209,0.9893509,0.01606955,-0.2514895,-31.65467,-26.46214,35.21436
50.701516628,-0.709583300000001,3.031168,-2.184121,0.9884212,0.01358638,-0.2553158,-31.65467,-26.46214,35.21436
50.711514473,-0.832649800000001,2.912464,-2.306063,0.9822009,0.00771553,-0.2462106,-31.65467,-26.46214,35.21436
50.721511841,-0.3403839,2.912464,-2.001209,0.9862347,0.0005104882,-0.2457372,-31.65467,-26.46214,35.21436
50.731509209,0.890280700000001,2.615702,-1.940238,0.9799032,0.0004117149,-0.2428546,-31.65467,-26.46214,35.21436
50.741507053,1.751746,2.496997,-1.330531,0.9875326,0.009305011,-0.2433488,-32.02744,-26.46877,34.76008
50.751504421,1.813279,2.378292,-1.086647,0.9934208,0.0333202,-0.2337937,-32.02744,-26.46877,34.76008
50.761501789,0.644147799999998,2.022178,-0.4769399,0.9839192,0.04624852,-0.2342591,-32.02744,-26.46877,34.76008
50.771499634,-0.955716300000001,1.428654,0.0717969800000001,0.9813815,0.05148672,-0.2404775,-32.02744,-26.46877,34.76008
50.781497002,-2.55558,1.369302,0.4985923,0.98785,0.04430346,-0.2428798,-32.02744,-26.46877,34.76008
50.791494369,-3.232446,1.30995,0.620533899999998,0.9856409,0.03205864,-0.2486157,-31.27207,-26.83968,35.21917
50.801492214,-3.047846,1.131893,1.169271,0.9823033,0.02807885,-0.2514803,-31.27207,-26.83968,35.21917
50.811489582,-2.863246,1.07254,1.535095,0.9908327,0.01519712,-0.2438346,-31.27207,-26.83968,35.21917
50.82148695,-2.309447,1.013188,2.022861,0.9942439,0.01530838,-0.2390548,-31.27207,-26.83968,35.21917
50.831484795,-1.447982,0.8351307,2.327715,0.9894921,0.008919192,-0.236652,-31.27207,-26.83968,35.21917
50.841482162,-0.832649800000001,1.013188,2.571598,0.988615,0.00345562,-0.2476563,-32.02913,-26.4655,35.14708
50.851480007,-0.5249836,0.597721199999998,2.571598,0.9841856,0.005802201,-0.2471706,-32.02913,-26.4655,35.14708
50.861477375,-0.709583300000001,0.5383689,3.303247,0.9855828,0.009222623,-0.2481311,-32.02913,-26.4655,35.14708
50.871474743,-1.817181,-0.1738595,3.730042,0.9806039,0.01500819,-0.242381,-32.02913,-26.4655,35.14708
50.881472588,-3.663178,0.1822547,3.608101,0.989878,0.01424586,-0.2395255,-31.63528,-27.22993,34.37991
50.891469955,-4.524643,0.5383689,3.54713,0.9904112,0.01183984,-0.2380901,-31.63528,-27.22993,34.37991
50.901467323,-5.386109,0.1822547,3.791013,0.9847829,9.025447e-06,-0.2442988,-31.63528,-27.22993,34.37991
50.911465645,-5.447642,0.3009594,3.54713,0.9946049,-0.004244966,-0.2524506,-31.63528,-27.22993,34.37991
50.921462536,-5.324575,0.2416071,3.425189,0.9911813,-0.003204747,-0.237609,-31.63528,-27.22993,34.37991
50.931459904,-5.386109,-0.2925643,3.425189,0.9940016,0.002134922,-0.2443154,-31.6527,-26.46595,34.76286
50.941458225,-5.693775,-0.2925643,3.669072,0.99212,-0.00121173,-0.2342611,-31.6527,-26.46595,34.76286
50.951455116,-5.509175,-0.411269,3.608101,0.9851412,0.006779803,-0.2486083,-31.6527,-26.46595,34.76286
50.961452484,-6.06297400000002,-0.708030899999999,3.364218,0.9901284,0.0004865278,-0.2567512,-31.6527,-26.46595,34.76286
50.971450806,-6.001441,-0.4706214,2.998394,0.9911313,-0.000912006,-0.2524454,-31.6527,-26.46595,34.76286
50.981448174,-5.570708,-0.767383199999997,3.120335,0.9926473,-0.003797702,-0.2524473,-32.01171,-27.22948,34.76414
50.991445065,-5.078443,-0.589326100000003,2.998394,0.9995494,-0.008021649,-0.2510225,-32.01171,-27.22948,34.76414
51.001443386,-4.524643,-0.5299737,2.876452,0.9922442,-0.008122116,-0.246224,-32.01171,-27.22948,34.76414
51.011440754,-4.401577,-0.2332119,2.69354,0.9873434,-0.006831301,-0.253873,-32.01171,-27.22948,34.76414
51.021437645,-4.155444,-0.2925643,2.632569,0.9868379,-0.005878177,-0.2548295,-32.01171,-27.22948,34.76414
51.031435966,-3.847778,-0.1145072,2.388686,0.9857368,0.0009339568,-0.2514793,-32.02941,-26.46495,35.21158
51.041433334,-4.216978,-0.2332119,2.022861,0.9877124,-0.0004936112,-0.2524395,-32.02941,-26.46495,35.21158
51.051430702,-4.032378,-0.2925643,1.657037,0.9859121,-0.008238448,-0.2452558,-32.02941,-26.46495,35.21158
51.061428547,-3.786245,-0.2332119,1.413154,0.9903684,-0.01205548,-0.2471768,-32.02941,-26.46495,35.21158
51.071425915,-3.047846,-0.411269,1.1083,0.9894214,-0.0135364,-0.2476534,-32.02941,-26.46495,35.21158
51.081423283,-2.370981,-0.886087999999999,0.925387699999998,0.9854596,-0.01024818,-0.2514759,-32.39629,-26.84812,35.21083
51.091421127,-1.878715,-0.767383199999997,0.681504599999997,0.9870032,-0.01458677,-0.2509989,-32.39629,-26.84812,35.21083
51.101418495,-1.386449,-0.826735599999998,0.4376215,0.9914405,-0.01745861,-0.2557917,-32.39629,-26.84812,35.21083
51.111415863,-0.4019172,-0.648678499999998,0.31568,0.9943463,-0.01638546,-0.2510113,-32.39629,-26.84812,35.21083
51.121413708,0.0903486900000002,-0.4706214,0.1327677,0.984947,-0.008743457,-0.245254,-32.39629,-26.84812,35.21083
51.131411076,-0.3403839,-0.411269,-0.2330568,0.9828681,-0.002064689,-0.254345,-32.02127,-26.84585,35.14911
51.141408443,-0.4634504,-0.767383199999997,-0.4159691,0.9869667,-0.01264372,-0.2509994,-32.02127,-26.84585,35.14911
51.151406288,-0.1557842,-0.589326100000003,-0.5379106,0.9907913,-0.008658696,-0.2486142,-32.02127,-26.84585,35.14911
51.161403656,0.3364816,-0.4706214,-0.720822899999998,0.995571,-0.003709235,-0.2491024,-32.02127,-26.84585,35.14911
51.171401501,-0.03271778,-0.3519166,-1.086647,0.9925114,0.003515054,-0.2495774,-32.02127,-26.84585,35.14911
51.181398869,-0.4019172,-0.1738595,-1.086647,0.9921787,-0.00477007,-0.251489,-31.64653,-26.84304,35.15189
51.191396236,0.02881546,-0.2925643,-1.147618,0.9932078,-0.007665392,-0.2514901,-31.64653,-26.84304,35.15189
51.201394081,0.767214200000001,-0.1145072,-1.330531,0.9860083,-0.01370911,-0.2591332,-31.64653,-26.84304,35.15189
51.211391449,1.690213,-0.2925643,-1.208589,0.9942275,-0.01007934,-0.2519698,-31.64653,-26.84304,35.15189
51.221388817,1.813279,0.004197581,-1.208589,0.9940535,-0.0008674297,-0.2538862,-31.64653,-26.84304,35.15189
51.231386662,1.751746,0.004197581,-1.086647,0.9914531,0.007806209,-0.2562768,-32.02155,-26.84531,35.21361
51.241384029,1.382547,0.1822547,-0.903735200000002,0.987429,0.01454743,-0.2543572,-32.02155,-26.84531,35.21361
51.251381397,0.2749484,0.3009594,-0.964705900000002,0.994094,0.02295767,-0.2524567,-32.02155,-26.84531,35.21361
51.261379242,-0.5249836,0.4196641,-0.659852100000001,0.9868511,0.01940859,-0.2529217,-32.02155,-26.84531,35.21361
51.27137661,-1.140316,0.1822547,-0.4769399,0.9902968,0.01751536,-0.2548416,-32.02155,-26.84531,35.21361
51.281373978,-1.632582,0.3603118,-0.2330568,0.9875208,0.009707376,-0.2524418,-32.01171,-27.22948,34.76414
51.291371822,-1.201849,0.3009594,-0.05014454,0.9915932,0.0006251282,-0.2447894,-32.01171,-27.22948,34.76414
51.30136919,-0.2788507,0.2416071,-0.05014454,0.9882916,-0.005315265,-0.2495678,-32.01171,-27.22948,34.76414
51.311366558,0.4595481,0.1229023,0.1327677,0.9897448,-0.004769908,-0.2462205,-32.01171,-27.22948,34.76414
51.32136488,0.705681,0.3603118,0.1937385,0.9882094,-0.0009478021,-0.2500474,-32.01171,-27.22948,34.76414
51.331361771,0.4595481,0.3603118,0.1937385,0.9821711,0.009093809,-0.2548252,-32.02574,-26.47203,34.37308
51.341359139,-0.7711166,-0.05515479,0.2547093,0.9861343,0.005849475,-0.2462169,-32.02574,-26.47203,34.37308
51.35135746,-1.201849,-0.05515479,0.1327677,0.9890751,0.004931305,-0.2467004,-32.02574,-26.47203,34.37308
51.361354351,-1.324916,-0.05515479,-0.1111153,0.9864268,-0.009677331,-0.2442991,-32.02574,-26.47203,34.37308
51.371351719,-1.017249,-0.2925643,-0.2940276,0.9903867,-0.013027,-0.2471766,-32.02574,-26.47203,34.37308
51.381350041,-0.3403839,0.06354995,-0.1720861,0.9929239,-0.01828276,-0.2428725,-31.64483,-26.84631,34.76489
51.391347408,0.2749484,-0.05515479,-0.1720861,0.997134,-0.008984236,-0.2447965,-31.64483,-26.84631,34.76489
51.401344299,0.644147799999998,0.06354995,-0.3549984,0.986298,-0.002911785,-0.2481292,-31.64483,-26.84631,34.76489
51.411342621,0.3364816,0.004197581,-0.4769399,0.9882023,-0.0003962037,-0.2428689,-31.64483,-26.84631,34.76489
51.421339989,0.0903486900000002,-0.3519166,-0.5379106,0.9809483,-0.003520964,-0.2500341,-31.64483,-26.84631,34.76489
51.431337834,-0.3403839,-0.3519166,-0.7817937,0.9882348,-0.002466534,-0.2567471,-31.27795,-26.46314,34.76564
51.441335201,-0.1557842,-0.2925643,-0.720822899999998,0.9912153,-0.005222409,-0.2457444,-31.27795,-26.46314,34.76564
51.451332569,0.1518819,-0.589326100000003,-0.659852100000001,0.9917026,-0.005208396,-0.2452666,-31.27795,-26.46314,34.76564
51.461330414,0.5210813,-0.4706214,-0.5379106,0.9887975,-0.006259606,-0.2476542,-31.27795,-26.46314,34.76564
51.471327782,1.013347,-0.3519166,-0.659852100000001,0.9857895,-0.002046449,-0.2586573,-32.01958,-26.84912,34.76211
51.48132515,0.890280700000001,-0.589326100000003,-0.598881400000002,0.9925388,0.00205777,-0.2495771,-32.01958,-26.84912,34.76211
51.491322994,0.644147799999998,-0.411269,-0.720822899999998,0.9861146,0.006777105,-0.2510029,-32.01958,-26.84912,34.76211
51.501320362,0.2749484,-0.2925643,-0.5379106,0.9928727,0.01038678,-0.2428798,-32.01958,-26.84912,34.76211
51.51131773,-0.1557842,-0.411269,-0.4769399,0.9869704,0.01311564,-0.2505274,-32.01958,-26.84912,34.76211
51.521315575,-0.5249836,-0.2332119,-0.4769399,0.9900664,0.003943916,-0.2505305,-31.6527,-26.46595,34.76286
51.531312943,-0.4019172,-0.05515479,-0.5379106,0.9940907,-0.002788528,-0.2514929,-31.6527,-26.46595,34.76286
51.54131031,0.02881546,0.004197581,-0.3549984,0.9910954,0.001048597,-0.2505315,-31.6527,-26.46595,34.76286
51.551308155,0.644147799999998,-0.2925643,-0.2330568,0.9900656,0.003917581,-0.2534019,-31.6527,-26.46595,34.76286
51.561305523,0.705681,-0.1145072,-0.3549984,0.9954414,0.003034364,-0.2553253,-31.6527,-26.46595,34.76286
51.571302891,0.4595481,-0.1145072,0.01082622,0.9919696,0.006424387,-0.2490987,-31.27626,-26.46641,34.37864
51.581300736,0.2134152,0.1229023,-0.2330568,0.9890732,0.004874245,-0.2529219,-31.27626,-26.46641,34.37864
51.591298103,0.02881546,-0.1738595,-0.2330568,0.9866933,0.001937895,-0.2500455,-31.27626,-26.46641,34.37864
51.601295471,0.3364816,0.004197581,-0.1720861,0.9890829,0.004406041,-0.2510074,-31.27626,-26.46641,34.37864
51.611293316,0.4595481,0.2416071,-0.3549984,0.9897158,-0.003365293,-0.2519637,-31.27626,-26.46641,34.37864
51.621290684,0.5826145,0.2416071,-0.3549984,0.9910492,0.003459846,-0.2524464,-31.26053,-27.22712,34.3827
51.631288052,0.5826145,0.4196641,-0.2940276,0.9891179,0.002414715,-0.2562713,-31.26053,-27.22712,34.3827
51.641285896,0.4595481,0.5383689,-0.4159691,0.991681,-0.004342212,-0.2567526,-31.26053,-27.22712,34.3827
51.651283264,0.705681,0.3603118,-0.3549984,0.9848605,-0.004507668,-0.2600907,-31.26053,-27.22712,34.3827
51.661281586,1.07488,0.3009594,-0.4769399,0.9819582,-0.005471099,-0.2529068,-31.26053,-27.22712,34.3827
51.671278477,1.567146,0.3009594,-0.598881400000002,0.9905887,0.001970994,-0.254838,-32.02155,-26.84531,35.21361
51.681275844,1.25948,0.1229023,-0.7817937,0.9882637,-0.003875538,-0.2514825,-32.02155,-26.84531,35.21361
51.691274166,1.136414,0.1822547,-1.086647,0.9872711,-0.002927652,-0.2519596,-32.02155,-26.84531,35.21361
51.701271534,1.25948,0.1822547,-1.26956,0.9887418,-0.003375762,-0.2510048,-32.02155,-26.84531,35.21361
51.711268425,1.25948,0.06354995,-1.452472,0.9951026,-0.004672825,-0.247187,-32.02155,-26.84531,35.21361
51.721266746,1.382547,0.3603118,-1.574414,0.9965817,-0.005633031,-0.2491036,-32.39262,-26.85521,34.37233
51.731264114,1.382547,0.4790165,-1.574414,0.9945239,0.0001619996,-0.248623,-32.39262,-26.85521,34.37233
51.741261005,1.321013,0.2416071,-1.757326,0.9838261,-0.001012471,-0.2476469,-32.39262,-26.85521,34.37233
51.751259327,1.25948,0.06354995,-1.513443,0.9833453,-0.00159564,-0.2572174,-32.39262,-26.85521,34.37233
