Time (s),Gyroscope X (deg/s),Gyroscope Y (deg/s),Gyroscope Z (deg/s),Accelerometer X (g),Accelerometer Y (g),Accelerometer Z (g),Magnetometer X (uT),Magnetometer Y (uT),Magnetometer Z (uT)
102.09,2.122483,-0.806695099999999,0.4575092,0.9242972,-0.2953553,0.267002,-60.85992,-3.239624,-12.01902
102.1,1.814817,-1.044105,0.3965385,0.9184778,-0.296972,0.2622268,-60.83633,-4.380691,-12.01294
102.11,1.814817,-1.340866,0.3355677,0.922393,-0.2978666,0.2622202,-60.83633,-4.380691,-12.01294
102.12,1.69175,-1.400219,0.3965385,0.9203569,-0.2929333,0.2746654,-60.83633,-4.380691,-12.01294
102.13,0.953351400000002,-1.400219,0.1526554,0.9247234,-0.2918532,0.2770504,-60.83633,-4.380691,-12.01294
102.14,0.5226188,-1.637628,0.274597,0.9233077,-0.2943109,0.2770535,-60.83633,-4.380691,-12.01294
102.15,0.03035292,-1.756333,-0.03025685,0.9247612,-0.2937524,0.2818366,-61.22849,-3.619523,-11.63277
102.16,-0.1542468,-1.756333,-0.03025685,0.9210289,-0.3025643,0.2828026,-61.22849,-3.619523,-11.63277
102.17,0.1534194,-1.696981,-0.1521984,0.9176736,-0.305555,0.281852,-61.22849,-3.619523,-11.63277
102.18,0.707218499999999,-1.637628,-0.03025685,0.9166628,-0.3036356,0.2813747,-61.22849,-3.619523,-11.63277
102.19,1.076418,-1.518924,0.0916846799999997,0.9118295,-0.305631,0.2861694,-61.23466,-3.242436,-12.0218
102.2,1.384084,-1.340866,-0.03025685,0.9141855,-0.3011321,0.2947785,-61.23466,-3.242436,-12.0218
102.21,1.322551,-1.103457,0.274597,0.9152055,-0.3035372,0.2952559,-61.23466,-3.242436,-12.0218
102.22,1.076418,-0.9847522,0.3355677,0.9103138,-0.3027321,0.287607,-61.23466,-3.242436,-12.0218
102.23,1.076418,-0.5099333,0.3355677,0.9103511,-0.3046533,0.2900003,-61.23466,-3.242436,-12.0218
102.24,1.076418,-0.5099333,0.3355677,0.9054521,-0.3033098,0.2880942,-60.85205,-3.619979,-12.01699
102.25,1.137951,-0.5692856,0.3965385,0.9024812,-0.3010221,0.2790059,-60.85205,-3.619979,-12.01699
102.26,1.199484,-0.4505809,0.2136262,0.9064047,-0.3024243,0.2766065,-60.85205,-3.619979,-12.01699
102.27,1.137951,-0.747342800000001,-0.2741399,0.905925,-0.3029724,0.2708645,-60.85205,-3.619979,-12.01699
102.28,1.076418,-0.806695099999999,-0.5180229,0.9141958,-0.3023537,0.2675,-60.85205,-3.619979,-12.01699
102.29,1.076418,-0.925399799999999,-0.700935200000002,0.9191964,-0.3090011,0.2737144,-60.85374,-3.61671,-11.62999
102.3,1.261018,-0.9847522,-1.005789,0.9156509,-0.301747,0.2775474,-60.85374,-3.61671,-11.62999
102.31,1.076418,-0.9847522,-1.06676,0.9152635,-0.3071219,0.2751565,-60.85374,-3.61671,-11.62999
102.32,1.261018,-1.222162,-1.12773,0.9147289,-0.3047598,0.2689354,-60.85374,-3.61671,-11.62999
102.33,1.322551,-1.400219,-1.005789,0.9250226,-0.3079405,0.2708325,-60.85374,-3.61671,-11.62999
102.34,1.630217,-1.815685,-0.761905999999999,0.9211251,-0.3080394,0.2684465,-60.84589,-3.997066,-11.62796
102.35,1.630217,-1.815685,-0.822876699999999,0.9254555,-0.3050031,0.2722668,-60.84589,-3.997066,-11.62796
102.36,2.307082,-1.756333,-0.639964500000003,0.9239778,-0.3039989,0.2789692,-60.84589,-3.997066,-11.62796
102.37,2.245549,-1.578276,-0.761905999999999,0.924943,-0.3034896,0.2794459,-60.84589,-3.997066,-11.62796
102.38,2.184016,-1.518924,-0.5789937,0.9205423,-0.3025564,0.2847177,-60.84589,-3.997066,-11.62796
102.39,1.69175,-1.103457,-0.4570522,0.9199917,-0.2991569,0.2856749,-61.15817,-3.99941,-11.63028
102.4,1.199484,-1.103457,-0.2741399,0.9205346,-0.3020267,0.2895033,-61.15817,-3.99941,-11.63028
102.41,1.014885,-0.806695099999999,-0.2741399,0.9186412,-0.304971,0.2904646,-61.15817,-3.99941,-11.63028
102.42,0.5226188,-0.5692856,-0.03025685,0.9171251,-0.3020853,0.2904664,-61.15817,-3.99941,-11.63028
102.43,0.2149526,-0.3318762,-0.0912276099999998,0.9168113,-0.3113288,0.2899908,-61.15817,-3.99941,-11.63028
102.44,0.3380191,-0.0944666899999999,-0.0912276099999998,0.9143193,-0.308515,0.2842515,-60.85544,-3.613441,-11.24299
102.45,0.645685299999997,0.02423805,0.03071391,0.9118282,-0.3056749,0.2813837,-60.85544,-3.613441,-11.24299
102.46,0.830284999999999,0.2616475,0.03071391,0.9132071,-0.301283,0.280423,-60.85544,-3.613441,-11.24299
102.47,1.014885,0.4397046,0.03071391,0.9112763,-0.3023105,0.2785123,-60.85544,-3.613441,-11.24299
102.48,0.953351400000002,0.677114099999998,-0.0912276099999998,0.909384,-0.3052241,0.2828235,-60.85544,-3.613441,-11.24299
102.49,0.707218499999999,0.736466499999999,-0.3351107,0.9122959,-0.3047289,0.277554,-60.84589,-3.997066,-11.62796
102.5,0.3995523,1.033228,-0.3351107,0.9098607,-0.3047682,0.2785154,-60.84589,-3.997066,-11.62796
102.51,0.2764858,1.151933,-0.3351107,0.90885,-0.3028444,0.2785167,-60.84589,-3.997066,-11.62796
102.52,0.2764858,1.32999,-0.2131691,0.902591,-0.3068424,0.2799644,-60.84589,-3.997066,-11.62796
102.53,0.0918861500000001,1.686104,-0.2131691,0.89421,-0.3016539,0.2809348,-60.84589,-3.997066,-11.62796
102.54,0.4610856,2.042219,-0.0912276099999998,0.8897602,-0.2984017,0.2742416,-61.22063,-3.999878,-11.63074
102.55,0.3995523,2.279628,-0.03025685,0.883363,-0.2951572,0.2709019,-61.22063,-3.999878,-11.63074
102.56,-0.21578,2.398333,-0.0912276099999998,0.8833271,-0.2931966,0.2728158,-61.22063,-3.999878,-11.63074
102.57,-0.954178800000002,2.33898,-0.4570522,0.8880416,-0.2848862,0.2680196,-61.22063,-3.999878,-11.63074
102.58,-2.184844,2.220276,-1.005789,0.8983774,-0.2906054,0.257953,-61.22063,-3.999878,-11.63074
102.59,-3.784708,2.042219,-1.249672,0.9145544,-0.2955654,0.2651047,-60.84419,-4.000335,-12.01497
102.6,-4.953839,1.745457,-1.493555,0.9199115,-0.2954946,0.2612667,-60.84419,-4.000335,-12.01497
102.61,-5.507638,1.389343,-1.737438,0.9323559,-0.3092753,0.2684273,-60.84419,-4.000335,-12.01497
102.62,-5.507638,0.914523500000002,-1.676467,0.9389324,-0.322336,0.2607619,-60.84419,-4.000335,-12.01497
102.63,-4.461573,0.677114099999998,-1.798409,0.9356431,-0.3286612,0.2669908,-60.84419,-4.000335,-12.01497
102.64,-2.861709,0.499057,-1.676467,0.9365536,-0.3252372,0.2674669,-60.79915,-3.235886,-11.63156
102.65,-1.200312,0.1429428,-1.432584,0.9311263,-0.3213341,0.2808755,-60.79915,-3.235886,-11.63156
102.66,-0.21578,0.1429428,-1.12773,0.9337973,-0.3075565,0.2937888,-60.79915,-3.235886,-11.63156
102.67,0.03035292,0.3803522,-0.761905999999999,0.9273436,-0.3006791,0.3158128,-60.79915,-3.235886,-11.63156
102.68,-0.1542468,0.617761700000003,-0.5180229,0.9199159,-0.2945876,0.3072098,-60.79915,-3.235886,-11.63156
102.69,-1.138779,0.736466499999999,-0.1521984,0.9155143,-0.2936807,0.3096101,-61.53291,-4.002222,-11.63306
102.7,-1.323378,0.855171199999998,0.03071391,0.9121225,-0.2947284,0.3086591,-61.53291,-4.002222,-11.63306
102.71,-1.692578,0.855171199999998,-0.0912276099999998,0.9034448,-0.2997943,0.304847,-61.53291,-4.002222,-11.63306
102.72,-1.323378,1.151933,-0.3351107,0.9010977,-0.3047878,0.2952808,-61.53291,-4.002222,-11.63306
102.73,-1.200312,1.092581,-0.3351107,0.9007443,-0.3121805,0.2847547,-60.85036,-3.623248,-12.404
102.74,-1.015712,0.795818799999997,-0.761905999999999,0.8992884,-0.3128136,0.2718358,-60.85036,-3.623248,-12.404
102.75,-1.138779,0.5584093,-1.12773,0.9002052,-0.3099588,0.2632191,-60.85036,-3.623248,-12.404
102.76,-1.077245,-0.03511433,-1.493555,0.9071435,-0.3161345,0.2636872,-60.85036,-3.623248,-12.404
102.77,-1.015712,-0.4505809,-1.85938,0.9061965,-0.3176155,0.2632107,-60.85036,-3.623248,-12.404
102.78,-0.831112300000002,-1.044105,-2.347146,0.9107012,-0.3237779,0.270383,-61.53291,-4.002222,-11.63306
102.79,-0.1542468,-1.103457,-2.773941,0.9120266,-0.3164319,0.2737288,-61.53291,-4.002222,-11.63306
102.8,0.3380191,-1.103457,-2.895883,0.9134719,-0.3153613,0.2813833,-61.53291,-4.002222,-11.63306
102.81,0.2764858,-1.222162,-2.652,0.9162685,-0.3084502,0.2871195,-61.53291,-4.002222,-11.63306
102.82,0.2149526,-1.044105,-2.530058,0.9123189,-0.3055511,0.2938257,-61.53291,-4.002222,-11.63306
102.83,0.0918861500000001,-1.222162,-2.103263,0.9205536,-0.3029763,0.2918964,-60.78173,-3.999866,-12.0145
102.84,-0.0927135500000001,-1.103457,-1.85938,0.9223847,-0.2965834,0.2961988,-60.78173,-3.999866,-12.0145
102.85,0.03035292,-0.866047500000001,-1.676467,0.9214284,-0.297583,0.2952435,-60.78173,-3.999866,-12.0145
102.86,0.2764858,-0.9847522,-1.615497,0.9199936,-0.2990955,0.292375,-60.78173,-3.999866,-12.0145
102.87,0.3995523,-0.747342800000001,-1.676467,0.9135976,-0.2958115,0.2933424,-60.78173,-3.999866,-12.0145
102.88,0.3995523,-0.747342800000001,-1.432584,0.9151119,-0.2987542,0.2871191,-61.15031,-4.379766,-11.62825
102.89,0.584151999999999,-0.747342800000001,-1.676467,0.9092308,-0.2969047,0.2895217,-61.15031,-4.379766,-11.62825
102.9,1.014885,-0.628637999999999,-1.554526,0.9087327,-0.2964856,0.283301,-61.15031,-4.379766,-11.62825
102.91,1.261018,-0.5099333,-1.85938,0.9116379,-0.29543,0.2861671,-61.15031,-4.379766,-11.62825
102.92,1.199484,-0.866047500000001,-2.042292,0.9102229,-0.2978657,0.2885631,-61.15031,-4.379766,-11.62825
102.93,1.014885,-0.866047500000001,-2.164234,0.9107355,-0.2993748,0.2818625,-61.22679,-3.622792,-12.01977
102.94,0.645685299999997,-0.5692856,-2.164234,0.9170154,-0.296265,0.289508,-61.22679,-3.622792,-12.01977
102.95,0.2149526,-0.4505809,-2.286175,0.9136435,-0.2982315,0.2943001,-61.22679,-3.622792,-12.01977
102.96,-0.2773132,-0.03511433,-2.225204,0.9180076,-0.297226,0.2885494,-61.22679,-3.622792,-12.01977
102.97,-0.21578,0.2022952,-1.981321,0.9185946,-0.3025729,0.287114,-61.22679,-3.622792,-12.01977
102.98,-0.03118032,0.617761700000003,-1.676467,0.9200917,-0.3045091,0.284719,-61.22063,-3.999878,-11.63074
102.99,0.707218499999999,0.914523500000002,-1.676467,0.9181074,-0.3025869,0.2866362,-61.22063,-3.999878,-11.63074
103,0.7687517,1.32999,-1.432584,0.9151115,-0.2987674,0.2856833,-61.22063,-3.999878,-11.63074
103.01,0.7687517,1.389343,-1.12773,0.9199095,-0.2947851,0.2856739,-61.22063,-3.999878,-11.63074
103.02,0.4610856,1.626752,-0.883847500000001,0.921472,-0.3000776,0.2880655,-61.22063,-3.999878,-11.63074
103.03,0.2764858,1.626752,-0.761905999999999,0.9263879,-0.3024321,0.2856646,-60.82847,-4.761046,-12.01091
103.04,0.3380191,2.457685,-0.4570522,0.9239708,-0.3034474,0.2861477,-60.82847,-4.761046,-12.01091
103.05,0.3380191,2.398333,-0.2131691,0.9215257,-0.3030229,0.2847161,-60.82847,-4.761046,-12.01091
103.06,0.584151999999999,2.754447,-0.03025685,0.917684,-0.3060013,0.2861593,-60.82847,-4.761046,-12.01091
103.07,0.830284999999999,2.873152,0.274597,0.921508,-0.3020338,0.2866302,-60.82847,-4.761046,-12.01091
103.08,0.584151999999999,3.526028,0.5184801,0.9213738,-0.294664,0.2957214,-61.20321,-4.763859,-12.01369
103.09,-0.21578,3.882142,0.823333800000001,0.9141496,-0.2991714,0.2966923,-61.20321,-4.763859,-12.01369
103.1,-0.708045800000002,3.941494,0.884304599999997,0.9164926,-0.2943052,0.2923798,-61.20321,-4.763859,-12.01369
103.11,-0.954178800000002,3.882142,0.884304599999997,0.9180537,-0.2996373,0.2904642,-61.20321,-4.763859,-12.01369
103.12,-0.954178800000002,3.882142,0.884304599999997,0.9174826,-0.2953365,0.283764,-61.20321,-4.763859,-12.01369
103.13,-0.954178800000002,3.941494,0.701392299999999,0.9156275,-0.3001667,0.2909471,-60.83633,-4.380691,-12.01294
103.14,-0.831112300000002,3.941494,0.579450800000002,0.9101968,-0.296369,0.29287,-60.83633,-4.380691,-12.01294
103.15,-0.831112300000002,3.763437,0.3965385,0.9048467,-0.2969957,0.2890508,-60.83633,-4.380691,-12.01294
103.16,-0.954178800000002,4.060199,0.3965385,0.9052972,-0.2950474,0.2885709,-60.83633,-4.380691,-12.01294
103.17,-0.584979399999999,4.060199,0.5184801,0.8964224,-0.2893081,0.2976779,-60.83633,-4.380691,-12.01294
103.18,-0.6465126,3.704085,0.3355677,0.9008688,-0.2926657,0.2928852,-60.80907,-5.528841,-12.84536
103.19,-0.954178800000002,3.466676,-0.1521984,0.8953557,-0.2845093,0.2933713,-60.80907,-5.528841,-12.84536
103.2,-1.692578,3.169914,-0.2131691,0.9022297,-0.2872979,0.2924029,-60.80907,-5.528841,-12.84536
103.21,-2.000244,3.110561,-0.4570522,0.9053081,-0.2954761,0.2947925,-60.80907,-5.528841,-12.84536
103.22,-2.369443,2.873152,-0.2741399,0.9092246,-0.2963268,0.2995717,-60.80907,-5.528841,-12.84536
103.23,-2.184844,2.873152,-0.5180229,0.9132299,-0.3021096,0.2962161,-60.83266,-4.387774,-12.85144
103.24,-2.000244,2.813799,-0.639964500000003,0.910367,-0.3056993,0.2818648,-60.83266,-4.387774,-12.85144
103.25,-1.754111,2.754447,-0.3351107,0.9123462,-0.3070129,0.2933475,-60.83266,-4.387774,-12.85144
103.26,-1.077245,2.813799,-0.5180229,0.9128869,-0.3099529,0.2895187,-60.83266,-4.387774,-12.85144
103.27,-0.6465126,2.873152,-0.1521984,0.9132654,-0.3040834,0.2928666,-60.83266,-4.387774,-12.85144
103.28,-0.6465126,2.635742,0.03071391,0.9127228,-0.3012048,0.2899953,-61.2074,-4.390586,-12.85422
103.29,-0.7695791,2.517038,0.03071391,0.9127064,-0.3001762,0.2962165,-61.2074,-4.390586,-12.85422
103.3,-0.892645499999998,2.635742,0.0916846799999997,0.9126438,-0.296732,0.3010015,-61.2074,-4.390586,-12.85422
103.31,-1.323378,2.457685,0.1526554,0.9067881,-0.2964056,0.2962259,-61.2074,-4.390586,-12.85422
103.32,-1.507978,2.160923,0.0916846799999997,0.9087166,-0.2954482,0.2904794,-60.82847,-4.761046,-12.01091
103.33,-1.754111,1.982866,0.0916846799999997,0.905389,-0.2998875,0.2904863,-60.82847,-4.761046,-12.01091
103.34,-1.384911,2.101571,-0.0912276099999998,0.9073671,-0.3012317,0.298619,-60.82847,-4.761046,-12.01091
103.35,-1.384911,1.982866,-0.03025685,0.9068508,-0.2998455,0.2919195,-60.82847,-4.761046,-12.01091
103.36,-1.631044,1.923514,0.0916846799999997,0.9088894,-0.3046953,0.2885672,-60.82847,-4.761046,-12.01091
103.37,-1.631044,2.042219,0.2136262,0.9016205,-0.3067432,0.2928876,-60.07531,-4.762504,-12.84385
103.38,-1.446445,1.745457,0.1526554,0.902027,-0.3023178,0.2976714,-60.07531,-4.762504,-12.84385
103.39,-1.938711,1.626752,0.1526554,0.9025121,-0.3023696,0.2909706,-60.07531,-4.762504,-12.84385
103.4,-2.000244,1.448695,0.3355677,0.9058866,-0.3003197,0.2952713,-60.07531,-4.762504,-12.84385
103.41,-2.061777,1.270638,0.0916846799999997,0.9112822,-0.3021262,0.2986124,-60.07531,-4.762504,-12.84385
103.42,-2.369443,1.033228,-0.2131691,0.9082854,-0.2983373,0.2943095,-60.8425,-4.003604,-12.40197
103.43,-2.800176,0.914523500000002,-0.1521984,0.9098034,-0.3011616,0.3010076,-60.8425,-4.003604,-12.40197
103.44,-3.107842,0.855171199999998,-0.1521984,0.9031015,-0.3076419,0.2976709,-60.8425,-4.003604,-12.40197
103.45,-2.677109,0.617761700000003,-0.0912276099999998,0.9050703,-0.3085091,0.3048464,-60.8425,-4.003604,-12.40197
103.46,-2.000244,0.617761700000003,-0.0912276099999998,0.9032302,-0.3144119,0.3010225,-60.8425,-4.003604,-12.40197
103.47,-1.077245,0.617761700000003,-0.2131691,0.900336,-0.3158918,0.3048565,-60.45621,-4.388229,-13.23566
103.48,-0.4619129,0.2616475,-0.1521984,0.9012086,-0.3105687,0.3005465,-60.45621,-4.388229,-13.23566
103.49,-0.1542468,0.3209999,-0.2131691,0.9065415,-0.3089441,0.3072368,-60.45621,-4.388229,-13.23566
103.5,-0.4619129,0.2616475,0.03071391,0.9098957,-0.3059885,0.3043588,-60.45621,-4.388229,-13.23566
103.51,-0.708045800000002,0.1429428,0.1526554,0.9142074,-0.3019894,0.3072217,-60.45621,-4.388229,-13.23566
103.52,-0.892645499999998,0.1429428,0.0916846799999997,0.909427,-0.3069609,0.305317,-60.83463,-4.38396,-12.39994
103.53,-0.7695791,0.0835904200000001,0.0916846799999997,0.9079449,-0.3061016,0.2962264,-60.83463,-4.38396,-12.39994
103.54,-0.21578,-0.1538191,-0.0912276099999998,0.9055004,-0.3056551,0.2971877,-60.83463,-4.38396,-12.39994
103.55,0.3380191,-0.2725238,-0.2741399,0.9127879,-0.3045656,0.2943033,-60.83463,-4.38396,-12.39994
103.56,0.5226188,-0.1538191,-0.5180229,0.9093347,-0.3021383,0.3014873,-60.83463,-4.38396,-12.39994
103.57,0.4610856,-0.3318762,-0.4570522,0.9108328,-0.3040437,0.3024423,-61.14325,-4.393386,-13.24076
103.58,0.3380191,0.0835904200000001,-0.3960814,0.9079096,-0.304119,0.3005331,-61.14325,-4.393386,-13.24076
103.59,-0.03118032,-0.1538191,-0.2131691,0.9112915,-0.3026075,0.2990911,-61.14325,-4.393386,-13.24076
103.6,-0.584979399999999,-0.03511433,-0.1521984,0.9112926,-0.3025724,0.3029197,-61.14325,-4.393386,-13.24076
103.61,-0.4619129,-0.1538191,0.1526554,0.9108336,-0.3040174,0.3053138,-61.14325,-4.393386,-13.24076
103.62,-0.7695791,0.02423805,0.0916846799999997,0.914207,-0.3020026,0.305786,-60.46775,-4.000792,-12.39919
103.63,-0.7695791,0.02423805,0.274597,0.9137641,-0.3044849,0.3010016,-60.46775,-4.000792,-12.39919
103.64,-0.6465126,0.499057,0.274597,0.9156394,-0.3005647,0.3005187,-60.46775,-4.000792,-12.39919
103.65,-0.584979399999999,0.2022952,0.2136262,0.9107591,-0.3001796,0.3000486,-60.46775,-4.000792,-12.39919
103.66,-0.5234462,0.3209999,0.2136262,0.9137303,-0.3024585,0.3100941,-60.46775,-4.000792,-12.39919
103.67,-0.6465126,0.02423805,0.1526554,0.9118354,-0.3054466,0.3062695,-61.2057,-4.393855,-13.24122
103.68,-0.708045800000002,0.4397046,-0.0912276099999998,0.9136834,-0.3000692,0.3057864,-61.2057,-4.393855,-13.24122
103.69,-0.5234462,0.3209999,-0.03025685,0.9063869,-0.3006686,0.3091492,-61.2057,-4.393855,-13.24122
103.7,-0.4003797,0.5584093,-0.1521984,0.9069366,-0.3040988,0.304842,-61.2057,-4.393855,-13.24122
103.71,-0.21578,0.4397046,-0.1521984,0.9074518,-0.3055245,0.3072344,-61.2057,-4.393855,-13.24122
103.72,-0.0927135500000001,0.499057,0.03071391,0.9098864,-0.3055071,0.3038801,-60.84838,-3.627061,-12.8555
103.73,-0.0927135500000001,0.3209999,-0.1521984,0.907836,-0.3002505,0.298618,-60.84838,-3.627061,-12.8555
103.74,0.0918861500000001,0.2616475,-0.1521984,0.9073393,-0.2997876,0.297183,-60.84838,-3.627061,-12.8555
103.75,0.2764858,0.4397046,-0.2131691,0.9122908,-0.3041158,0.2914326,-60.84838,-3.627061,-12.8555
103.76,0.2764858,0.4397046,-0.5180229,0.9083595,-0.3021883,0.2981389,-60.84838,-3.627061,-12.8555
103.77,-0.1542468,0.0835904200000001,-0.4570522,0.9107303,-0.2987662,0.2952625,-60.82927,-4.394311,-13.62544
103.78,-0.3388465,0.1429428,-0.5789937,0.9122264,-0.3007331,0.2895175,-60.82927,-4.394311,-13.62544
103.79,-0.2773132,0.2616475,-0.5789937,0.9107391,-0.2992607,0.2943055,-60.82927,-4.394311,-13.62544
103.8,-0.3388465,0.2616475,-0.3960814,0.9064091,-0.3022883,0.2914423,-60.82927,-4.394311,-13.62544
103.81,-0.21578,0.1429428,-0.5789937,0.9107347,-0.2994012,0.2789911,-60.82927,-4.394311,-13.62544
103.82,-0.21578,0.0835904200000001,-0.944818299999998,0.9112143,-0.2988531,0.284733,-60.83463,-4.38396,-12.39994
103.83,-0.21578,0.02423805,-0.822876699999999,0.9126934,-0.299809,0.2832949,-60.83463,-4.38396,-12.39994
103.84,-0.5234462,-0.03511433,-0.639964500000003,0.9198549,-0.2918661,0.2861519,-60.83463,-4.38396,-12.39994
103.85,-0.7695791,0.02423805,-0.761905999999999,0.9185149,-0.2981265,0.2952487,-60.83463,-4.38396,-12.39994
103.86,-0.954178800000002,0.1429428,-0.822876699999999,0.9146622,-0.3006761,0.2904704,-60.83096,-4.391042,-13.23844
103.87,-0.954178800000002,0.2022952,-0.761905999999999,0.9077955,-0.2984348,0.2847388,-60.83096,-4.391042,-13.23844
103.88,-0.954178800000002,0.3209999,-0.5180229,0.9126318,-0.2963384,0.2909514,-60.83096,-4.391042,-13.23844
103.89,-0.954178800000002,0.3209999,-0.2131691,0.9068123,-0.2979639,0.285219,-60.83096,-4.391042,-13.23844
103.9,-0.892645499999998,0.3209999,-0.0912276099999998,0.9102784,-0.3007584,0.2909566,-60.83096,-4.391042,-13.23844
103.91,-0.892645499999998,0.617761700000003,-0.0912276099999998,0.9083297,-0.3008057,0.2900029,-60.83096,-4.391042,-13.23844
103.92,-1.138779,0.795818799999997,-0.03025685,0.9107029,-0.2973089,0.2952621,-60.83096,-4.391042,-13.23844
103.93,-1.200312,1.033228,-0.1521984,0.9097105,-0.2963567,0.2952636,-60.83096,-4.391042,-13.23844
103.94,-1.569511,1.092581,-0.2741399,0.9101689,-0.2949292,0.2909553,-60.83096,-4.391042,-13.23844
103.95,-2.12331,1.211285,-0.639964500000003,0.9131103,-0.2958255,0.2928647,-60.83096,-4.391042,-13.23844
103.96,-2.738642,1.211285,-0.700935200000002,0.9136178,-0.2967215,0.3000427,-60.83883,-4.010686,-13.24047
103.97,-3.538574,1.211285,-0.883847500000001,0.9180271,-0.298158,0.2928568,-60.83883,-4.010686,-13.24047
103.98,-3.600108,1.389343,-0.700935200000002,0.9185905,-0.3019291,0.3043426,-60.83883,-4.010686,-13.24047
103.99,-3.353975,1.448695,-1.12773,0.9180842,-0.300998,0.3009931,-60.83883,-4.010686,-13.24047
104,-3.477041,1.626752,-1.12773,0.9156137,-0.2990548,0.3062613,-60.83883,-4.010686,-13.24047
104.01,-3.600108,1.804809,-1.12773,0.918083,-0.3010375,0.296686,-61.2057,-4.393855,-13.24122
104.02,-3.353975,1.864162,-0.761905999999999,0.9113104,-0.3035571,0.3014842,-61.2057,-4.393855,-13.24122
104.03,-3.169375,1.923514,-0.822876699999999,0.9098127,-0.301643,0.3014863,-61.2057,-4.393855,-13.24122
104.04,-3.353975,1.626752,-0.639964500000003,0.9117723,-0.3020244,0.3086616,-61.2057,-4.393855,-13.24122
104.05,-3.415508,1.5674,-0.639964500000003,0.9147289,-0.3039887,0.3000426,-61.2057,-4.393855,-13.24122
104.06,-3.353975,1.389343,-0.700935200000002,0.9186155,-0.3034611,0.2962071,-60.8231,-4.771398,-13.23642
104.07,-3.538574,1.211285,-0.761905999999999,0.911418,-0.3094477,0.2947855,-60.8231,-4.771398,-13.23642
104.08,-3.046309,0.855171199999998,-0.883847500000001,0.9124211,-0.3108375,0.3000484,-60.8231,-4.771398,-13.23642
104.09,-2.369443,0.736466499999999,-0.883847500000001,0.9051309,-0.3120148,0.2933614,-60.8231,-4.771398,-13.23642
104.1,-1.446445,0.3209999,-0.822876699999999,0.9061247,-0.3129232,0.2981456,-60.8231,-4.771398,-13.23642
104.11,-0.4619129,0.4397046,-0.883847500000001,0.9090214,-0.3113643,0.3029259,-60.83883,-4.010686,-13.24047
104.12,0.1534194,0.499057,-0.883847500000001,0.9059905,-0.3055534,0.3072369,-60.83883,-4.010686,-13.24047
104.13,0.1534194,0.5584093,-0.700935200000002,0.9059721,-0.3045863,0.3067581,-60.83883,-4.010686,-13.24047
104.14,-0.1542468,0.499057,-0.761905999999999,0.9058619,-0.298779,0.3043639,-60.83883,-4.010686,-13.24047
104.15,-0.4003797,0.617761700000003,-0.5789937,0.9032998,-0.2919914,0.3081953,-60.83883,-4.010686,-13.24047
104.16,-1.077245,0.855171199999998,-0.2741399,0.9092267,-0.296261,0.3067503,-60.83096,-4.391042,-13.23844
104.17,-1.384911,0.914523500000002,-0.2741399,0.9024788,-0.3003256,0.3019773,-60.83096,-4.391042,-13.23844
104.18,-1.507978,0.795818799999997,-0.3351107,0.9044521,-0.3018235,0.2933599,-60.83096,-4.391042,-13.23844
104.19,-1.384911,0.795818799999997,-0.3960814,0.9103251,-0.3031521,0.2947858,-60.83096,-4.391042,-13.23844
104.2,-1.261845,0.617761700000003,-0.639964500000003,0.909762,-0.2993722,0.2842571,-60.83096,-4.391042,-13.23844
104.21,-1.261845,0.677114099999998,-0.2741399,0.911399,-0.3084981,0.2923924,-61.20401,-4.397123,-13.62823
104.22,-0.892645499999998,0.677114099999998,-0.5789937,0.9103436,-0.3041148,0.2957431,-61.20401,-4.397123,-13.62823
104.23,-1.077245,0.795818799999997,-0.4570522,0.912762,-0.3030601,0.2995672,-61.20401,-4.397123,-13.62823
104.24,-0.831112300000002,0.855171199999998,-0.5789937,0.9048558,-0.2974814,0.2890509,-61.20401,-4.397123,-13.62823
104.25,-0.7695791,0.973875899999997,-0.761905999999999,0.9053447,-0.2974192,0.294793,-61.20401,-4.397123,-13.62823
104.26,-1.138779,0.736466499999999,-0.822876699999999,0.9012289,-0.2858335,0.2952757,-61.19615,-4.777479,-13.6262
104.27,-1.446445,0.499057,-0.700935200000002,0.9062079,-0.2916191,0.2895256,-61.19615,-4.777479,-13.6262
104.28,-1.569511,0.3209999,-1.06676,0.9086254,-0.2905906,0.2904783,-61.19615,-4.777479,-13.6262
104.29,-1.815644,0.0835904200000001,-1.249672,0.9087529,-0.2974001,0.2895227,-61.19615,-4.777479,-13.6262
104.3,-2.12331,-0.1538191,-1.371614,0.9107085,-0.2979044,0.2832979,-61.19615,-4.777479,-13.6262
104.31,-2.615576,-0.3318762,-1.493555,0.9162071,-0.3049753,0.2952545,-60.83517,-4.017769,-14.07898
104.32,-2.923242,-0.3912286,-1.432584,0.9074946,-0.3080411,0.2976634,-60.83517,-4.017769,-14.07898
104.33,-2.677109,-0.5692856,-1.432584,0.9096008,-0.3161771,0.3067548,-60.83517,-4.017769,-14.07898
104.34,-2.246377,-0.5099333,-1.188701,0.909582,-0.3152232,0.3048403,-60.83517,-4.017769,-14.07898
104.35,-1.569511,-0.4505809,-1.005789,0.9120825,-0.3185403,0.3086653,-60.83517,-4.017769,-14.07898
104.36,-1.015712,-0.1538191,-0.822876699999999,0.9062182,-0.3177062,0.3062825,-61.20204,-4.400937,-14.07973
104.37,-0.584979399999999,0.02423805,-0.700935200000002,0.9075249,-0.3094062,0.3077138,-61.20204,-4.400937,-14.07973
104.38,-0.584979399999999,0.1429428,-0.5180229,0.9064981,-0.3064451,0.3148935,-61.20204,-4.400937,-14.07973
104.39,-0.954178800000002,0.3803522,-0.5180229,0.9084906,-0.3088836,0.3096263,-61.20204,-4.400937,-14.07973
104.4,-1.138779,0.617761700000003,-0.3351107,0.9108989,-0.3073738,0.3101003,-60.82141,-4.774667,-13.62342
104.41,-1.138779,0.5584093,-0.3351107,0.9109529,-0.3103104,0.3077081,-60.82141,-4.774667,-13.62342
104.42,-0.954178800000002,0.3803522,-0.2741399,0.9115013,-0.3137801,0.2990936,-60.82141,-4.774667,-13.62342
104.43,-0.5234462,0.2022952,-0.3351107,0.9119326,-0.3108866,0.2957421,-60.82141,-4.774667,-13.62342
104.44,0.1534194,0.1429428,-0.2741399,0.9070242,-0.3090705,0.2924002,-60.82141,-4.774667,-13.62342
104.45,0.8918182,0.1429428,-0.2741399,0.9147726,-0.306479,0.2933431,-60.81944,-4.778481,-14.07492
104.46,1.445617,-0.03511433,-0.0912276099999998,0.9128234,-0.3065394,0.2909537,-60.81944,-4.778481,-14.07492
104.47,1.87635,-0.03511433,-0.2131691,0.9083575,-0.3022498,0.2914389,-60.81944,-4.778481,-14.07492
104.48,1.69175,0.02423805,-0.0912276099999998,0.9088095,-0.3002532,0.2962234,-60.81944,-4.778481,-14.07492
104.49,1.445617,0.1429428,0.0916846799999997,0.909668,-0.2938313,0.3057918,-60.81944,-4.778481,-14.07492
104.5,1.076418,0.2616475,0.0916846799999997,0.9062314,-0.2924238,0.3077117,-60.82141,-4.774667,-13.62342
104.51,0.2764858,0.3209999,0.1526554,0.9111372,-0.2943233,0.3019607,-60.82141,-4.774667,-13.62342
104.52,-0.0927135500000001,0.4397046,0.2136262,0.9121845,-0.2981901,0.3019599,-60.82141,-4.774667,-13.62342
104.53,-0.4003797,0.499057,0.03071391,0.9156402,-0.3005384,0.3033902,-60.82141,-4.774667,-13.62342
104.54,-0.5234462,0.499057,0.0916846799999997,0.9117139,-0.2992239,0.296218,-60.82141,-4.774667,-13.62342
104.55,-0.4619129,0.4397046,0.0916846799999997,0.9152319,-0.3050252,0.2919062,-60.45255,-4.395312,-14.07417
104.56,-0.3388465,0.617761700000003,-0.03025685,0.9147534,-0.3055337,0.2904715,-60.45255,-4.395312,-14.07417
104.57,-0.4003797,0.2616475,-0.03025685,0.9156635,-0.302123,0.2895118,-60.45255,-4.395312,-14.07417
104.58,-0.1542468,0.499057,-0.0912276099999998,0.9127766,-0.3041457,0.2871245,-60.45255,-4.395312,-14.07417
104.59,-0.1542468,0.1429428,-0.1521984,0.9112895,-0.302669,0.2923911,-60.45255,-4.395312,-14.07417
104.6,-0.03118032,0.2616475,-0.2131691,0.9160694,-0.2977152,0.2923815,-60.84499,-3.633599,-13.6295
104.61,-0.03118032,0.3209999,-0.03025685,0.9102079,-0.2967933,0.2995701,-60.84499,-3.633599,-13.6295
104.62,-0.4003797,0.2616475,0.0916846799999997,0.9101616,-0.2943864,0.2971767,-60.84499,-3.633599,-13.6295
104.63,-0.584979399999999,0.3209999,0.2136262,0.9067801,-0.2958848,0.3000544,-60.84499,-3.633599,-13.6295
104.64,-0.4003797,0.3803522,-0.0912276099999998,0.9073301,-0.2993062,0.2967043,-60.84499,-3.633599,-13.6295
104.65,-0.21578,0.2616475,0.03071391,0.9117233,-0.2997009,0.2971753,-61.20204,-4.400937,-14.07973
104.66,-0.3388465,0.3803522,-0.0912276099999998,0.915532,-0.2946697,0.307696,-61.20204,-4.400937,-14.07973
104.67,-0.4619129,0.677114099999998,-0.2131691,0.9111762,-0.2961873,0.3105755,-61.20204,-4.400937,-14.07973
104.68,-0.708045800000002,0.914523500000002,-0.1521984,0.91416,-0.2996177,0.3009996,-61.20204,-4.400937,-14.07973
104.69,-1.261845,1.270638,-0.1521984,0.9102162,-0.2973054,0.2966987,-61.20204,-4.400937,-14.07973
104.7,-1.692578,1.151933,-0.0912276099999998,0.9112903,-0.3026427,0.2952625,-60.46239,-4.011143,-13.62469
104.71,-1.507978,1.211285,-0.1521984,0.9108051,-0.3025952,0.3014849,-60.46239,-4.011143,-13.62469
104.72,-1.200312,1.32999,-0.03025685,0.9069794,-0.3066154,0.295271,-60.46239,-4.011143,-13.62469
104.73,-0.954178800000002,1.151933,-0.2741399,0.9117501,-0.3011758,0.2952613,-60.46239,-4.011143,-13.62469
104.74,-0.831112300000002,1.151933,-0.3351107,0.9166571,-0.3030401,0.293339,-60.46239,-4.011143,-13.62469
104.75,-0.954178800000002,1.211285,-0.3960814,0.913726,-0.3025902,0.2957368,-60.83883,-4.010686,-13.24047
104.76,-1.261845,1.389343,-0.4570522,0.9175877,-0.3005306,0.3000368,-60.83883,-4.010686,-13.24047
104.77,-1.631044,1.270638,-0.3960814,0.9161605,-0.3025771,0.291904,-60.83883,-4.010686,-13.24047
104.78,-1.569511,1.033228,-0.4570522,0.9152883,-0.3078871,0.2976498,-60.83883,-4.010686,-13.24047
104.79,-1.200312,1.151933,-0.3960814,0.9162443,-0.3068964,0.2976478,-60.83883,-4.010686,-13.24047
104.8,-1.015712,1.448695,-0.2741399,0.9152164,-0.3039659,0.3014775,-61.57875,-4.399936,-13.63101
104.81,-0.6465126,1.389343,0.0916846799999997,0.9186341,-0.3044238,0.2971645,-61.57875,-4.399936,-13.63101
104.82,-0.3388465,1.508047,0.1526554,0.9147557,-0.3054635,0.2981286,-61.57875,-4.399936,-13.63101
104.83,-0.1542468,1.32999,0.579450800000002,0.9151247,-0.2991259,0.2995621,-61.57875,-4.399936,-13.63101
104.84,0.0918861500000001,1.389343,0.762363100000001,0.9151338,-0.2996116,0.2995622,-61.57875,-4.399936,-13.63101
104.85,0.0918861500000001,1.151933,0.823333800000001,0.9146367,-0.2991618,0.2966915,-60.45872,-4.018225,-14.4632
104.86,0.1534194,0.855171199999998,0.4575092,0.9107683,-0.3006609,0.3005272,-60.45872,-4.018225,-14.4632
104.87,0.4610856,0.855171199999998,0.3965385,0.9151543,-0.3005129,0.3072197,-60.45872,-4.018225,-14.4632
104.88,0.645685299999997,0.855171199999998,0.3355677,0.9025625,-0.3046492,0.3072427,-60.45872,-4.018225,-14.4632
104.89,0.4610856,0.5584093,0.03071391,0.9065322,-0.3084627,0.3067582,-60.45872,-4.018225,-14.4632
104.9,0.645685299999997,0.4397046,0.03071391,0.9081727,-0.3182544,0.2952719,-60.82927,-4.394311,-13.62544
104.91,1.261018,0.2616475,0.2136262,0.9134952,-0.3161748,0.2986122,-60.82927,-4.394311,-13.62544
104.92,1.568684,0.3209999,0.274597,0.9081464,-0.316762,0.2991002,-60.82927,-4.394311,-13.62544
104.93,1.999416,0.2022952,0.3965385,0.9100699,-0.3151872,0.3077109,-60.82927,-4.394311,-13.62544
104.94,2.368616,0.3803522,0.3355677,0.9114205,-0.3093687,0.3033998,-60.82927,-4.394311,-13.62544
104.95,2.676282,0.617761700000003,0.274597,0.9147862,-0.3068243,0.3086576,-61.20991,-4.020581,-14.08176
104.96,2.737815,0.5584093,0.579450800000002,0.9102813,-0.3006662,0.3010067,-61.20991,-4.020581,-14.08176
104.97,2.491682,0.1429428,0.5184801,0.9029952,-0.3017119,0.3086768,-61.20991,-4.020581,-14.08176
104.98,2.737815,-0.2131714,0.3355677,0.9090303,-0.3118544,0.3024475,-61.20991,-4.020581,-14.08176
104.99,3.41468,-0.3318762,0.03071391,0.9123225,-0.3054414,0.3057901,-60.45255,-4.395312,-14.07417
105,4.214613,-0.925399799999999,-0.1521984,0.9039481,-0.3008176,0.2981463,-60.45255,-4.395312,-14.07417
105.01,4.399212,-0.747342800000001,-0.4570522,0.9071334,-0.2884921,0.3105805,-60.45255,-4.395312,-14.07417
105.02,3.722347,-0.925399799999999,-0.5180229,0.905276,-0.293397,0.3096279,-60.45255,-4.395312,-14.07417
105.03,2.983948,-1.103457,-0.639964500000003,0.9116889,-0.297692,0.3043535,-60.45255,-4.395312,-14.07417
105.04,2.245549,-1.162809,-0.822876699999999,0.904861,-0.2973191,0.3067582,-60.44469,-4.775668,-14.07214
105.05,2.553215,-1.459571,-0.883847500000001,0.9064737,-0.3056666,0.293836,-60.44469,-4.775668,-14.07214
105.06,3.537747,-1.459571,-0.883847500000001,0.9114297,-0.3098501,0.3038785,-60.44469,-4.775668,-14.07214
105.07,4.399212,-1.222162,-0.700935200000002,0.9066399,-0.3143489,0.300538,-60.44469,-4.775668,-14.07214
105.08,4.891479,-1.222162,-0.2741399,0.9059728,-0.3045643,0.309151,-60.44469,-4.775668,-14.07214
105.09,5.445278,-1.459571,-0.4570522,0.9001796,-0.2812615,0.3192052,-60.82927,-4.394311,-13.62544
105.1,5.076078,-0.6879904,-1.371614,0.8990507,-0.2465933,0.339777,-60.82927,-4.394311,-13.62544
105.11,2.430149,0.1429428,-3.993356,0.9018976,-0.2419662,0.3613068,-60.82927,-4.394311,-13.62544
105.12,-1.446445,0.973875899999997,-6.00539100000001,0.9140218,-0.2644124,0.3780416,-60.82927,-4.394311,-13.62544
105.13,-5.569171,1.626752,-6.67606899999998,0.9131098,-0.2935299,0.3842721,-60.82927,-4.394311,-13.62544
105.14,-8.21509999999999,2.33898,-6.432186,0.9006475,-0.3308261,0.3713819,-60.8273,-4.398125,-14.07695
105.15,-7.47670100000003,2.873152,-6.06636199999999,0.900461,-0.3732952,0.3508144,-60.8273,-4.398125,-14.07695
105.16,-3.661641,2.932504,-5.212771,0.9071157,-0.3908507,0.32975,-60.8273,-4.398125,-14.07695
105.17,2.737815,1.448695,-3.993356,0.8994651,-0.3988646,0.3201939,-60.8273,-4.398125,-14.07695
105.18,10.92173,0.02423805,-2.834912,0.8939298,-0.4147337,0.3503579,-60.8273,-4.398125,-14.07695
105.19,21.44392,0.02423805,-1.981321,0.8978298,-0.4137847,0.3924655,-61.20204,-4.400937,-14.07973
105.2,29.7509,1.804809,-1.92035,0.9254068,-0.3765135,0.4230368,-61.20204,-4.400937,-14.07973
105.21,32.70449,4.772428,-1.249672,0.9368002,-0.3337133,0.455549,-61.20204,-4.400937,-14.07973
105.22,30.1201,7.50263599999998,0.579450800000002,0.9519985,-0.312421,0.4660457,-61.20204,-4.400937,-14.07973
105.23,24.76671,10.35155,3.018281,0.9573044,-0.309326,0.4741715,-61.20204,-4.400937,-14.07973
105.24,18.92105,13.31917,5.396141,0.9553298,-0.3078677,0.4784817,-60.44666,-4.771854,-13.62064
105.25,13.69073,15.87132,7.77400100000002,0.9491875,-0.318242,0.4732307,-60.44666,-4.771854,-13.62064
105.26,9.69107099999998,18.48282,9.90797699999999,0.9495782,-0.339178,0.4679711,-60.44666,-4.771854,-13.62064
105.27,8.46040500000001,21.15368,12.04195,0.9284856,-0.3574957,0.476627,-60.44666,-4.771854,-13.62064
105.28,9.69107099999998,23.40907,14.05399,0.902266,-0.3623214,0.4838526,-60.44666,-4.771854,-13.62064
105.29,12.8908,25.4864,14.48078,0.8864195,-0.3491377,0.4719124,-60.80988,-5.162105,-14.45989
105.3,16.09053,27.74179,13.81011,0.9064931,-0.3283886,0.4656506,-60.80988,-5.162105,-14.45989
105.31,17.13659,30.70941,13.44428,0.9149794,-0.3131173,0.4699391,-60.80988,-5.162105,-14.45989
105.32,15.53673,32.90545,13.50525,0.9133813,-0.3058553,0.4704185,-60.80988,-5.162105,-14.45989
105.33,11.84473,34.92343,14.11496,0.9030064,-0.2982765,0.4713918,-60.80988,-5.162105,-14.45989
105.34,6.30674300000002,35.93242,14.90758,0.8943511,-0.3041823,0.4819371,-60.43397,-4.796371,-16.52315
105.35,3.537747,37.11947,14.96855,0.8952969,-0.3283817,0.4905561,-60.43397,-4.796371,-16.52315
105.36,4.583812,38.54393,14.90758,0.8992462,-0.3561637,0.5259709,-60.43397,-4.796371,-16.52315
105.37,7.47587400000002,40.50256,15.7002,0.9013658,-0.3902948,0.5618693,-60.43397,-4.796371,-16.52315
105.38,10.55254,42.46119,17.04156,0.9112908,-0.3990332,0.5943974,-60.43397,-4.796371,-16.52315
105.39,13.8138,45.72556,18.2,0.9203295,-0.412754,0.6154425,-59.30886,-4.424467,-18.51635
105.4,16.64433,48.93059,20.09009,0.9016787,-0.4051807,0.6336589,-59.30886,-4.424467,-18.51635
105.41,17.75192,51.72015,21.43145,0.902503,-0.3967455,0.650884,-59.30886,-4.424467,-18.51635
105.42,17.01353,55.2813,22.52892,0.9158039,-0.4033902,0.6924987,-59.30886,-4.424467,-18.51635
105.43,15.84439,58.72373,24.11416,0.9170583,-0.4177375,0.7149933,-59.30886,-4.424467,-18.51635
105.44,15.65979,61.4539399999998,25.15067,0.9197637,-0.4316141,0.7326994,-58.56805,-3.671751,-20.12735
105.45,16.33666,64.6589599999998,26.06523,0.9185386,-0.4435324,0.760462,-58.56805,-3.671751,-20.12735
105.46,18.36726,68.2794600000001,27.1627,0.9260009,-0.4508574,0.7934727,-58.56805,-3.671751,-20.12735
105.47,20.52092,73.2056999999998,27.77241,0.9375789,-0.4441228,0.8140295,-58.56805,-3.671751,-20.12735
105.48,22.30538,78.6661199999999,28.32115,0.9453129,-0.4404412,0.8278939,-58.56805,-3.671751,-20.12735
105.49,22.36692,84.1858900000001,28.56503,0.9502335,-0.4170056,0.8293149,-57.82607,-2.556113,-23.80439
105.5,21.07472,88.9934300000001,28.68697,0.9469806,-0.399633,0.8230947,-57.82607,-2.556113,-23.80439
105.51,18.55186,92.7326399999997,29.17474,0.9364652,-0.3848819,0.8116233,-57.82607,-2.556113,-23.80439
105.52,15.47519,96.1157199999998,29.23571,0.9271246,-0.3807982,0.8001528,-57.82607,-2.556113,-23.80439
105.53,12.95233,99.4394500000003,29.60153,0.9377149,-0.3993784,0.8178464,-55.95987,-1.432037,-27.47309
105.54,11.9678,102.8225,30.39415,0.9419934,-0.4197516,0.8125798,-55.95987,-1.432037,-27.47309
105.55,12.21393,106.1463,31.49163,0.9489338,-0.4258616,0.8202266,-55.95987,-1.432037,-27.47309
105.56,12.95233,109.5887,32.95492,0.9404293,-0.440157,0.8164164,-55.95987,-1.432037,-27.47309
105.57,13.6292,112.8531,34.90599,0.9337553,-0.4480771,0.8149943,-55.95987,-1.432037,-27.47309
105.58,14.24453,115.9988,36.43026,0.9309213,-0.4530758,0.8059076,-53.33096,-0.6930442,-32.3597
105.59,14.98293,118.5509,38.32035,0.9246315,-0.455722,0.7958692,-53.33096,-0.6930442,-32.3597
105.6,15.96746,120.9844,39.90559,0.9140973,-0.4656577,0.794933,-53.33096,-0.6930442,-32.3597
105.61,17.56732,122.943,41.00306,0.8888669,-0.4715365,0.7911499,-53.33096,-0.6930442,-32.3597
105.62,20.58245,123.7739,41.24694,0.8497487,-0.4646484,0.7787732,-53.33096,-0.6930442,-32.3597
105.63,23.72065,124.0707,40.88112,0.8327258,-0.4664908,0.7735391,-49.95872,0.4286613,-37.62978
105.64,26.79731,124.13,40.0885,0.8097962,-0.4649738,0.7764502,-49.95872,0.4286613,-37.62978
105.65,28.70484,124.13,39.47879,0.792003,-0.4517716,0.7707348,-49.95872,0.4286613,-37.62978
105.66,30.1201,124.2487,38.50326,0.7636421,-0.4464743,0.7736544,-49.95872,0.4286613,-37.62978
105.67,30.73544,124.4268,37.46676,0.7464532,-0.43963,0.7621967,-49.95872,0.4286613,-37.62978
105.68,30.92003,124.5455,36.18637,0.7277766,-0.4313223,0.7545699,-45.47211,1.942973,-42.44205
105.69,30.92003,124.7236,35.02793,0.7216243,-0.4148209,0.7655837,-45.47211,1.942973,-42.44205
105.7,29.9355,124.7829,33.80851,0.6924755,-0.3934943,0.7694576,-45.47211,1.942973,-42.44205
105.71,28.52024,124.3081,32.83298,0.6675611,-0.3908394,0.741743,-45.47211,1.942973,-42.44205
105.72,28.02797,122.8836,31.5526,0.637073,-0.376518,0.726478,-45.47211,1.942973,-42.44205
105.73,28.08951,120.5095,29.78444,0.5983181,-0.3634676,0.6963919,-40.58857,2.321754,-46.92296
105.74,28.21257,117.4826,27.95532,0.5778205,-0.3620078,0.6878129,-40.58857,2.321754,-46.92296
105.75,27.22804,115.4052,26.37008,0.5612394,-0.361403,0.6835344,-40.58857,2.321754,-46.92296
105.76,25.25898,113.1498,25.45552,0.5396062,-0.3511309,0.6845267,-40.58857,2.321754,-46.92296
105.77,22.24385,110.7164,25.21164,0.5180496,-0.3446308,0.6979628,-40.58857,2.321754,-46.92296
105.78,18.85952,108.5204,24.35805,0.4813605,-0.3371254,0.6946747,-35.69297,1.946907,-50.56129
105.79,16.39819,105.7308,23.01669,0.4386475,-0.3463092,0.6861371,-35.69297,1.946907,-50.56129
105.8,15.22906,102.9412,21.7363,0.3958281,-0.3495718,0.6876484,-35.69297,1.946907,-50.56129
105.81,15.04446,100.5078,20.45592,0.3742708,-0.3430936,0.6986915,-35.69297,1.946907,-50.56129
105.82,14.5522,98.9646300000002,19.05359,0.3666995,-0.3291553,0.6982226,-35.69297,1.946907,-50.56129
105.83,12.8908,97.3027600000001,17.71223,0.365751,-0.3306845,0.6924818,-30.50279,2.338928,-53.74987
105.84,11.10633,95.0473699999998,16.61476,0.3593951,-0.3300004,0.6747853,-30.50279,2.338928,-53.74987
105.85,10.61407,91.8423499999998,16.18797,0.341274,-0.325714,0.6513655,-30.50279,2.338928,-53.74987
105.86,10.61407,88.39991,16.06602,0.3164512,-0.3271324,0.656195,-30.50279,2.338928,-53.74987
105.87,10.42947,85.1948800000002,16.55379,0.2995886,-0.3114251,0.6566989,-30.50279,2.338928,-53.74987
105.88,10.491,82.7020799999999,17.28544,0.2877756,-0.3046887,0.6749036,-25.97327,1.214177,-55.77444
105.89,9.69107099999998,80.5654,17.89515,0.2753833,-0.2931349,0.6897581,-25.97327,1.214177,-55.77444
105.9,8.15273999999997,78.96288,18.38291,0.2638814,-0.2772427,0.6988671,-25.97327,1.214177,-55.77444
105.91,5.137611,77.4790699999998,18.99262,0.2488371,-0.2547709,0.6912302,-25.97327,1.214177,-55.77444
105.92,1.753283,75.10498,19.17553,0.2084267,-0.2308564,0.6836373,-25.97327,1.214177,-55.77444
105.93,-2.061777,70.65355,18.74874,0.1636954,-0.2368672,0.6545237,-22.21093,0.8483267,-57.35711
105.94,-4.523106,65.3711899999999,18.44388,0.1367422,-0.2550077,0.6421324,-22.21093,0.8483267,-57.35711
105.95,-5.076905,60.6823600000002,18.68777,0.1322379,-0.2752483,0.6172595,-22.21093,0.8483267,-57.35711
105.96,-3.969307,57.06187,19.05359,0.1411517,-0.2828517,0.6167673,-22.21093,0.8483267,-57.35711
105.97,-1.877177,55.04388,19.41941,0.1397746,-0.2871866,0.6239495,-22.21093,0.8483267,-57.35711
105.98,-0.0927135500000001,52.84785,19.78524,0.1189827,-0.2694859,0.6383384,-18.08957,1.245999,-58.94106
105.99,0.5226188,49.58347,19.60233,0.08135033,-0.2633429,0.6474954,-18.08957,1.245999,-58.94106
106,0.8918182,46.49715,18.74874,0.05809926,-0.2705309,0.6556736,-18.08957,1.245999,-58.94106
106.01,0.7687517,44.12305,18.80971,0.05537018,-0.2807282,0.6623811,-18.08957,1.245999,-58.94106
106.02,-0.3388465,42.46119,19.35844,0.05758324,-0.2683605,0.681517,-18.08957,1.245999,-58.94106
106.03,-2.30791,40.79932,19.72427,0.05850542,-0.239698,0.6786366,-15.08994,1.26523,-59.30581
106.04,-5.507638,38.84069,19.90718,0.04797409,-0.2239007,0.6753009,-15.08994,1.26523,-59.30581
106.05,-8.27663300000001,35.69501,19.6633,0.02369717,-0.2288678,0.6629015,-15.08994,1.26523,-59.30581
106.06,-8.21509999999999,31.7184,19.17553,-0.0008063524,-0.2472879,0.6677347,-15.08994,1.26523,-59.30581
106.07,-5.076905,27.20762,18.74874,-0.02407088,-0.2541262,0.661077,-13.22409,1.659648,-59.29394
106.08,0.8918182,22.34073,16.49282,-0.0476932,-0.2420813,0.6477149,-13.22409,1.659648,-59.29394
106.09,6.86054200000001,17.82995,13.32234,-0.06440014,-0.2346144,0.650135,-13.22409,1.659648,-59.29394
106.1,11.414,13.61593,10.82254,-0.06676172,-0.2377468,0.6845974,-13.22409,1.659648,-59.29394
106.11,14.42913,10.11414,9.05438700000001,-0.06113461,-0.2508209,0.7305343,-13.22409,1.659648,-59.29394
106.12,16.64433,7.97745600000001,8.07885499999997,-0.05485443,-0.2469312,0.7702441,-11.35458,2.046984,-60.12057
106.13,17.13659,6.49364600000002,6.98138099999999,-0.05702774,-0.2339536,0.8123593,-11.35458,2.046984,-60.12057
106.14,15.72133,5.425303,5.94487799999997,-0.06736411,-0.2274809,0.8516189,-11.35458,2.046984,-60.12057
106.15,13.75226,4.356961,4.969346,-0.08438654,-0.25418,0.8913772,-11.35458,2.046984,-60.12057
106.16,12.76773,4.297609,4.298667,-0.07600948,-0.2843612,0.9205636,-11.35458,2.046984,-60.12057
106.17,13.01386,4.772428,4.115755,-0.07233346,-0.2983282,0.9263036,-9.492392,2.448484,-59.27019
106.18,12.27547,5.959475,4.298667,-0.07130057,-0.3011006,0.9397026,-9.492392,2.448484,-59.27019
106.19,10.73713,6.37494100000001,4.664492,-0.08757375,-0.2906656,0.946907,-9.492392,2.448484,-59.27019
106.2,8.39887199999999,7.68069399999998,4.786434,-0.09090447,-0.2952014,0.9363853,-9.492392,2.448484,-59.27019
106.21,6.12214299999999,8.27421700000002,4.786434,-0.09259239,-0.3094543,0.9225131,-9.492392,2.448484,-59.27019
106.22,4.214613,9.04579699999997,5.396141,-0.0826898,-0.318124,0.9095766,-10.58937,1.291898,-60.11095
106.23,2.06095,9.698673,5.2742,-0.07328399,-0.3263352,0.8947265,-10.58937,1.291898,-60.11095
106.24,-0.0927135500000001,9.876731,6.18876100000001,-0.07952936,-0.3314496,0.8803814,-10.58937,1.291898,-60.11095
106.25,-1.938711,10.23285,6.67652699999997,-0.07953877,-0.3309726,0.8794241,-10.58937,1.291898,-60.11095
106.26,-3.538574,10.23285,7.46914700000001,-0.08175067,-0.3168889,0.8832529,-10.58937,1.291898,-60.11095
106.27,-5.93837000000002,9.93608300000001,8.44467899999999,-0.09244289,-0.3186588,0.8722648,-10.20873,0.9181681,-59.65465
106.28,-7.72283400000001,8.92709299999999,9.05438700000001,-0.1008349,-0.313046,0.8665351,-10.20873,0.9181681,-59.65465
106.29,-8.46123299999998,7.08717000000003,9.05438700000001,-0.112887,-0.3201531,0.8593792,-10.20873,0.9181681,-59.65465
106.3,-8.95349900000001,5.06919,9.481182,-0.101178,-0.3208892,0.8598377,-10.20873,0.9181681,-59.65465
106.31,-10.55336,3.526028,10.21283,-0.08207588,-0.3008426,0.8320417,-10.20873,0.9181681,-59.65465
106.32,-12.58396,2.160923,10.63963,-0.05309952,-0.2872682,0.8190662,-9.457272,0.91998,-60.10059
106.33,-13.99922,0.499057,11.18836,-0.02904464,-0.2715103,0.789827,-9.457272,0.91998,-60.10059
106.34,-15.16835,-1.875038,10.45671,-0.02540703,-0.2579505,0.7768957,-9.457272,0.91998,-60.10059
106.35,-15.41449,-4.902009,8.20079600000001,-0.02065995,-0.2765804,0.8017782,-9.457272,0.91998,-60.10059
106.36,-12.89163,-7.51351300000002,5.883907,-0.01744891,-0.3170509,0.8328904,-9.457272,0.91998,-60.10059
106.37,-7.53823399999999,-8.403799,3.323135,-0.00629601,-0.3394286,0.8591984,-9.099953,1.686771,-59.71486
106.38,-0.708045800000002,-8.10703700000003,1.006246,0.003800466,-0.3318128,0.8730575,-9.099953,1.686771,-59.71486
106.39,4.583812,-6.86063699999999,-1.005789,-0.01391967,-0.2960848,0.8860008,-9.099953,1.686771,-59.71486
106.4,6.36827599999998,-5.673589,-1.92035,-0.04541849,-0.2534276,0.8893948,-9.099953,1.686771,-59.71486
106.41,4.768412,-5.080066,-1.85938,-0.09059988,-0.2349615,0.8808544,-9.099953,1.686771,-59.71486
106.42,0.584151999999999,-5.317475,-0.3351107,-0.1463441,-0.2250134,0.8670703,-9.487032,2.438133,-60.4957
106.43,-4.338506,-6.02970399999999,1.128188,-0.1627053,-0.2368072,0.8350373,-9.487032,2.438133,-60.4957
106.44,-7.968967,-6.74193199999998,3.201193,-0.1605108,-0.249893,0.8340796,-9.487032,2.438133,-60.4957
106.45,-10.92256,-7.09804599999998,4.420609,-0.132351,-0.2701576,0.8421716,-9.487032,2.438133,-60.4957
106.46,-13.81462,-8.04768500000001,4.298667,-0.09906916,-0.2776558,0.8536013,-9.487032,2.438133,-60.4957
106.47,-16.52209,-9.65019800000001,3.018281,-0.06701596,-0.2979531,0.8497221,-9.855608,2.058234,-60.10945
106.48,-18.55268,-11.54947,0.4575092,-0.03759101,-0.3081326,0.8420162,-9.855608,2.058234,-60.10945
106.49,-19.16801,-13.80486,-2.530058,-0.0003049696,-0.3214488,0.8462618,-9.855608,2.058234,-60.10945
106.5,-17.75275,-15.52608,-6.31024500000002,0.03008072,-0.3312594,0.8237183,-9.855608,2.058234,-60.10945
106.51,-14.12229,-16.89119,-10.1514,0.05159671,-0.3359437,0.7964032,-9.855608,2.058234,-60.10945
106.52,-9.93803,-18.07824,-12.95606,0.05099507,-0.3302822,0.779174,-10.23821,2.435777,-60.11426
106.53,-7.41516800000001,-19.79945,-14.41936,0.01704003,-0.3124215,0.7864072,-10.23821,2.435777,-60.11426
106.54,-6.92290199999997,-21.34262,-15.09003,-0.01452298,-0.2920181,0.8008143,-10.23821,2.435777,-60.11426
106.55,-8.522766,-21.28326,-14.48033,-0.0233226,-0.2644537,0.8051297,-10.23821,2.435777,-60.11426
106.56,-12.58396,-21.58002,-12.52926,-0.01810968,-0.2573248,0.7764043,-10.23821,2.435777,-60.11426
106.57,-17.44508,-22.41096,-9.72460699999999,-0.01216977,-0.2635037,0.7256664,-10.63235,3.200758,-59.28259
106.58,-21.01401,-24.13218,-6.79801099999999,-0.02662227,-0.2734169,0.6826223,-10.63235,3.200758,-59.28259
106.59,-22.79848,-27.0998,-5.273742,-0.02647755,-0.2819996,0.6472096,-10.63235,3.200758,-59.28259
106.6,-22.42928,-30.83899,-6.12733300000002,-0.009161656,-0.296442,0.6246901,-10.63235,3.200758,-59.28259
106.61,-20.15255,-35.29042,-8.81004599999998,0.006958379,-0.2985576,0.624184,-10.63235,3.200758,-59.28259
106.62,-19.10648,-39.14832,-13.13897,0.04236846,-0.2893996,0.6456558,-12.15321,4.327308,-59.6868
106.63,-19.90641,-42.4127,-16.6143,0.08887699,-0.3004669,0.6632849,-12.15321,4.327308,-59.6868
106.64,-22.79848,-44.72744,-18.56537,0.1298301,-0.3016148,0.6617781,-12.15321,4.327308,-59.6868
106.65,-26.1828,-48.7634,-20.76032,0.1289522,-0.2806884,0.6670385,-12.15321,4.327308,-59.6868
106.66,-28.15187,-54.28318,-24.23565,0.06999655,-0.3056721,0.7193125,-13.68085,5.466931,-58.54299
106.67,-24.95214,-57.9630199999998,-27.77195,0.0381543,-0.3734435,0.7634144,-13.68085,5.466931,-58.54299
106.68,-16.27595,-59.68424,-30.88146,0.05629151,-0.4051837,0.7605196,-13.68085,5.466931,-58.54299
106.69,-7.661301,-60.2184100000001,-33.25932,0.1060593,-0.408552,0.7628266,-13.68085,5.466931,-58.54299
106.7,-2.12331,-59.68424,-33.62515,0.1453675,-0.4000486,0.7574915,-13.68085,5.466931,-58.54299
106.71,-0.0927135500000001,-59.7435999999998,-32.40574,0.1637041,-0.3648169,0.7445289,-16.6729,5.067889,-58.11171
106.72,-2.615576,-60.63388,-30.51564,0.1706774,-0.3209225,0.7468984,-16.6729,5.067889,-58.11171
106.73,-7.968967,-63.2453900000002,-29.23525,0.1454122,-0.2976183,0.7991012,-16.6729,5.067889,-58.11171
106.74,-12.03016,-66.68783,-29.05234,0.1065327,-0.3025406,0.8230991,-16.6729,5.067889,-58.11171
106.75,-13.69156,-70.0115599999999,-30.69855,0.09832451,-0.3322443,0.8341283,-16.6729,5.067889,-58.11171
106.76,-13.13776,-71.5547299999999,-31.49117,0.1467208,-0.3918335,0.8555952,-19.31887,5.822534,-56.52272
106.77,-11.66096,-71.2579600000001,-30.75952,0.1997197,-0.4373578,0.8641288,-19.31887,5.822534,-56.52272
106.78,-10.49183,-69.6554499999998,-29.47914,0.2553951,-0.4440592,0.861162,-19.31887,5.822534,-56.52272
106.79,-11.35329,-67.5187600000002,-27.77195,0.2975725,-0.4325439,0.8601284,-19.31887,5.822534,-56.52272
106.8,-15.04529,-65.2633699999999,-26.12574,0.3220072,-0.4108772,0.8385443,-19.31887,5.822534,-56.52272
106.81,-21.19861,-65.2633699999999,-24.29662,0.3300649,-0.399187,0.82417,-22.32217,5.810385,-55.31947
106.82,-25.9982,-67.8155199999997,-23.99177,0.3076545,-0.3733231,0.831381,-22.32217,5.810385,-55.31947
106.83,-27.90573,-70.48638,-27.34516,0.280929,-0.4028453,0.8491426,-22.32217,5.810385,-55.31947
106.84,-26.42894,-71.2579600000001,-30.63758,0.3060514,-0.4687913,0.863473,-22.32217,5.810385,-55.31947
106.85,-22.18314,-70.9018499999999,-32.28379,0.3474612,-0.4942141,0.8634073,-22.32217,5.810385,-55.31947
106.86,-19.66028,-69.4773899999998,-33.93,0.3874157,-0.4946028,0.8408447,-26.08282,6.172966,-54.12379
106.87,-19.35262,-68.5870999999998,-33.99097,0.421847,-0.487151,0.7843108,-26.08282,6.172966,-54.12379
106.88,-21.07554,-68.2903399999997,-32.28379,0.439862,-0.4613998,0.7450295,-26.08282,6.172966,-54.12379
106.89,-23.22921,-70.1302600000001,-30.75952,0.428041,-0.4028563,0.7426422,-26.08282,6.172966,-54.12379
106.9,-24.39834,-73.6320600000002,-32.58865,0.3772843,-0.3720098,0.7714373,-26.08282,6.172966,-54.12379
106.91,-23.41381,-77.0744899999998,-36.67369,0.3508357,-0.4416491,0.8121803,-29.09568,6.544442,-52.53555
106.92,-17.26048,-77.3118999999998,-38.01505,0.3697449,-0.5645327,0.8839653,-29.09568,6.544442,-52.53555
106.93,-7.72283400000001,-74.99716,-36.73466,0.4126422,-0.6162931,0.9231471,-29.09568,6.544442,-52.53555
106.94,1.384084,-71.67343,-35.88107,0.4532064,-0.5964478,0.9331214,-29.09568,6.544442,-52.53555
106.95,7.22974099999998,-67.8155199999997,-35.33233,0.4910835,-0.5372812,0.944526,-29.09568,6.544442,-52.53555
106.96,8.15273999999997,-64.0763199999998,-34.90553,0.5139103,-0.4814768,0.9396861,-32.84933,6.163202,-49.33632
106.97,3.537747,-61.4648199999999,-33.80806,0.5228097,-0.4366996,0.9281732,-32.84933,6.163202,-49.33632
106.98,-3.969307,-60.0997099999999,-31.97894,0.5371242,-0.4203061,0.9362798,-32.84933,6.163202,-49.33632
106.99,-12.39936,-59.3874799999999,-29.35719,0.5298805,-0.4238815,0.9329433,-32.84933,6.163202,-49.33632
107,-19.16801,-60.2777699999999,-26.73545,0.5147977,-0.4500475,0.9736553,-32.84933,6.163202,-49.33632
107.01,-22.98308,-59.3874799999999,-24.29662,0.5183688,-0.5093267,1.019608,-36.1492,5.388,-48.13132
107.02,-21.93701,-56.36051,-22.34556,0.5328735,-0.5544686,1.046873,-36.1492,5.388,-48.13132
107.03,-17.87582,-52.02779,-20.76032,0.5497962,-0.5729237,1.064556,-36.1492,5.388,-48.13132
107.04,-14.30689,-47.81377,-19.35799,0.5629879,-0.5752726,1.044912,-36.1492,5.388,-48.13132
107.05,-11.78403,-43.77781,-17.22401,0.5839344,-0.5748324,1.047746,-36.1492,5.388,-48.13132
107.06,-10.92256,-40.33537,-14.96809,0.5878114,-0.5738366,1.041996,-38.77973,5.382477,-46.47377
107.07,-10.67643,-37.48646,-11.91955,0.5859517,-0.6044526,1.045836,-38.77973,5.382477,-46.47377
107.08,-8.70736600000002,-34.40013,-8.07839699999998,0.5913978,-0.6085387,1.065449,-38.77973,5.382477,-46.47377
107.09,-4.523106,-31.43252,-5.029859,0.5828998,-0.5713416,1.059712,-38.77973,5.382477,-46.47377
107.1,-1.446445,-28.76166,-2.956853,0.5906054,-0.5670046,1.039118,-38.77973,5.382477,-46.47377
107.11,0.3995523,-25.08182,0.640421599999999,0.6180403,-0.6010829,1.026158,-41.03693,5.382491,-44.49095
107.12,0.707218499999999,-20.21492,6.615556,0.6449969,-0.6356696,1.011762,-41.03693,5.382491,-44.49095
107.13,-0.4619129,-14.93256,14.17593,0.6649191,-0.6329604,0.9992839,-41.03693,5.382491,-44.49095
107.14,-3.477041,-9.76890300000002,22.46795,0.6525438,-0.5967724,0.9978605,-41.03693,5.382491,-44.49095
107.15,-13.87616,-5.970351,30.33318,0.6370596,-0.5238581,1.033762,-41.03693,5.382491,-44.49095
107.16,-30.55166,-2.527914,36.5522,0.6188682,-0.4619985,1.088814,-42.17072,5.757678,-44.11432
107.17,-50.6115,2.220276,41.91763,0.6071818,-0.4356859,1.121849,-42.17072,5.757678,-44.11432
107.18,-72.3327300000001,5.247247,46.49043,0.5749148,-0.4571671,1.074532,-42.17072,5.757678,-44.11432
107.19,-90.1773700000001,7.44328400000002,51.18518,0.5538951,-0.5073336,1.001359,-42.17072,5.757678,-44.11432
107.2,-99.83808,9.10515000000002,55.63604,0.5235223,-0.579448,0.8865725,-42.20414,7.282915,-43.67093
107.21,-101.1918,8.68968299999998,58.5016699999999,0.5122048,-0.6540006,0.7827605,-42.20414,7.282915,-43.67093
107.22,-97.3767500000001,8.33357000000001,60.7575899999999,0.5209293,-0.6528705,0.7281873,-42.20414,7.282915,-43.67093
107.23,-93.31556,8.51162600000001,60.69662,0.5178133,-0.643551,0.69134,-42.20414,7.282915,-43.67093
107.24,-88.5159700000003,9.34255999999998,61.1843800000001,0.524655,-0.618624,0.6922789,-42.20414,7.282915,-43.67093
107.25,-84.6393699999998,10.70766,62.2818600000003,0.499011,-0.6035113,0.6468549,-41.53864,11.10245,-42.46014
107.26,-81.8088499999998,11.36054,62.7696300000001,0.4816657,-0.6405057,0.6244016,-41.53864,11.10245,-42.46014
107.27,-79.5321199999998,11.71665,63.9280699999999,0.4697772,-0.6820194,0.6273045,-41.53864,11.10245,-42.46014
107.28,-75.2247900000003,11.89471,62.89157,0.4683221,-0.6562099,0.6363933,-41.53864,11.10245,-42.46014
107.29,-69.3175999999999,13.73463,59.0504099999997,0.4624844,-0.6040268,0.6694118,-41.53864,11.10245,-42.46014
107.3,-66.3024699999997,16.7616,56.61158,0.4471941,-0.5676596,0.6938365,-40.53405,16.81949,-42.09521
107.31,-68.27154,18.12671,56.42867,0.4157736,-0.5815543,0.6771446,-40.53405,16.81949,-42.09521
107.32,-71.8404600000003,16.93966,56.24575,0.4094172,-0.5808878,0.6575339,-40.53405,16.81949,-42.09521
107.33,-78.3014499999998,16.28679,55.75799,0.4066655,-0.5902497,0.6494054,-40.53405,16.81949,-42.09521
107.34,-86.1161700000003,14.38751,56.36769,0.3828636,-0.6204589,0.638926,-40.53405,16.81949,-42.09521
107.35,-87.7775700000001,13.79399,55.75799,0.399282,-0.6643288,0.6417801,-39.14134,21.72232,-40.88461
107.36,-85.4393100000002,14.68427,55.69702,0.4052215,-0.7730975,0.6379691,-39.14134,21.72232,-40.88461
107.37,-77.31693,16.16808,55.87993,0.4049215,-0.8090939,0.6346289,-39.14134,21.72232,-40.88461
107.38,-66.4255399999998,18.54218,54.9044,0.4030507,-0.8136445,0.619319,-39.14134,21.72232,-40.88461
107.39,-56.27256,20.61951,50.63644,0.383358,-0.7771679,0.6121652,-39.14134,21.72232,-40.88461
107.4,-47.71944,22.22202,47.58791,0.3605475,-0.7555318,0.6361282,-36.60383,25.55919,-39.27293
107.41,-43.96591,23.82454,46.12461,0.3287486,-0.7224547,0.6553181,-36.60383,25.55919,-39.27293
107.42,-45.31964,25.18964,44.60034,0.3369087,-0.7152709,0.6792309,-36.60383,25.55919,-39.27293
107.43,-51.28836,27.56374,45.81975,0.350421,-0.7330443,0.7256338,-36.60383,25.55919,-39.27293
107.44,-58.7954199999998,29.99718,49.78285,0.3472438,-0.7715315,0.7218207,-36.60383,25.55919,-39.27293
107.45,-64.0257399999998,33.26157,50.69741,0.3424351,-0.8014883,0.6979079,-34.50432,29.75951,-39.27901
107.46,-65.6871400000001,35.99178,50.08771,0.3061521,-0.8423945,0.6606528,-34.50432,29.75951,-39.27901
107.47,-61.9951499999999,37.06012,48.0147,0.2657947,-0.8735089,0.6401524,-34.50432,29.75951,-39.27901
107.48,-52.82669,38.60328,44.35645,0.233836,-0.8843802,0.6363823,-34.50432,29.75951,-39.27901
107.49,-45.07351,40.73996,39.47879,0.2069326,-0.8527605,0.6450354,-34.50432,29.75951,-39.27901
107.5,-40.82772,41.74895,37.83258,0.2037249,-0.8121847,0.6254089,-33.45452,33.19823,-38.45042
107.51,-42.42758,42.69859,37.28385,0.2354884,-0.7912222,0.6172124,-33.45452,33.19823,-38.45042
107.52,-50.67303,45.25074,37.71064,0.2620375,-0.8038531,0.6133407,-33.45452,33.19823,-38.45042
107.53,-59.9030199999998,47.32808,38.93006,0.2617633,-0.8934122,0.5980499,-33.45452,33.19823,-38.45042
107.54,-64.76414,48.81189,42.10054,0.2558774,-0.9958307,0.5703291,-33.45452,33.19823,-38.45042
107.55,-61.8720799999998,51.5421,44.72228,0.2387011,-1.015774,0.5521782,-30.52118,36.26685,-38.0574
107.56,-55.53416,54.33166,43.31995,0.2204061,-1.055109,0.4885696,-30.52118,36.26685,-38.0574
107.57,-49.3193,54.2723,44.60034,0.2133402,-1.042899,0.4574714,-30.52118,36.26685,-38.0574
107.58,-44.39664,52.9072,47.83179,0.2096343,-1.05397,0.4239804,-30.52118,36.26685,-38.0574
107.59,-40.27392,50.59246,54.0508,0.2184949,-1.084251,0.4412015,-30.52118,36.26685,-38.0574
107.6,-35.53586,52.61044,56.67255,0.2355683,-1.084688,0.4627077,-27.96426,39.33592,-37.28014
107.61,-32.15153,54.86583,63.0135099999999,0.2160919,-1.111239,0.4708843,-27.96426,39.33592,-37.28014
107.62,-29.19793,56.23093,68.31797,0.17348,-1.100104,0.4522913,-27.96426,39.33592,-37.28014
107.63,-24.95214,55.57806,70.3909800000001,0.1434033,-1.081974,0.4274531,-27.96426,39.33592,-37.28014
107.64,-17.99888,54.56907,68.8057399999998,0.1145253,-1.049667,0.4093092,-27.96426,39.33592,-37.28014
107.65,-11.47636,51.60145,67.7692300000002,0.08437361,-0.9764273,0.3533495,-25.00564,41.2602,-37.26804
107.66,-5.75377100000002,45.66621,61.4892400000001,0.0617093,-0.9112687,0.3538508,-25.00564,41.2602,-37.26804
107.67,3.537747,43.58888,54.66051,0.04567226,-0.8870823,0.3763656,-25.00564,41.2602,-37.26804
107.68,10.55254,43.29212,49.0512,0.0159765,-0.8878829,0.4060893,-25.00564,41.2602,-37.26804
107.69,11.29093,43.70758,46.18558,0.02712379,-0.9104362,0.4132543,-25.00564,41.2602,-37.26804
107.7,10.36794,43.82629,45.63684,0.04252109,-0.9511695,0.4424311,-20.18734,43.95598,-37.63309
107.71,8.829605,44.36046,45.88072,0.02833761,-1.000675,0.4266756,-20.18734,43.95598,-37.63309
107.72,8.21427200000002,43.41082,47.16111,-0.01099969,-1.034961,0.3760239,-20.18734,43.95598,-37.63309
107.73,8.89113800000002,42.34248,48.13664,-0.02219723,-1.009353,0.3841726,-20.18734,43.95598,-37.63309
107.74,9.07573799999999,40.3245,48.74635,-0.0508199,-0.9898803,0.3966605,-20.18734,43.95598,-37.63309
107.75,9.752604,38.72198,47.95373,-0.06467677,-0.9784563,0.4005103,-17.93352,43.9625,-38.84191
107.76,13.38306,37.95041,46.73431,-0.05230551,-0.9883554,0.4071914,-17.93352,43.9625,-38.84191
107.77,20.15172,37.53494,46.06364,-0.01777242,-1.011073,0.3990013,-17.93352,43.9625,-38.84191
107.78,27.41264,35.39825,48.07567,0.007416747,-1.056228,0.3487185,-17.93352,43.9625,-38.84191
107.79,38.24249,32.8461,50.27062,0.05314088,-1.051928,0.3481591,-13.45064,44.75369,-39.19961
107.8,49.81073,31.42164,52.52654,0.07115887,-1.026084,0.3189279,-13.45064,44.75369,-39.19961
107.81,58.30232,28.86949,56.12381,0.06912252,-0.9698738,0.3059954,-13.45064,44.75369,-39.19961
107.82,62.79425,25.30835,59.41623,0.04991683,-0.9077467,0.2863913,-13.45064,44.75369,-39.19961
107.83,64.5787100000002,22.22202,62.3428300000002,0.0372574,-0.8821849,0.2926282,-13.45064,44.75369,-39.19961
107.84,65.5632400000002,19.78858,65.6962299999998,0.03615672,-0.8753639,0.2969356,-11.18978,44.7466,-42.02094
107.85,65.8708999999998,18.83894,68.62283,0.01760216,-0.8468494,0.3199323,-11.18978,44.7466,-42.02094
107.86,65.9939699999999,17.94865,70.0861200000001,0.008350099,-0.8205237,0.3491347,-11.18978,44.7466,-42.02094
107.87,66.6093099999998,18.66088,70.6958299999998,-0.01891415,-0.7942163,0.4152189,-11.18978,44.7466,-42.02094
107.88,68.02457,20.08534,69.8422399999997,-0.04634604,-0.7856867,0.4506792,-11.18978,44.7466,-42.02094
107.89,68.4552999999998,22.93425,68.5618499999998,-0.08808213,-0.7427107,0.4579196,-8.141802,42.84661,-44.43956
107.9,70.0551700000002,23.52777,66.3059400000001,-0.1232455,-0.712914,0.4445731,-8.141802,42.84661,-44.43956
107.91,74.3624999999998,19.43246,62.2818600000003,-0.1961393,-0.6754159,0.2925033,-8.141802,42.84661,-44.43956
107.92,82.1772199999997,12.60694,56.24575,-0.2275617,-0.6909098,0.2073755,-8.141802,42.84661,-44.43956
107.93,94.7300000000001,7.44328400000002,49.72188,-0.2197991,-0.7671194,0.1997244,-8.141802,42.84661,-44.43956
107.94,115.2821,6.01882700000002,45.57587,-0.1683336,-0.8592753,0.2666591,-4.765821,40.18827,-46.85181
107.95,140.7569,9.93608300000001,44.11257,-0.1163291,-0.8238932,0.3565316,-4.765821,40.18827,-46.85181
107.96,163.6472,15.57456,39.60073,-0.12636,-0.5986608,0.4574706,-4.765821,40.18827,-46.85181
107.97,171.5235,19.55117,29.35765,-0.1535889,-0.3412243,0.5038736,-4.765821,40.18827,-46.85181
107.98,160.2629,20.56016,20.94368,-0.1688069,-0.2038753,0.5708655,-4.765821,40.18827,-46.85181
107.99,136.5726,20.91627,17.34641,-0.1676225,-0.1614161,0.6412032,-2.046223,36.37007,-50.87559
108,108.4519,20.79757,15.63923,-0.1700699,-0.1859361,0.6751927,-2.046223,36.37007,-50.87559
108.01,84.7000699999998,20.32275,12.46875,-0.162797,-0.2358224,0.6775857,-2.046223,36.37007,-50.87559
108.02,68.0861100000002,18.60153,8.50565099999999,-0.1668512,-0.2805399,0.6321395,-2.046223,36.37007,-50.87559
108.03,58.0561900000002,13.25982,4.603521,-0.2115522,-0.3158742,0.5317255,-2.046223,36.37007,-50.87559
108.04,55.10259,4.416313,-1.798409,-0.2674466,-0.3526603,0.4030955,-0.773941,29.88468,-54.12229
108.05,58.9176500000002,-6.08905600000001,-9.17587100000002,-0.3147856,-0.4022828,0.3400188,-0.773941,29.88468,-54.12229
108.06,66.0554999999998,-15.94155,-13.13897,-0.2987153,-0.426971,0.3687117,-0.773941,29.88468,-54.12229
108.07,71.8396299999998,-23.41995,-17.10207,-0.2517108,-0.411336,0.4356264,-0.773941,29.88468,-54.12229
108.08,71.5935,-28.93972,-19.72381,-0.2213379,-0.3399883,0.5197845,-0.773941,29.88468,-54.12229
108.09,63.9018399999998,-33.92532,-22.65041,-0.1971608,-0.276832,0.5718908,-0.3135204,26.07031,-55.71174
108.1,52.14899,-38.49545,-26.0038,-0.1818571,-0.287137,0.5809597,-0.3135204,26.07031,-55.71174
108.11,43.59588,-43.12493,-29.60108,-0.1767104,-0.3279685,0.5685183,-0.3135204,26.07031,-55.71174
108.12,38.05789,-47.81377,-32.16185,-0.1751601,-0.3592837,0.5417234,-0.3135204,26.07031,-55.71174
108.13,33.25829,-54.69864,-34.05194,-0.2112285,-0.3599271,0.4963217,-0.3135204,26.07031,-55.71174
108.14,26.92038,-63.1266799999998,-35.8201,-0.244649,-0.3451996,0.4786689,-1.736366,22.62551,-56.93011
108.15,19.65945,-71.3766600000002,-36.61272,-0.256724,-0.3763542,0.4987981,-1.736366,22.62551,-56.93011
108.16,13.8138,-77.7867199999998,-36.55175,-0.2096232,-0.4703085,0.5379835,-1.736366,22.62551,-56.93011
108.17,11.66013,-81.5852699999998,-35.21039,-0.1320727,-0.550282,0.6053481,-1.736366,22.62551,-56.93011
108.18,12.95233,-82.1787899999999,-33.99097,-0.0704008,-0.6157638,0.6445007,-1.736366,22.62551,-56.93011
108.19,15.90593,-82.3568600000002,-32.52768,-0.04534279,-0.6783271,0.6569161,-4.702854,21.08158,-56.94425
108.2,18.98259,-82.5942599999999,-29.17428,-0.04821046,-0.7061648,0.7009572,-4.702854,21.08158,-56.94425
108.21,21.07472,-82.7723199999998,-25.21118,-0.05737541,-0.7096983,0.7593604,-4.702854,21.08158,-56.94425
108.22,20.39785,-81.8226900000001,-20.88226,-0.07361659,-0.7005756,0.782358,-4.702854,21.08158,-56.94425
108.23,18.98259,-80.9324000000001,-16.49236,-0.06504404,-0.6895489,0.8005261,-4.702854,21.08158,-56.94425
108.24,18.49032,-79.5672900000001,-13.078,-0.04567189,-0.6826471,0.8225051,-8.756676,20.67458,-56.52084
108.25,18.92105,-77.8460800000002,-10.51723,-0.02221198,-0.6858913,0.8420866,-8.756676,20.67458,-56.52084
108.26,19.16719,-74.8784599999998,-7.40771900000001,-0.000617678,-0.693524,0.8640655,-8.756676,20.67458,-56.52084
108.27,20.27479,-71.43602,-4.115297,0.00215734,-0.6585593,0.9085592,-8.756676,20.67458,-56.52084
108.28,17.69039,-67.16265,-2.347146,0.009462955,-0.5792012,0.9621266,-8.756676,20.67458,-56.52084
108.29,10.36794,-63.0079800000002,-1.371614,0.02786715,-0.5200641,1.01233,-12.85209,19.19215,-55.76965
108.3,1.322551,-58.9720099999999,-0.639964500000003,0.06357742,-0.4749053,1.03762,-12.85209,19.19215,-55.76965
108.31,-6.98443499999999,-54.34253,-0.944818299999998,0.1067671,-0.4388493,1.060986,-12.85209,19.19215,-55.76965
108.32,-13.81462,-48.82276,-1.981321,0.1374349,-0.385267,1.061876,-12.85209,19.19215,-55.76965
108.33,-19.47568,-43.89651,-5.212771,0.1430201,-0.3204089,1.021649,-16.59362,18.78748,-55.34393
108.34,-22.24468,-40.21666,-10.88305,0.138169,-0.2965498,0.9843225,-16.59362,18.78748,-55.34393
108.35,-21.56781,-37.13034,-17.22401,0.1412849,-0.3081825,0.927848,-16.59362,18.78748,-55.34393
108.36,-18.06042,-35.11236,-22.95526,0.1514921,-0.3335437,0.8957722,-16.59362,18.78748,-55.34393
108.37,-12.58396,-35.58718,-28.07681,0.1247069,-0.3610804,0.8651971,-16.59362,18.78748,-55.34393
108.38,-6.86136900000001,-38.6735,-33.25932,0.07568662,-0.4239784,0.8418486,-18.83958,18.4006,-54.13307
108.39,-0.0927135500000001,-41.1663,-37.77116,0.07153318,-0.4881916,0.843308,-18.83958,18.4006,-54.13307
108.4,6.98360799999999,-41.75983,-41.30746,0.09571013,-0.5042842,0.8380057,-18.83958,18.4006,-54.13307
108.41,12.95233,-41.99723,-44.41697,0.1177529,-0.5108011,0.8216974,-18.83958,18.4006,-54.13307
108.42,17.07506,-42.35335,-47.58745,0.1362382,-0.5096701,0.7991718,-18.83958,18.4006,-54.13307
108.43,20.76705,-43.06558,-49.72143,0.1581092,-0.5069092,0.7881257,-20.7116,18.38327,-54.53398
108.44,25.44358,-44.7868,-51.36764,0.1303747,-0.4831688,0.7872108,-20.7116,18.38327,-54.53398
108.45,30.8585,-47.75442,-53.07482,0.1159293,-0.5177324,0.8116522,-20.7116,18.38327,-54.53398
108.46,37.99635,-48.46664,-54.72103,0.1418301,-0.5728188,0.8427287,-20.7116,18.38327,-54.53398
108.47,48.70314,-46.32996,-55.63559,0.1742914,-0.6135122,0.8924545,-20.7116,18.38327,-54.53398
108.48,61.0713199999998,-41.58177,-56.97695,0.1922722,-0.6362629,0.9163579,-23.33568,18.00011,-52.5519
108.49,72.27036,-38.19868,-57.40374,0.1904031,-0.5879284,0.9450632,-23.33568,18.00011,-52.5519
108.5,75.5931499999999,-35.34977,-58.0134499999998,0.206453,-0.534013,0.9608143,-23.33568,18.00011,-52.5519
108.51,73.1933600000002,-32.44151,-56.48919,0.2046936,-0.465858,0.9780286,-23.33568,18.00011,-52.5519
108.52,68.5168399999999,-30.72029,-56.2453,0.2089649,-0.4343979,0.9550413,-23.33568,18.00011,-52.5519
108.53,65.62477,-29.59259,-56.00142,0.2149091,-0.4396697,0.9502466,-25.88275,14.54687,-53.77863
108.54,66.7939100000003,-28.3462,-55.57462,0.2150926,-0.4221669,1.003842,-25.88275,14.54687,-53.77863
108.55,71.6550299999999,-27.99008,-56.42822,0.2171652,-0.4811003,0.9847109,-25.88275,14.54687,-53.77863
108.56,81.4388099999998,-27.04044,-56.85501,0.2698703,-0.5624234,1.01144,-25.88275,14.54687,-53.77863
108.57,94.5453899999999,-23.18254,-53.44065,0.3590544,-0.639326,1.070648,-25.88275,14.54687,-53.77863
108.58,104.2061,-19.02787,-46.06318,0.3908418,-0.5399106,1.139003,-28.03068,9.588645,-53.38194
108.59,103.16,-15.70414,-41.91717,0.3757566,-0.38433,1.180147,-28.03068,9.588645,-53.38194
108.6,92.5147900000003,-12.143,-37.64922,0.3296316,-0.2895371,1.177332,-28.03068,9.588645,-53.38194
108.61,81.0696200000003,-9.29408499999999,-36.30786,0.3134952,-0.2615187,1.140981,-28.03068,9.588645,-53.38194
108.62,74.3624999999998,-6.02970399999999,-35.08845,0.3039387,-0.2985129,1.101764,-28.03068,9.588645,-53.38194
108.63,72.3934300000001,-4.961361,-34.53971,0.3050645,-0.3332776,1.070663,-29.79262,4.246332,-53.75446
108.64,71.28583,-5.79229399999998,-27.95487,0.2963608,-0.3632543,1.052979,-29.79262,4.246332,-53.75446
108.65,70.2397700000001,-6.86063699999999,-25.45506,0.3111533,-0.3455944,1.092192,-29.79262,4.246332,-53.75446
108.66,66.3631700000003,-5.495532,-19.47993,0.3236761,-0.3118038,1.093597,-29.79262,4.246332,-53.75446
108.67,62.7327099999999,-4.902009,-17.58984,0.28332,-0.2659474,1.041012,-29.79262,4.246332,-53.75446
108.68,58.8561200000003,-4.783304,-16.37042,0.2920044,-0.236572,0.9931319,-29.7098,0.0695014,-52.89365
108.69,51.16446,-2.646618,-11.6147,0.2969598,-0.1887202,1.007468,-29.7098,0.0695014,-52.89365
108.7,37.87329,-0.3912286,-9.48072400000001,0.3009213,-0.13996,1.01702,-29.7098,0.0695014,-52.89365
108.71,22.42845,1.745457,-8.26131000000001,0.3031831,-0.1050504,1.003607,-29.7098,0.0695014,-52.89365
108.72,6.737475,3.526028,-7.65160199999999,0.294299,-0.09960517,0.9806495,-29.7098,0.0695014,-52.89365
108.73,-8.70736600000002,3.169914,-6.91995200000002,0.2621245,-0.07384743,0.9443273,-30.38853,-3.359325,-52.88095
108.74,-24.58294,2.398333,-6.67606899999998,0.248143,-0.08194259,0.939568,-30.38853,-3.359325,-52.88095
108.75,-39.78165,1.745457,-7.04189400000002,0.262815,-0.08444116,0.9534217,-30.38853,-3.359325,-52.88095
108.76,-55.53416,2.813799,-6.79801099999999,0.2863804,-0.06722546,0.9782621,-30.38853,-3.359325,-52.88095
108.77,-72.3327300000001,4.297609,-7.52965999999999,0.2919225,-0.07679094,0.9830408,-30.38853,-3.359325,-52.88095
108.78,-88.2698399999999,5.90012299999998,-8.50519200000002,0.2927997,-0.09773928,0.9753873,-30.34723,-5.264917,-53.32231
108.79,-102.5455,6.73105599999997,-9.23684100000003,0.293523,-0.1368065,0.952903,-30.34723,-5.264917,-53.32231
108.8,-115.0368,7.265227,-9.35878299999997,0.2987653,-0.1831305,0.9241914,-30.34723,-5.264917,-53.32231
108.81,-126.2358,7.02781800000001,-9.11489999999999,0.297182,-0.229007,0.90602,-30.34723,-5.264917,-53.32231
108.82,-135.1582,6.25623699999997,-7.59063100000002,0.2962499,-0.25721,0.9060289,-30.34723,-5.264917,-53.32231
108.83,-142.5421,4.713075,-4.725005,0.2780415,-0.274355,0.8773505,-29.63537,-3.360783,-53.71389
108.84,-148.0186,0.973875899999997,-3.50559,0.2315179,-0.2381164,0.7960643,-29.63537,-3.360783,-53.71389
108.85,-153.0643,-2.705971,-4.420151,0.2146887,-0.2252198,0.7549328,-29.63537,-3.360783,-53.71389
108.86,-158.9715,-5.258122,-6.31024500000002,0.2276306,-0.3179105,0.7405768,-29.63537,-3.360783,-53.71389
108.87,-159.2177,-6.97934199999999,-5.700537,0.2716366,-0.4554861,0.7457998,-29.37607,1.977361,-52.514
108.88,-151.7721,-7.33545500000002,-4.054327,0.2991745,-0.5725268,0.7472177,-29.37607,1.977361,-52.514
108.89,-140.0808,-7.21675099999998,-2.71297,0.3127566,-0.6727562,0.7572699,-29.37607,1.977361,-52.514
108.9,-126.4204,-6.38581799999999,-0.1521984,0.3175028,-0.7434739,0.7721158,-29.37607,1.977361,-52.514
108.91,-113.56,-6.50452200000002,3.323135,0.2941888,-0.7736472,0.7645069,-29.37607,1.977361,-52.514
108.92,-102.9147,-8.10703700000003,7.34720599999997,0.257121,-0.7471415,0.7143142,-29.90359,9.207847,-51.78131
108.93,-93.9308900000002,-10.65919,10.51768,0.2113578,-0.698292,0.6818383,-29.90359,9.207847,-51.78131
108.94,-89.4389699999998,-13.27069,11.37128,0.1948743,-0.7031139,0.6684681,-29.90359,9.207847,-51.78131
108.95,-86.0546399999998,-14.57644,12.46875,0.2156291,-0.7437631,0.6952426,-29.90359,9.207847,-51.78131
108.96,-81.7473100000002,-14.27968,15.33438,0.2421118,-0.804359,0.7071765,-29.90359,9.207847,-51.78131
108.97,-76.1477899999998,-11.84624,18.50485,0.279762,-0.8620017,0.7521119,-30.39574,14.54418,-50.13548
108.98,-69.9944700000003,-7.51351300000002,22.83378,0.3036956,-0.8897564,0.8004135,-30.39574,14.54418,-50.13548
108.99,-68.0869400000001,-3.062085,28.44309,0.2935561,-0.867677,0.8454116,-30.39574,14.54418,-50.13548
109,-70.9790000000003,0.4397046,34.05239,0.2921483,-0.8442436,0.8602439,-30.39574,14.54418,-50.13548
109.01,-77.93225,4.83178,39.84462,0.2836161,-0.8042623,0.8932702,-30.39574,14.54418,-50.13548
109.02,-86.6699800000003,8.214865,45.14907,0.272307,-0.7728908,0.894239,-30.87189,19.11926,-48.55008
109.03,-96.8844899999999,10.76702,48.86829,0.2593839,-0.7596275,0.8846866,-30.87189,19.11926,-48.55008
109.04,-106.4837,12.07277,53.13625,0.2507785,-0.7950134,0.8598247,-30.87189,19.11926,-48.55008
109.05,-113.3139,14.26881,57.3432300000001,0.2526889,-0.8451373,0.8478699,-30.87189,19.11926,-48.55008
109.06,-115.6521,16.70225,61.6721499999999,0.2604646,-0.8968356,0.8105407,-30.87189,19.11926,-48.55008
109.07,-111.4063,17.82995,65.7572000000003,0.2736791,-0.9264319,0.7870751,-30.57562,22.49931,-46.50121
109.08,-103.8377,18.66088,68.9276800000003,0.2632411,-0.9161974,0.7598118,-30.57562,22.49931,-46.50121
109.09,-95.28462,17.8893,69.7812699999998,0.2257368,-0.8927432,0.695742,-30.57562,22.49931,-46.50121
109.1,-88.0236999999999,16.7616,70.3909800000001,0.1915164,-0.8615927,0.6689934,-30.57562,22.49931,-46.50121
109.11,-81.6857799999998,15.57456,71.0616500000001,0.1859241,-0.9018005,0.6417346,-30.57562,22.49931,-46.50121
109.12,-75.0401899999998,14.44686,73.0127199999998,0.1923257,-0.9313253,0.6407739,-27.7142,28.62821,-44.06039
109.13,-66.9178100000002,14.38751,74.7198999999999,0.1962322,-0.9581327,0.6235453,-27.7142,28.62821,-44.06039
109.14,-58.24162,14.92168,76.4880500000001,0.1910442,-0.9675646,0.613028,-27.7142,28.62821,-44.06039
109.15,-51.3499,15.04039,79.1707699999999,0.1617948,-0.9673198,0.5968074,-27.7142,28.62821,-44.06039
109.16,-46.73491,15.87132,79.4756200000002,0.1465483,-0.9598503,0.5963535,-27.7142,28.62821,-44.06039
109.17,-43.16598,16.10873,80.8169800000002,0.1290907,-0.9646871,0.5834636,-25.57135,33.59624,-43.29607
109.18,-40.15085,16.10873,82.21931,0.1099108,-0.9289397,0.6016737,-25.57135,33.59624,-43.29607
109.19,-38.55099,18.18606,81.4266800000002,0.1200611,-0.9250402,0.5810763,-25.57135,33.59624,-43.29607
109.2,-37.56646,17.53319,83.3777499999999,0.1171213,-0.9248624,0.5538025,-25.57135,33.59624,-43.29607
109.21,-35.35126,15.2778,85.51173,0.09624043,-0.9030049,0.5447403,-25.57135,33.59624,-43.29607
109.22,-31.7208,14.50622,84.4142499999998,0.08397974,-0.9253163,0.5227529,-22.6574,37.43265,-42.0686
109.23,-25.25981,11.89471,84.7800799999998,0.06977763,-0.9474468,0.5246977,-22.6574,37.43265,-42.0686
109.24,-16.52209,11.5386,84.4142499999998,0.06642599,-0.9503234,0.5361901,-22.6574,37.43265,-42.0686
109.25,-6.738302,11.59795,84.3532799999999,0.0655765,-0.9044073,0.5639372,-22.6574,37.43265,-42.0686
109.26,1.384084,13.73463,80.5730999999998,0.06496974,-0.8460755,0.5672733,-22.6574,37.43265,-42.0686
109.27,5.99907599999998,14.1501,77.6465000000002,0.05801164,-0.7869194,0.5682273,-19.36085,40.89152,-40.83633
109.28,8.76807199999999,13.97204,76.0002899999999,0.06252319,-0.7151643,0.5935655,-19.36085,40.89152,-40.83633
109.29,7.78353999999998,17.7706,69.4154399999998,0.07058125,-0.6242164,0.637557,-19.36085,40.89152,-40.83633
109.3,2.676282,20.85692,64.4158399999998,0.05966687,-0.5872418,0.6658025,-19.36085,40.89152,-40.83633
109.31,-2.369443,23.46842,59.9039999999998,0.04887655,-0.5564107,0.7127138,-19.36085,40.89152,-40.83633
109.32,-6.12296999999999,27.91985,52.95333,0.02585617,-0.6284919,0.6917152,-16.00808,42.05081,-41.65588
109.33,-4.953839,28.21661,49.17315,-0.01193081,-0.7453794,0.6386892,-16.00808,42.05081,-41.65588
109.34,2.799348,27.9792,47.28305,-0.04918,-0.8652993,0.5717844,-16.00808,42.05081,-41.65588
109.35,13.32153,26.31734,45.69781,-0.07853554,-0.9119481,0.5292543,-16.00808,42.05081,-41.65588
109.36,23.65911,24.29935,43.74675,-0.09476099,-0.9046472,0.5125305,-16.00808,42.05081,-41.65588
109.37,31.53537,22.34073,41.5518,-0.110038,-0.8701761,0.4890981,-13.02587,42.83403,-41.6377
109.38,37.13489,20.85692,39.66171,-0.1186116,-0.8548217,0.4862376,-13.02587,42.83403,-41.6377
109.39,42.36521,20.02599,38.25938,-0.1273591,-0.8558962,0.4939104,-13.02587,42.83403,-41.6377
109.4,48.02627,20.44145,37.22287,-0.1292291,-0.8596497,0.512579,-13.02587,42.83403,-41.6377
109.41,55.22566,22.22202,36.18637,-0.1262527,-0.8617662,0.5403318,-13.02587,42.83403,-41.6377
109.42,63.1634400000002,25.54576,34.47919,-0.1389218,-0.8613814,0.5566254,-11.1451,42.83447,-43.23631
109.43,70.1167000000001,28.75078,32.1623,-0.1642531,-0.8355182,0.5700631,-11.1451,42.83447,-43.23631
109.44,75.1008899999998,30.65006,30.02833,-0.1788037,-0.8128304,0.5849184,-11.1451,42.83447,-43.23631
109.45,77.93142,32.8461,27.77241,-0.1891828,-0.778967,0.5906707,-11.1451,42.83447,-43.23631
109.46,79.5312800000002,34.44861,25.39455,-0.1979262,-0.7286281,0.5878015,-8.854477,41.30922,-45.66251
109.47,78.9774900000002,35.27955,22.77281,-0.2058087,-0.6982046,0.5839788,-8.854477,41.30922,-45.66251
109.48,75.6546900000001,34.86408,20.27301,-0.2127612,-0.69093,0.5973892,-8.854477,41.30922,-45.66251
109.49,71.28583,35.2202,18.68777,-0.2058418,-0.7217971,0.6079137,-8.854477,41.30922,-45.66251
109.5,68.7014399999998,37.06012,17.89515,-0.1909774,-0.7088294,0.6121917,-8.854477,41.30922,-45.66251
109.51,66.4247099999998,38.84069,16.06602,-0.1792528,-0.658559,0.6107225,-6.516676,37.50183,-48.07657
109.52,62.8557799999999,40.38385,13.44428,-0.1741383,-0.593968,0.5953826,-6.516676,37.50183,-48.07657
109.53,57.5639199999998,39.96838,10.88351,-0.1773778,-0.5264301,0.5484703,-6.516676,37.50183,-48.07657
109.54,49.50307,38.06911,7.89594199999999,-0.1793671,-0.4990208,0.521188,-6.516676,37.50183,-48.07657
109.55,42.24215,35.93242,5.518083,-0.1578474,-0.5292318,0.5187654,-6.516676,37.50183,-48.07657
109.56,39.41162,34.32991,4.420609,-0.1289143,-0.5652111,0.5072384,-3.907877,35.60238,-50.04694
109.57,42.67288,31.54035,2.713427,-0.1353291,-0.5881605,0.4560478,-3.907877,35.60238,-50.04694
109.58,52.57973,28.81013,-1.371614,-0.1361485,-0.5972175,0.423987,-3.907877,35.60238,-50.04694
109.59,67.9630400000002,27.68244,-6.61509800000001,-0.1217873,-0.6096385,0.4163079,-3.907877,35.60238,-50.04694
109.6,85.6230800000002,27.9792,-11.37082,-0.1102631,-0.5999586,0.4402142,-3.907877,35.60238,-50.04694
109.61,101.0679,26.91086,-16.24848,-0.1243945,-0.5475718,0.4603255,-1.979654,33.32014,-51.69787
109.62,111.467,25.13029,-21.12614,-0.1323971,-0.4844654,0.4703733,-1.979654,33.32014,-51.69787
109.63,117.6204,19.96663,-25.08924,-0.1728772,-0.4316897,0.4307085,-1.979654,33.32014,-51.69787
109.64,122.543,12.19147,-31.30826,-0.2227278,-0.3734521,0.3709584,-1.979654,33.32014,-51.69787
109.65,129.6193,2.517038,-39.60028,-0.2570849,-0.3878391,0.3068928,-1.979654,33.32014,-51.69787
109.66,141.7414,-6.801284,-46.30707,-0.264897,-0.4390875,0.2992624,-1.53746,30.6365,-54.51891
109.67,154.2942,-14.81385,-50.27016,-0.2617825,-0.4740917,0.3437735,-1.53746,30.6365,-54.51891
109.68,163.5241,-22.58902,-52.64803,-0.2335575,-0.4184726,0.4131035,-1.53746,30.6365,-54.51891
109.69,162.4165,-30.36418,-52.22123,-0.2147612,-0.3273994,0.5006267,-1.53746,30.6365,-54.51891
109.7,146.4794,-37.24905,-50.51405,-0.1861821,-0.2379494,0.6020119,-1.53746,30.6365,-54.51891
109.71,119.6509,-44.19328,-48.56298,-0.1737772,-0.1706346,0.6560521,-1.766125,24.14367,-57.32523
109.72,90.6072699999998,-51.0188,-46.8558,-0.178416,-0.1827432,0.6704206,-1.766125,24.14367,-57.32523
109.73,68.1476400000001,-56.71663,-48.38007,-0.1862821,-0.2310507,0.665661,-1.766125,24.14367,-57.32523
109.74,57.25626,-61.6428700000002,-51.67249,-0.1853235,-0.30845,0.6489291,-1.766125,24.14367,-57.32523
109.75,56.08712,-65.7975499999997,-53.25773,-0.1876751,-0.3648745,0.6479905,-1.766125,24.14367,-57.32523
109.76,58.4253799999997,-69.6554499999998,-53.56259,-0.1732751,-0.4048047,0.6608973,-3.853275,16.57272,-58.52719
109.77,59.9021800000002,-73.5726999999999,-53.98938,-0.1354987,-0.4180103,0.6761492,-3.853275,16.57272,-58.52719
109.78,58.97918,-77.4899600000003,-52.46511,-0.0748181,-0.4048023,0.7138476,-3.853275,16.57272,-58.52719
109.79,53.2566,-81.6446199999998,-50.20919,-0.04289087,-0.3654137,0.7539821,-3.853275,16.57272,-58.52719
109.8,43.90354,-84.96836,-47.46551,-0.007194968,-0.3455769,0.7735365,-3.853275,16.57272,-58.52719
109.81,31.2277,-87.57986,-44.356,0.01791454,-0.3326822,0.8007683,-7.838835,13.11251,-59.31306
109.82,15.84439,-88.7075599999999,-41.24649,0.06144548,-0.3657713,0.8610014,-7.838835,13.11251,-59.31306
109.83,1.014885,-87.57986,-36.36883,0.1227058,-0.4342988,0.9398774,-7.838835,13.11251,-59.31306
109.84,-10.9841,-82.7723199999998,-31.06437,0.1666523,-0.4619062,1.067109,-7.838835,13.11251,-59.31306
109.85,-22.49081,-75.5906800000002,-26.73545,0.1443445,-0.4654142,1.156643,-7.838835,13.11251,-59.31306
109.86,-34.67439,-70.3083299999997,-24.90633,0.0912463,-0.5178591,1.169192,-11.90346,10.04908,-58.10193
109.87,-43.10445,-66.68783,-23.504,0.03448986,-0.5852799,1.093214,-11.90346,10.04908,-58.10193
109.88,-44.45818,-68.0529299999997,-21.67488,-0.1106983,-0.4631828,0.8369192,-11.90346,10.04908,-58.10193
109.89,-46.42724,-70.48638,-23.504,-0.1446132,-0.3717618,0.7579897,-11.90346,10.04908,-58.10193
109.9,-53.0113,-74.5223399999999,-28.56457,-0.119945,-0.4661909,0.7407423,-11.90346,10.04908,-58.10193
109.91,-50.85763,-79.8047000000001,-28.62554,-0.04205807,-0.5664859,0.7109607,-16.02901,10.02468,-57.35851
109.92,-41.13538,-81.1104499999997,-28.07681,0.06969099,-0.6775234,0.7615235,-16.02901,10.02468,-57.35851
109.93,-22.92154,-78.2021899999997,-27.40613,0.1518224,-0.7417992,0.8350976,-16.02901,10.02468,-57.35851
109.94,-0.7695791,-73.6914099999997,-27.89389,0.1952675,-0.7434477,0.9326518,-16.02901,10.02468,-57.35851
109.95,17.75192,-67.0439499999999,-27.83292,0.203966,-0.7113202,1.025951,-16.02901,10.02468,-57.35851
109.96,28.15104,-62.8892699999997,-27.58904,0.1661885,-0.6189052,1.0638,-19.43851,11.53114,-56.16614
109.97,26.67424,-59.2687799999997,-27.10127,0.1608555,-0.5428317,1.051347,-19.43851,11.53114,-56.16614
109.98,16.76739,-57.7849700000001,-24.35759,0.1431652,-0.4587381,0.9862699,-19.43851,11.53114,-56.16614
109.99,2.983948,-58.6752499999998,-21.55294,0.1420904,-0.4029076,0.9297853,-19.43851,11.53114,-56.16614
110,-10.30723,-61.1087000000001,-19.84575,0.1700944,-0.4421236,0.8852391,-23.95231,11.89518,-54.13753
110.01,-17.38355,-61.93964,-16.98013,0.2413225,-0.5242237,0.8932719,-23.95231,11.89518,-54.13753
110.02,-16.70669,-60.63388,-12.6512,0.2982729,-0.6238761,0.9257413,-23.95231,11.89518,-54.13753
110.03,-8.70736600000002,-57.3101500000001,-9.11489999999999,0.3434679,-0.6675617,0.9926746,-23.95231,11.89518,-54.13753
110.04,1.137951,-50.90009,-6.49315699999998,0.3559713,-0.6569334,1.064915,-23.95231,11.89518,-54.13753
110.05,7.53740699999999,-43.36234,-4.29821,0.3629357,-0.6374186,1.11132,-26.56683,11.1284,-52.54043
110.06,10.6756,-35.88394,-1.12773,0.3314894,-0.5977463,1.107057,-26.56683,11.1284,-52.54043
110.07,13.69073,-29.59259,-0.1521984,0.3011579,-0.5395817,1.103266,-26.56683,11.1284,-52.54043
110.08,16.76739,-25.25987,-0.822876699999999,0.2857851,-0.4996225,1.095626,-26.56683,11.1284,-52.54043
110.09,21.01319,-21.22391,-0.5789937,0.2925973,-0.473304,1.089386,-26.56683,11.1284,-52.54043
110.1,25.44358,-17.84083,-0.822876699999999,0.29577,-0.4605981,1.090334,-29.56477,11.1059,-52.56267
110.11,29.9355,-15.58544,-1.432584,0.3029535,-0.4278674,1.093663,-29.56477,11.1059,-52.56267
110.12,32.8891,-13.09264,-2.225204,0.3105343,-0.3902211,1.102254,-29.56477,11.1059,-52.56267
110.13,32.51989,-10.95595,-3.139766,0.3094247,-0.3572648,1.095069,-29.56477,11.1059,-52.56267
110.14,29.62784,-9.234732,-4.29821,0.2945768,-0.3191995,1.091735,-29.56477,11.1059,-52.56267
110.15,23.90525,-7.276103,-4.846947,0.3000945,-0.3015703,1.094593,-29.92129,9.972371,-51.33386
110.16,15.59826,-5.376827,-5.212771,0.2853628,-0.2955397,1.095095,-29.92129,9.972371,-51.33386
110.17,7.04514199999998,-4.071075,-5.456654,0.2796799,-0.3044559,1.088886,-29.92129,9.972371,-51.33386
110.18,0.1534194,-2.231152,-5.88344999999998,0.2878314,-0.3496015,1.076441,-29.92129,9.972371,-51.33386
110.19,-2.800176,0.914523500000002,-6.06636199999999,0.3038228,-0.3970043,1.065896,-29.92129,9.972371,-51.33386
110.2,-2.246377,4.535018,-6.24927399999999,0.3001398,-0.4345428,1.060648,-30.27074,8.825223,-51.71756
110.21,-0.3388465,8.15551200000001,-6.18830300000002,0.2905585,-0.4435844,1.049181,-30.27074,8.825223,-51.71756
110.22,0.830284999999999,11.47925,-6.12733300000002,0.287707,-0.4475853,1.042966,-30.27074,8.825223,-51.71756
110.23,0.4610856,14.74362,-5.212771,0.2800685,-0.4559928,1.04346,-30.27074,8.825223,-51.71756
110.24,-0.4619129,17.35513,-4.054327,0.271832,-0.4586248,1.039168,-30.27074,8.825223,-51.71756
110.25,-0.7695791,19.72922,-3.200737,0.2729065,-0.4639532,1.038688,-31.01995,8.819053,-51.78762
110.26,-0.6465126,22.22202,-2.225204,0.2714724,-0.4654438,1.038213,-31.01995,8.819053,-51.78762
110.27,-0.708045800000002,24.24,-1.493555,0.2577125,-0.4594686,1.030578,-31.01995,8.819053,-51.78762
110.28,-0.7695791,25.84252,-1.188701,0.2503644,-0.4578279,1.013362,-31.01995,8.819053,-51.78762
110.29,-1.323378,27.68244,-0.761905999999999,0.2537227,-0.4555117,0.9937336,-31.01995,8.819053,-51.78762
110.3,-1.323378,29.75977,-0.3351107,0.2587264,-0.4628335,0.9793693,-30.25921,8.437785,-52.55404
110.31,-0.6465126,31.95581,-0.0912276099999998,0.2577872,-0.4648441,0.9741072,-30.25921,8.437785,-52.55404
110.32,0.953351400000002,33.73639,0.0916846799999997,0.2558179,-0.4639945,0.9650175,-30.25921,8.437785,-52.55404
110.33,2.737815,35.63566,0.274597,0.2530265,-0.4450979,0.9650175,-30.25921,8.437785,-52.55404
110.34,3.660814,37.41623,0.3965385,0.2469914,-0.4349554,0.9712468,-30.25921,8.437785,-52.55404
110.35,3.41468,39.01875,0.762363100000001,0.2439078,-0.4269395,0.9511499,-29.1333,8.442952,-52.9327
110.36,1.937883,40.79932,1.3111,0.2470055,-0.4104133,0.9449188,-29.1333,8.442952,-52.9327
110.37,-0.7695791,41.80831,1.859837,0.2483209,-0.4026122,0.9449145,-29.1333,8.442952,-52.9327
110.38,-4.092373,42.46119,2.774398,0.2365454,-0.3985592,0.9353625,-29.1333,8.442952,-52.9327
110.39,-7.84590100000002,42.99535,3.871872,0.2218659,-0.3955222,0.9272515,-29.1333,8.442952,-52.9327
110.4,-11.23023,42.87665,4.786434,0.2046305,-0.4119163,0.9253715,-27.24636,8.066308,-54.14227
110.41,-13.87616,43.23277,5.396141,0.2039434,-0.4276335,0.9086265,-27.24636,8.066308,-54.14227
110.42,-14.55302,43.82629,6.31070300000002,0.2045446,-0.4340792,0.8933128,-27.24636,8.066308,-54.14227
110.43,-14.24536,44.59787,6.85943899999998,0.1967944,-0.4367279,0.8861483,-27.24636,8.066308,-54.14227
110.44,-12.39936,45.3101,6.79846899999998,0.1920562,-0.4442334,0.8727583,-27.24636,8.066308,-54.14227
110.45,-11.10716,46.14103,6.49361500000002,0.1783634,-0.4415576,0.8761315,-25.37684,8.453645,-54.9689
110.46,-10.30723,47.09067,6.67652699999997,0.1702475,-0.450443,0.8785409,-25.37684,8.453645,-54.9689
110.47,-10.7995,47.32808,7.10332299999999,0.1474054,-0.4538976,0.8690101,-25.37684,8.453645,-54.9689
110.48,-11.53789,46.91261,7.34720599999997,0.1371702,-0.4542841,0.8489279,-25.37684,8.453645,-54.9689
110.49,-12.52243,45.13204,7.89594199999999,0.1183427,-0.464003,0.8365201,-25.37684,8.453645,-54.9689
110.5,-12.15323,44.30111,8.87147399999998,0.1216576,-0.4848374,0.8360412,-23.14045,9.224147,-55.79478
110.51,-10.2457,44.1824,10.57866,0.1198178,-0.4907314,0.8331744,-23.14045,9.224147,-55.79478
110.52,-8.39969899999999,44.47916,11.61516,0.1133689,-0.4844757,0.8403627,-23.14045,9.224147,-55.79478
110.53,-6.79983599999999,44.12305,12.1639,0.1026293,-0.4838695,0.8236311,-23.14045,9.224147,-55.79478
110.54,-5.99990400000001,43.23277,13.07846,0.08338898,-0.4974447,0.8155323,-23.14045,9.224147,-55.79478
110.55,-5.507638,42.10507,14.72467,0.07427809,-0.5054567,0.8093288,-20.90433,9.995198,-56.55615
110.56,-5.261505,41.74895,16.37088,0.07150437,-0.5131946,0.8193857,-20.90433,9.995198,-56.55615
110.57,-5.015372,41.92701,18.2,0.07000332,-0.5106103,0.8394879,-20.90433,9.995198,-56.55615
110.58,-5.876837,42.99535,19.78524,0.07424256,-0.5019409,0.8748929,-20.90433,9.995198,-56.55615
110.59,-7.78436699999998,43.70758,21.30951,0.06898169,-0.4810704,0.883511,-19.03481,10.38253,-57.38279
110.6,-11.59943,44.0637,22.28504,0.05850146,-0.4683018,0.867733,-19.03481,10.38253,-57.38279
110.61,-17.07589,43.58888,24.35805,0.04173075,-0.4838464,0.8514947,-19.03481,10.38253,-57.38279
110.62,-23.53687,42.28313,27.28464,0.03204539,-0.5133039,0.8395547,-19.03481,10.38253,-57.38279
110.63,-31.04393,41.03673,30.88192,0.01975135,-0.5079305,0.8161246,-19.03481,10.38253,-57.38279
110.64,-40.88925,39.0781,34.60113,0.01616782,-0.4987816,0.8146927,-17.17513,11.15404,-57.75994
110.65,-49.8731,37.53494,38.13744,-0.0003831305,-0.473901,0.808015,-17.17513,11.15404,-57.75994
110.66,-58.5492899999999,35.69501,39.96656,-0.02024113,-0.4807729,0.7903442,-17.17513,11.15404,-57.75994
110.67,-65.0718099999999,33.20221,41.49083,-0.04003657,-0.5167298,0.7803378,-17.17513,11.15404,-57.75994
110.68,-68.7638000000002,31.5997,43.68578,-0.0461508,-0.5805967,0.7707934,-17.17513,11.15404,-57.75994
110.69,-67.04087,30.82812,46.42946,-0.04191936,-0.6242303,0.7727116,-14.58508,12.69841,-57.36159
110.7,-61.8720799999998,30.05654,48.19761,-0.06642063,-0.6433511,0.7540947,-14.58508,12.69841,-57.36159
110.71,-55.47263,28.27596,48.38052,-0.09287715,-0.6370804,0.7000602,-14.58508,12.69841,-57.36159
110.72,-50.54996,26.31734,48.68538,-0.09803573,-0.6486792,0.6651362,-14.58508,12.69841,-57.36159
110.73,-46.36571,23.88389,50.39256,-0.1093776,-0.6416624,0.6598898,-14.58508,12.69841,-57.36159
110.74,-42.55065,21.45044,52.22168,-0.1175915,-0.6451298,0.6704336,-12.0422,16.52493,-56.9754
110.75,-38.85865,19.01699,53.74595,-0.1202442,-0.6326916,0.707764,-12.0422,16.52493,-56.9754
110.76,-35.22819,17.41448,54.84343,-0.110494,-0.6322489,0.7350256,-12.0422,16.52493,-56.9754
110.77,-32.33613,16.46484,56.00187,-0.1141121,-0.6210955,0.7402934,-12.0422,16.52493,-56.9754
110.78,-29.321,15.33715,56.55061,-0.1237564,-0.6010651,0.7197264,-12.0422,16.52493,-56.9754
110.79,-28.64413,12.96305,56.61158,-0.1360724,-0.5948386,0.6833744,-10.6098,19.58611,-56.14199
110.8,-28.64413,9.698673,58.0139000000001,-0.1249896,-0.6147801,0.6575171,-10.6098,19.58611,-56.14199
110.81,-27.22887,6.13753200000002,60.7575899999999,-0.1155007,-0.6529776,0.657989,-10.6098,19.58611,-56.14199
110.82,-21.87548,2.813799,62.8306,-0.1172372,-0.6641228,0.6651736,-10.6098,19.58611,-56.14199
110.83,-13.13776,0.677114099999998,63.1354499999998,-0.1259298,-0.6681075,0.6733255,-10.6098,19.58611,-56.14199
110.84,-1.938711,-1.044105,62.9525399999999,-0.1299239,-0.6627445,0.6838598,-8.774094,21.43856,-56.13789
110.85,10.6756,-2.705971,62.0379799999999,-0.1424323,-0.6455679,0.6762199,-8.774094,21.43856,-56.13789
110.86,22.61305,-4.545894,60.5746800000001,-0.1455583,-0.608606,0.6862659,-8.774094,21.43856,-56.13789
110.87,33.13523,-6.38581799999999,58.37973,-0.1537441,-0.5614516,0.7058897,-8.774094,21.43856,-56.13789
110.88,41.62681,-7.09804599999998,55.02634,-0.1448153,-0.4908785,0.7517993,-8.774094,21.43856,-56.13789
110.89,47.534,-6.326465,50.08771,-0.1202812,-0.3945702,0.8149038,-7.679625,22.96515,-56.52467
110.9,50.79527,-3.477551,44.60034,-0.09707489,-0.3049115,0.8976339,-7.679625,22.96515,-56.52467
110.91,48.70314,1.389343,38.80812,-0.07558963,-0.201041,0.9971136,-7.679625,22.96515,-56.52467
110.92,40.64228,7.91810300000003,32.71104,-0.07246765,-0.1060531,1.068392,-7.679625,22.96515,-56.52467
110.93,26.42811,14.38751,26.55299,-0.1130907,-0.07028283,1.082332,-7.679625,22.96515,-56.52467
110.94,10.42947,18.12671,21.18757,-0.1640211,-0.1094601,1.053237,-6.520281,21.44508,-57.34672
110.95,-2.677109,19.37311,16.43185,-0.198277,-0.2332828,0.9781926,-6.520281,21.44508,-57.34672
110.96,-6.98443499999999,18.54218,12.28584,-0.2089759,-0.3665651,0.8806161,-6.520281,21.44508,-57.34672
110.97,-2.184844,16.99901,9.603124,-0.2215443,-0.4779425,0.7911729,-6.520281,21.44508,-57.34672
110.98,9.01420499999997,13.97204,7.83497199999999,-0.2476002,-0.5187168,0.7462427,-6.520281,21.44508,-57.34672
110.99,22.12078,10.52961,5.396141,-0.2591802,-0.5255128,0.7189858,-5.811356,20.31244,-56.94853
111,35.35043,8.45227399999999,3.262164,-0.2453574,-0.5085028,0.7424076,-5.811356,20.31244,-56.94853
111.01,46.611,8.27421700000002,0.640421599999999,-0.2319942,-0.4929552,0.7663091,-5.811356,20.31244,-56.94853
111.02,55.10259,9.876731,-2.042292,-0.2211835,-0.4710883,0.7959563,-5.811356,20.31244,-56.94853
111.03,59.7175800000003,12.01342,-4.907917,-0.2157898,-0.4465398,0.8117335,-5.811356,20.31244,-56.94853
111.04,60.5175200000001,14.62492,-6.73704000000001,-0.2186015,-0.4259665,0.835662,-4.685053,20.37773,-57.71453
111.05,58.3638499999999,17.59254,-8.26131000000001,-0.2225776,-0.3951676,0.8643756,-4.685053,20.37773,-57.71453
111.06,53.44119,19.37311,-8.87101700000001,-0.2284522,-0.3674709,0.8768216,-4.685053,20.37773,-57.71453
111.07,46.36487,20.32275,-9.05392900000002,-0.2396793,-0.3404756,0.8773129,-4.685053,20.37773,-57.71453
111.08,39.16549,20.73821,-9.17587100000002,-0.2408334,-0.3306963,0.8864053,-4.685053,20.37773,-57.71453
111.09,33.99669,21.92526,-10.27334,-0.2374412,-0.3296354,0.888792,-3.875172,17.71051,-58.92028
111.1,31.47383,23.64648,-12.6512,-0.2318696,-0.3405924,0.9007495,-3.875172,17.71051,-58.92028
111.11,32.1507,26.91086,-15.88266,-0.2173099,-0.3373496,0.9050305,-3.875172,17.71051,-58.92028
111.12,33.25829,30.76876,-20.02867,-0.2189003,-0.3306217,0.9002458,-3.875172,17.71051,-58.92028
111.13,34.05823,33.91444,-24.05274,-0.2185483,-0.3232686,0.9064648,-3.076536,15.43019,-59.35406
111.14,34.67356,36.5853,-27.34516,-0.2375834,-0.3217448,0.9017118,-3.076536,15.43019,-59.35406
111.15,34.79662,37.89105,-30.27176,-0.2460503,-0.3123072,0.8892811,-3.076536,15.43019,-59.35406
111.16,35.47349,38.36587,-34.23486,-0.2551884,-0.2932124,0.8715848,-3.076536,15.43019,-59.35406
111.17,37.07335,38.72198,-38.74669,-0.2618732,-0.2750586,0.8519702,-3.076536,15.43019,-59.35406
111.18,38.85782,38.54393,-44.41697,-0.2702099,-0.2466974,0.8361844,-1.911303,13.53358,-59.72258
111.19,40.64228,37.53494,-50.20919,-0.2828834,-0.2472198,0.8065349,-1.911303,13.53358,-59.72258
111.2,42.36521,34.56732,-55.33074,-0.3032383,-0.2536375,0.7864718,-1.911303,13.53358,-59.72258
111.21,43.71894,30.65006,-59.59869,-0.3082417,-0.2727188,0.7831354,-1.911303,13.53358,-59.72258
111.22,43.90354,25.72381,-61.2449000000003,-0.3033434,-0.2740842,0.7826487,-1.911303,13.53358,-59.72258
111.23,41.50375,20.02599,-62.3423799999999,-0.2868291,-0.2713853,0.7763978,-0.3614902,11.25562,-60.53779
111.24,36.15036,14.0314,-62.22044,-0.2778744,-0.2815622,0.7601131,-0.3614902,11.25562,-60.53779
111.25,31.10464,7.02781800000001,-61.9765499999999,-0.2801479,-0.3176117,0.7022187,-0.3614902,11.25562,-60.53779
111.26,30.6739,-0.0944666899999999,-62.3423799999999,-0.2690056,-0.3667347,0.6734973,-0.3614902,11.25562,-60.53779
111.27,37.62716,-6.801284,-62.2814099999999,-0.2638312,-0.461843,0.6242195,-0.3614902,11.25562,-60.53779
111.28,52.08746,-13.56745,-61.3058700000002,-0.25799,-0.5146874,0.5720581,0.4270267,9.360007,-60.45759
111.29,72.3318899999999,-21.58002,-60.6352000000002,-0.2917384,-0.5352831,0.5185217,0.4270267,9.360007,-60.45759
111.3,98.2989199999998,-30.00806,-62.22044,-0.3156376,-0.5608234,0.4874625,0.4270267,9.360007,-60.45759
111.31,126.8503,-38.43609,-65.0860500000003,-0.3164018,-0.5976561,0.4999163,0.4270267,9.360007,-60.45759
111.32,152.202,-45.61773,-62.15947,-0.2721187,-0.5935189,0.5376456,0.4270267,9.360007,-60.45759
111.33,167.0315,-51.07815,-56.79404,-0.2247356,-0.4679,0.6212814,0.09357262,7.4516,-60.90173
111.34,163.5241,-55.94504,-52.34317,-0.1777479,-0.2950693,0.7139988,0.09357262,7.4516,-60.90173
111.35,143.6489,-59.9810000000001,-47.64842,-0.1553602,-0.1351968,0.8244697,0.09357262,7.4516,-60.90173
111.36,113.6207,-62.7112200000001,-43.38047,-0.1490825,-0.05214155,0.9124953,0.09357262,7.4516,-60.90173
111.37,81.0080800000001,-63.7795599999997,-38.9296,-0.1743914,-0.07917976,0.9331251,0.09357262,7.4516,-60.90173
111.38,57.07166,-65.3820799999998,-37.34436,-0.1991831,-0.1611815,0.8939463,-2.007467,0.2117805,-60.42838
111.39,47.65707,-66.03495,-39.84417,-0.1981603,-0.215556,0.8973085,-2.007467,0.2117805,-60.42838
111.4,46.42641,-65.0259599999999,-42.10009,-0.1422269,-0.2342376,0.9651736,-2.007467,0.2117805,-60.42838
111.41,45.87261,-61.5835200000001,-40.27096,-0.07719662,-0.2438039,1.053599,-2.007467,0.2117805,-60.42838
111.42,41.07301,-58.2004299999998,-35.27136,-0.04024788,-0.2383671,1.089905,-2.007467,0.2117805,-60.42838
111.43,28.52024,-57.07274,-30.08884,-0.05191391,-0.1624407,1.07507,-5.630781,-5.898768,-60.03674
111.44,11.29093,-56.77597,-27.10127,-0.09340542,-0.1069921,1.064121,-5.630781,-5.898768,-60.03674
111.45,-3.292442,-54.34253,-24.84536,-0.1052654,-0.1491569,1.10196,-5.630781,-5.898768,-60.03674
111.46,-11.23023,-49.11952,-22.77235,-0.06382858,-0.1745035,1.163152,-5.630781,-5.898768,-60.03674
111.47,-15.66062,-42.59076,-22.10167,-0.01248291,-0.1570363,1.208523,-5.630781,-5.898768,-60.03674
111.48,-25.13674,-37.18969,-20.51643,0.008205749,-0.1158821,1.253462,-7.769602,-8.197309,-60.04079
111.49,-41.81225,-31.72928,-16.55333,0.01875564,-0.1062258,1.276892,-7.769602,-8.197309,-60.04079
111.5,-62.2412800000002,-27.99008,-10.63917,-0.0002008913,-0.1355999,1.241039,-7.769602,-8.197309,-60.04079
111.51,-80.02438,-26.92174,-6.18830300000002,-0.04298447,-0.1944267,1.171257,-7.769602,-8.197309,-60.04079
111.52,-88.8851700000001,-26.15016,-3.44462,-0.0661076,-0.2620102,1.111014,-7.769602,-8.197309,-60.04079
111.53,-85.1931799999999,-24.01347,-3.810444,-0.04811,-0.3386088,1.091859,-10.77121,-8.212726,-59.22453
111.54,-70.9174699999998,-20.39298,-5.1518,-0.02062727,-0.4006909,1.098527,-10.77121,-8.212726,-59.22453
111.55,-53.62663,-17.72212,-6.91995200000002,-0.0068011,-0.3843466,1.102328,-10.77121,-8.212726,-59.22453
111.56,-43.53518,-16.35702,-7.16383599999997,-0.005812623,-0.3325936,1.12672,-10.77121,-8.212726,-59.22453
111.57,-46.61184,-15.28867,-4.968888,0.00756217,-0.2653956,1.165923,-10.77121,-8.212726,-59.22453
111.58,-61.37981,-13.5081,-1.676467,0.003514461,-0.2314377,1.168314,-11.97209,-4.42142,-59.70465
111.59,-80.3935900000001,-11.60883,1.250129,0.008947039,-0.2351741,1.173091,-11.97209,-4.42142,-59.70465
111.6,-99.2227600000001,-8.75991199999997,4.664492,0.01482995,-0.2369665,1.17691,-11.97209,-4.42142,-59.70465
111.61,-115.5906,-7.98833099999999,10.82254,-0.01922875,-0.1897647,1.098471,-11.97209,-4.42142,-59.70465
111.62,-136.758,-7.632217,14.35884,-0.03462693,-0.175474,1.047286,-11.97209,-4.42142,-59.70465
111.63,-160.2022,-8.04768500000001,14.84661,-0.01626308,-0.2458184,1.020472,-12.78645,-1.380385,-59.27493
111.64,-179.8928,-4.664599,17.83418,0.03166846,-0.3326733,1.037161,-12.78645,-1.380385,-59.27493
111.65,-193.3071,0.1429428,19.96815,0.05261564,-0.4099136,1.047673,-12.78645,-1.380385,-59.27493
111.66,-200.3219,6.25623699999997,20.45592,0.06222216,-0.4288115,1.032825,-12.78645,-1.380385,-59.27493
111.67,-204.0138,11.00443,19.6633,-0.005852473,-0.3617985,0.9094539,-12.78645,-1.380385,-59.27493
111.68,-207.5212,10.76702,15.51729,-0.07824458,-0.247674,0.7396562,-12.89992,3.951134,-58.52932
111.69,-217.4896,9.81737800000001,5.457112,-0.09614202,-0.2307979,0.6578466,-12.89992,3.951134,-58.52932
111.7,-223.7045,9.876731,-4.542093,-0.03356308,-0.2945075,0.6232964,-12.89992,3.951134,-58.52932
111.71,-221.7354,9.46126499999998,-12.46829,-0.009574007,-0.3554264,0.499319,-12.89992,3.951134,-58.52932
111.72,-214.5976,5.187894,-18.87022,-0.01036426,-0.4202584,0.3729931,-12.75604,14.62461,-56.13232
111.73,-203.337,0.736466499999999,-26.12574,0.004091236,-0.4918107,0.2758354,-12.75604,14.62461,-56.13232
111.74,-187.646,-4.723951,-32.46671,0.005518377,-0.5433678,0.2145884,-12.75604,14.62461,-56.13232
111.75,-169.2476,-7.39480800000001,-38.44184,0.04545669,-0.6460667,0.2164595,-12.75604,14.62461,-56.13232
111.76,-150.0492,-10.24372,-39.11252,0.0575104,-0.7430257,0.2155064,-12.75604,14.62461,-56.13232
111.77,-130.4816,-12.73652,-39.05155,0.08304957,-0.8306379,0.250899,-12.9848,24.86514,-52.12321
111.78,-107.6528,-12.79587,-37.4663,0.1130932,-0.8731308,0.2685649,-12.9848,24.86514,-52.12321
111.79,-87.96217,-10.8966,-36.06398,0.11694,-0.791521,0.3101733,-12.9848,24.86514,-52.12321
111.8,-77.9937900000001,-10.12502,-34.53971,0.1002583,-0.6806874,0.3503742,-12.9848,24.86514,-52.12321
111.81,-78.6091199999997,-10.59984,-36.24689,0.08086037,-0.5811939,0.3786184,-12.9848,24.86514,-52.12321
111.82,-86.8545800000002,-14.16098,-34.96651,0.03220515,-0.5065709,0.4073986,-14.26663,31.73417,-48.49154
111.83,-99.4073499999997,-18.73111,-38.01505,0.01542228,-0.4953102,0.3997677,-14.26663,31.73417,-48.49154
111.84,-109.1296,-23.24189,-39.3564,0.01672387,-0.5648707,0.3892547,-14.26663,31.73417,-48.49154
111.85,-113.0677,-26.26886,-39.3564,0.05880485,-0.704836,0.3499741,-14.26663,31.73417,-48.49154
111.86,-110.7295,-27.99008,-40.08805,0.1060963,-0.7592736,0.2996552,-14.26663,31.73417,-48.49154
111.87,-104.8838,-28.5836,-39.96611,0.1544655,-0.8702249,0.284285,-15.84261,34.793,-45.29387
111.88,-98.4228200000003,-30.60158,-33.86903,0.132143,-0.9013811,0.2733247,-15.84261,34.793,-45.29387
111.89,-94.60776,-34.45948,-30.94243,0.08880105,-0.850618,0.2853516,-15.84261,34.793,-45.29387
111.9,-91.3465,-37.48646,-28.9304,0.05582093,-0.9104185,0.3002604,-15.84261,34.793,-45.29387
111.91,-86.4853700000001,-37.24905,-30.21078,0.09800482,-1.02769,0.3509461,-15.84261,34.793,-45.29387
111.92,-84.7624399999999,-35.82459,-28.74749,0.1490241,-1.122433,0.4016106,-18.56051,38.60793,-41.6571
111.93,-80.8243199999998,-32.50086,-26.12574,0.1816092,-1.092344,0.4331321,-18.56051,38.60793,-41.6571
111.94,-78.4245199999998,-31.96669,-25.39409,0.1893366,-1.088868,0.4245034,-18.56051,38.60793,-41.6571
111.95,-76.76312,-31.72928,-24.29662,0.1820167,-1.087883,0.4417446,-18.56051,38.60793,-41.6571
111.96,-74.7325300000001,-33.27244,-20.5774,0.1702567,-1.136175,0.4470419,-18.56051,38.60793,-41.6571
111.97,-66.1178699999998,-32.79762,-18.13857,0.1751152,-1.186989,0.4594894,-20.13677,41.6673,-38.39493
111.98,-55.16496,-30.66094,-18.32149,0.1964676,-1.155725,0.4843301,-20.13677,41.6673,-38.39493
111.99,-42.24298,-28.22749,-21.0042,0.1959959,-1.182439,0.4867307,-20.13677,41.6673,-38.39493
112,-33.19759,-25.8534,-20.5774,0.172321,-1.11381,0.5499263,-20.13677,41.6673,-38.39493
112.01,-28.9518,-25.37858,-19.29702,0.1459184,-1.134579,0.567685,-20.13677,41.6673,-38.39493
112.02,-22.55234,-22.52966,-20.5774,0.1664054,-1.160471,0.6145564,-22.43695,43.57618,-35.58374
112.03,-17.62968,-18.07824,-19.72381,0.2145421,-1.257872,0.6465622,-22.43695,43.57618,-35.58374
112.04,-15.84522,-13.74551,-14.1145,0.2345505,-1.284277,0.6915202,-22.43695,43.57618,-35.58374
112.05,-16.09135,-7.81027499999999,-10.27334,0.2519903,-1.279227,0.6747384,-22.43695,43.57618,-35.58374
112.06,-17.38355,-4.723951,-4.664034,0.2481621,-1.284097,0.628803,-22.43695,43.57618,-35.58374
112.07,-16.64515,-2.053095,1.920807,0.2355601,-1.33984,0.6183106,-23.19966,43.96127,-34.36582
112.08,-10.7995,0.914523500000002,7.77400100000002,0.2296866,-1.338525,0.6154491,-23.19966,43.96127,-34.36582
112.09,-5.507638,4.178904,14.2369,0.2338068,-1.324324,0.6183097,-23.19966,43.96127,-34.36582
112.1,-2.061777,7.265227,20.27301,0.232397,-1.249666,0.6020213,-23.19966,43.96127,-34.36582
112.11,-1.384911,10.70766,23.44349,0.2320796,-1.154901,0.6034333,-23.19966,43.96127,-34.36582
112.12,-1.077245,14.1501,25.02872,0.2013506,-1.102423,0.563273,-23.97612,45.10325,-33.60346
112.13,-3.969307,17.94865,26.30911,0.2236337,-1.043771,0.5522117,-23.97612,45.10325,-33.60346
112.14,-15.78369,20.08534,30.39415,0.2331917,-1.008275,0.534,-23.97612,45.10325,-33.60346
112.15,-31.10546,20.5008,36.67414,0.2297851,-1.061845,0.4756335,-23.97612,45.10325,-33.60346
112.16,-38.98172,19.31376,42.83218,0.1998983,-1.158859,0.4000956,-23.97612,45.10325,-33.60346
112.17,-36.76652,17.35513,48.68538,0.1750999,-1.215426,0.325974,-24.35703,45.47752,-33.99527
112.18,-29.75173,16.10873,53.50207,0.1787713,-1.230309,0.2848139,-24.35703,45.47752,-33.99527
112.19,-20.95248,15.87132,57.28226,0.1734602,-1.233571,0.2585024,-24.35703,45.47752,-33.99527
112.2,-13.69156,14.80298,60.8185599999999,0.1450051,-1.197863,0.2393997,-24.35703,45.47752,-33.99527
112.21,-8.09203299999998,14.38751,62.4647799999998,0.1178949,-1.128558,0.2777152,-24.35703,45.47752,-33.99527
112.22,-2.923242,15.69326,60.9404999999997,0.07502191,-1.024752,0.2969063,-22.12797,46.26219,-33.14414
112.23,-1.200312,15.69326,57.09934,0.05123957,-0.9261293,0.2926152,-22.12797,46.26219,-33.14414
112.24,-2.554043,14.92168,53.19722,0.05188131,-0.8831047,0.2667599,-22.12797,46.26219,-33.14414
112.25,-5.507638,14.44686,50.9413,0.06553479,-0.8839253,0.2538147,-22.12797,46.26219,-33.14414
112.26,-8.09203299999998,14.26881,49.72188,0.06742635,-0.9074543,0.2274958,-18.42155,48.19536,-32.73947
112.27,-9.38423200000003,13.55658,49.78285,0.07340377,-0.9668317,0.204529,-18.42155,48.19536,-32.73947
112.28,-8.522766,12.72564,51.12421,0.06361623,-0.9910028,0.1863664,-18.42155,48.19536,-32.73947
112.29,-6.79983599999999,11.47925,51.30712,0.04506758,-0.963075,0.198356,-18.42155,48.19536,-32.73947
112.3,-5.446105,9.876731,50.69741,0.0001829153,-0.9600042,0.2060906,-18.42155,48.19536,-32.73947
112.31,-3.477041,7.91810300000003,49.478,-0.003511075,-0.9450567,0.2013075,-15.81577,48.97903,-32.33707
112.32,-1.692578,6.67170299999999,49.17315,0.007759216,-0.9481436,0.2113387,-15.81577,48.97903,-32.33707
112.33,0.03035292,5.78141800000003,49.23412,0.03155492,-0.9430017,0.2438391,-15.81577,48.97903,-32.33707
112.34,0.3380191,5.959475,49.29509,0.03157644,-0.9174559,0.2739827,-15.81577,48.97903,-32.33707
112.35,1.568684,7.14652300000002,47.22208,0.02217278,-0.8827627,0.3151477,-15.81577,48.97903,-32.33707
112.36,3.96848,9.520617,44.29548,0.007101525,-0.8580493,0.3400536,-13.58304,49.75661,-32.32443
112.37,4.645346,11.6573,42.10054,-0.02222539,-0.8276425,0.3276539,-13.58304,49.75661,-32.32443
112.38,1.014885,12.31018,39.35685,-0.01609044,-0.7910845,0.3266767,-13.58304,49.75661,-32.32443
112.39,-4.461573,13.31917,36.24734,-0.01649543,-0.7954659,0.3266785,-13.58304,49.75661,-32.32443
112.4,-9.44576499999999,13.31917,34.05239,-0.01251595,-0.8253885,0.340558,-13.58304,49.75661,-32.32443
112.41,-11.41483,14.50622,32.71104,-0.02424774,-0.8758827,0.3176198,-11.72206,50.46473,-32.70125
112.42,-11.72249,14.62492,31.1258,-0.04475516,-0.9003755,0.2875116,-11.72206,50.46473,-32.70125
112.43,-12.46089,14.38751,30.75998,-0.04220466,-0.9067564,0.2750658,-11.72206,50.46473,-32.70125
112.44,-12.95316,14.20945,30.69901,-0.04893742,-0.9118891,0.2597644,-11.72206,50.46473,-32.70125
112.45,-13.32236,14.62492,30.69901,-0.06325598,-0.9019936,0.2569154,-11.72206,50.46473,-32.70125
112.46,-14.42996,14.44686,30.39415,-0.08523525,-0.9253021,0.2531311,-9.848341,50.47879,-32.68735
112.47,-14.24536,14.80298,30.15027,-0.1054689,-0.9115351,0.2612986,-9.848341,50.47879,-32.68735
112.48,-16.15289,15.2778,28.50406,-0.1133018,-0.8577722,0.2589055,-9.848341,50.47879,-32.68735
112.49,-20.33715,15.81197,27.10173,-0.1127524,-0.8612112,0.2536411,-9.848341,50.47879,-32.68735
112.5,-24.64447,16.58355,26.55299,-0.1285754,-0.875253,0.2402722,-9.848341,50.47879,-32.68735
112.51,-28.15187,15.63391,26.67494,-0.1354008,-0.9276292,0.2134973,-8.360905,50.87748,-31.83975
112.52,-28.45953,15.3965,27.28464,-0.1409214,-0.9709959,0.2125609,-8.360905,50.87748,-31.83975
112.53,-24.64447,15.33715,27.10173,-0.1432074,-1.005118,0.2058736,-8.360905,50.87748,-31.83975
112.54,-18.42962,15.09974,27.40659,-0.1578122,-1.006686,0.1723992,-8.360905,50.87748,-31.83975
112.55,-13.87616,14.44686,26.61397,-0.1694714,-0.9826059,0.173849,-8.360905,50.87748,-31.83975
112.56,-10.92256,13.91269,25.88232,-0.1752617,-0.959982,0.162846,-6.896772,52.41669,-31.06274
112.57,-9.13809899999998,12.42888,25.15067,-0.1769674,-0.9732502,0.1504095,-6.896772,52.41669,-31.06274
112.58,-6.79983599999999,10.64831,24.84581,-0.186732,-0.9726028,0.136069,-6.896772,52.41669,-31.06274
112.59,-6.61523600000002,7.20587499999998,24.17513,-0.2000593,-0.9380537,0.1169403,-6.896772,52.41669,-31.06274
112.6,-7.23056799999998,2.754447,21.91922,-0.2122647,-0.9376169,0.08489691,-6.896772,52.41669,-31.06274
112.61,-4.646173,-2.468561,19.6633,-0.222264,-0.9770933,0.0408955,-5.089186,52.43736,-30.21079
112.62,2.860882,-9.11602699999999,18.07806,-0.2165729,-1.047934,-0.0126967,-5.089186,52.43736,-30.21079
112.63,16.58279,-15.28867,17.52932,-0.1877611,-1.128972,-0.009376028,-5.089186,52.43736,-30.21079
112.64,37.75022,-18.79046,18.44388,-0.1313017,-1.25286,0.08387978,-5.089186,52.43736,-30.21079
112.65,69.3167599999997,-16.77248,21.55339,-0.1574571,-1.23389,0.1423068,-5.089186,52.43736,-30.21079
112.66,90.4841999999998,-19.20593,20.45592,-0.2439282,-0.9367486,0.1419024,-3.602272,53.20224,-31.04223
112.67,88.5766700000003,-20.27427,13.68816,-0.2494882,-0.6907781,0.2160281,-3.602272,53.20224,-31.04223
112.68,70.6704999999998,-24.66635,10.63963,-0.239304,-0.6368436,0.1935034,-3.602272,53.20224,-31.04223
112.69,47.71861,-29.59259,10.82254,-0.1809478,-0.6822928,0.1986777,-3.602272,53.20224,-31.04223
112.7,31.2277,-33.03503,11.24933,-0.1094647,-0.8292935,0.2296984,-3.602272,53.20224,-31.04223
112.71,28.88944,-33.5692,14.17593,-0.08196811,-0.9950597,0.2698935,-3.575827,52.42083,-33.48919
112.72,41.31915,-32.3228,16.85864,-0.1004895,-1.098353,0.2800025,-3.575827,52.42083,-33.48919
112.73,63.9018399999998,-30.89835,17.34641,-0.1538766,-1.110287,0.2595198,-3.575827,52.42083,-33.48919
112.74,89.0689299999998,-29.7113,15.21243,-0.1876487,-1.050838,0.244249,-3.575827,52.42083,-33.48919
112.75,108.0827,-29.65195,12.71263,-0.2031445,-0.9518718,0.2595649,-3.575827,52.42083,-33.48919
112.76,117.7434,-31.31381,9.78603600000001,-0.2103602,-0.8527682,0.271995,-3.153025,50.50497,-35.47578
112.77,118.4818,-36.41811,6.98138099999999,-0.2133441,-0.7716398,0.2758079,-3.153025,50.50497,-35.47578
112.78,115.159,-43.42169,4.054784,-0.2035168,-0.7500817,0.2738709,-3.153025,50.50497,-35.47578
112.79,113.5592,-48.88211,1.189158,-0.1814023,-0.7846274,0.3274418,-3.153025,50.50497,-35.47578
112.8,117.4973,-51.73103,-0.5180229,-0.1541587,-0.8582398,0.4020711,-3.153025,50.50497,-35.47578
112.81,126.4811,-51.90908,-1.798409,-0.1316547,-0.8873445,0.4652114,-3.829033,47.86212,-39.9825
112.82,137.0033,-47.69506,-2.773941,-0.1032077,-0.8425161,0.5761799,-3.829033,47.86212,-39.9825
112.83,141.4953,-40.69148,-2.956853,-0.07907562,-0.7504971,0.6493363,-3.829033,47.86212,-39.9825
112.84,134.7881,-33.27244,-0.822876699999999,-0.06642342,-0.64421,0.713416,-3.829033,47.86212,-39.9825
112.85,119.7125,-27.75267,0.9452754,-0.08029502,-0.5547735,0.6928384,-4.847303,43.63217,-44.41906
112.86,99.89878,-24.96311,2.652457,-0.145809,-0.5443404,0.6470066,-4.847303,43.63217,-44.41906
112.87,81.5618799999998,-25.31923,1.798866,-0.1924351,-0.656687,0.6313238,-4.847303,43.63217,-44.41906
112.88,71.1627699999997,-23.24189,4.298667,-0.1747106,-0.8212674,0.6629214,-4.847303,43.63217,-44.41906
112.89,69.9936399999998,-18.43435,8.87147399999998,-0.1366746,-0.9248741,0.7289252,-4.847303,43.63217,-44.41906
112.9,73.6240899999999,-12.2617,13.32234,-0.1071602,-0.9384262,0.7772135,-6.924845,39.02425,-47.63596
112.91,75.2239599999998,-6.68258000000002,16.98059,-0.1351149,-0.8758796,0.8222322,-6.924845,39.02425,-47.63596
112.92,71.6550299999999,-1.93439,18.99262,-0.1571836,-0.7893839,0.8696274,-6.924845,39.02425,-47.63596
112.93,62.4865800000001,2.042219,20.51689,-0.1836869,-0.7271201,0.8806649,-6.924845,39.02425,-47.63596
112.94,51.0414,5.247247,22.10213,-0.2119815,-0.6995032,0.8797499,-6.924845,39.02425,-47.63596
112.95,40.94995,7.62134099999999,23.32154,-0.2331277,-0.689997,0.8491555,-7.225965,35.95789,-50.07352
112.96,32.39683,8.98644500000001,22.5899,-0.256263,-0.7035877,0.8477635,-7.225965,35.95789,-50.07352
112.97,27.22804,11.18248,21.43145,-0.2478296,-0.7374063,0.8511076,-7.225965,35.95789,-50.07352
112.98,23.90525,14.68427,22.34601,-0.2358763,-0.7769647,0.8568398,-7.225965,35.95789,-50.07352
112.99,19.78252,17.05837,24.60193,-0.2251632,-0.8024991,0.8577849,-7.225965,35.95789,-50.07352
113,12.95233,18.89829,26.43105,-0.2228071,-0.7979958,0.8668726,-6.11335,33.67664,-50.89198
113.01,3.660814,20.08534,28.26018,-0.2282145,-0.7437254,0.8616037,-6.11335,33.67664,-50.89198
113.02,-8.21509999999999,20.85692,29.6625,-0.2253374,-0.7155936,0.8496271,-6.11335,33.67664,-50.89198
113.03,-18.30655,21.68785,31.36968,-0.246189,-0.7215483,0.828129,-6.11335,33.67664,-50.89198
113.04,-25.19827,21.50979,32.65007,-0.2756212,-0.7123681,0.7798418,-6.11335,33.67664,-50.89198
113.05,-30.92086,20.61951,32.77201,-0.3109418,-0.7007955,0.7401785,-4.965534,32.54401,-50.87756
113.06,-35.90506,19.55117,31.67454,-0.3158397,-0.7001879,0.7109938,-4.965534,32.54401,-50.87756
113.07,-38.85865,19.61052,29.41862,-0.2968236,-0.7007622,0.7133536,-4.965534,32.54401,-50.87756
113.08,-40.88925,21.03498,27.10173,-0.2679747,-0.7316688,0.7252758,-4.965534,32.54401,-50.87756
113.09,-43.35058,22.22202,25.94329,-0.2670663,-0.7547225,0.6999156,-4.965534,32.54401,-50.87756
113.1,-43.65825,21.80656,24.47999,-0.2982939,-0.7282593,0.632484,-3.117105,33.70241,-50.48273
113.11,-41.44305,20.85692,21.67533,-0.3163972,-0.6736715,0.5832081,-3.117105,33.70241,-50.48273
113.12,-42.42758,21.39109,19.72427,-0.3206151,-0.6567994,0.5774682,-3.117105,33.70241,-50.48273
113.13,-48.70397,19.90728,19.41941,-0.3238556,-0.6646815,0.6258121,-3.117105,33.70241,-50.48273
113.14,-64.2103400000002,19.43246,18.80971,-0.3177132,-0.6535361,0.6621702,-3.117105,33.70241,-50.48273
113.15,-85.9931099999999,21.09433,16.85864,-0.304809,-0.6130172,0.707602,-1.280203,35.24825,-49.25143
113.16,-106.8529,25.96122,12.52972,-0.2461238,-0.5718175,0.7285465,-1.280203,35.24825,-49.25143
113.17,-124.2668,33.85509,7.65205999999998,-0.2264895,-0.5285624,0.686865,-1.280203,35.24825,-49.25143
113.18,-138.604,34.74538,1.737895,-0.2737508,-0.5578231,0.5653966,-1.280203,35.24825,-49.25143
113.19,-148.5109,33.38027,-2.773941,-0.3308129,-0.6101297,0.4425156,-1.280203,35.24825,-49.25143
113.2,-152.7567,32.01517,-5.029859,-0.3477989,-0.6931465,0.3817874,-0.2138729,37.55952,-46.80425
113.21,-150.4799,31.54035,-8.20033800000001,-0.3426924,-0.7842106,0.3497373,-0.2138729,37.55952,-46.80425
113.22,-141.1269,33.43962,-13.80965,-0.318543,-0.8244956,0.3559271,-0.2138729,37.55952,-46.80425
113.23,-120.944,34.62667,-26.55254,-0.3230397,-0.7947508,0.2707407,-0.2138729,37.55952,-46.80425
113.24,-92.2695000000001,29.1069,-44.84377,-0.3310285,-0.6589093,0.1046538,-0.2138729,37.55952,-46.80425
113.25,-63.8411399999998,15.69326,-63.1349899999997,-0.3061402,-0.5357053,-0.0796731,1.140354,43.32787,-40.69602
113.26,-48.33477,0.736466499999999,-69.84177,-0.2164444,-0.5900401,-0.1042228,1.140354,43.32787,-40.69602
113.27,-39.90472,-8.58185599999997,-67.1590599999998,-0.1387309,-0.8085564,-0.04256575,1.140354,43.32787,-40.69602
113.28,-31.04393,-13.33004,-61.2449000000003,-0.1031202,-0.9367649,0.1014566,1.140354,43.32787,-40.69602
113.29,-17.01435,-11.84624,-62.52528,-0.106806,-0.9456616,0.1990948,1.140354,43.32787,-40.69602
113.3,1.568684,-7.21675099999998,-68.0126499999999,-0.1497412,-0.8376318,0.2551353,0.6762657,47.14932,-38.26807
113.31,12.95233,-5.43618,-75.9388500000002,-0.1388061,-0.7200943,0.2249356,0.6762657,47.14932,-38.26807
113.32,11.90627,-5.970351,-77.0972900000001,-0.1253048,-0.6876948,0.1784819,0.6762657,47.14932,-38.26807
113.33,5.506811,-12.2617,-75.6339999999999,-0.09473655,-0.6287428,0.182242,0.6762657,47.14932,-38.26807
113.34,-0.4619129,-16.59443,-74.1707000000001,-0.05228686,-0.7095467,0.1817102,0.6762657,47.14932,-38.26807
113.35,-1.569511,-20.09622,-69.4149799999998,-0.0378975,-0.8523871,0.2066079,-1.972212,48.27397,-37.90662
113.36,8.33733900000003,-20.68974,-65.2079900000002,-0.04541275,-0.9438959,0.2592879,-1.972212,48.27397,-37.90662
113.37,25.44358,-19.97751,-63.5617900000002,-0.07091703,-0.8823783,0.2928168,-1.972212,48.27397,-37.90662
113.38,38.98088,-17.84083,-63.4398499999997,-0.0860547,-0.7750992,0.3660378,-1.972212,48.27397,-37.90662
113.39,37.56562,-15.94155,-62.4033499999998,-0.06314969,-0.695831,0.4291494,-5.343199,48.24539,-38.31864
113.4,21.93618,-14.7545,-59.5377200000001,-0.05864633,-0.6492047,0.4698086,-5.343199,48.24539,-38.31864
113.41,5.076078,-13.21134,-58.1353999999999,-0.06406821,-0.697192,0.4947163,-5.343199,48.24539,-38.31864
113.42,-3.353975,-8.93797000000002,-58.8060699999999,-0.07119211,-0.8103904,0.5129438,-5.343199,48.24539,-38.31864
113.44,-19.35262,-4.367837,-51.06279,-0.02515933,-1.006017,0.4363418,-8.596411,45.55424,-38.78051
113.45,-24.02914,-4.664599,-46.61192,-0.02965751,-1.052481,0.4133899,-8.596411,45.55424,-38.78051
113.46,-23.96761,-3.536904,-41.36843,-0.05342805,-1.109666,0.4287605,-8.596411,45.55424,-38.78051
113.47,-19.59875,-2.409209,-39.72223,-0.06724282,-1.100009,0.4517538,-8.596411,45.55424,-38.78051
113.48,-17.07589,-1.637628,-39.11252,-0.09149643,-1.10579,0.4565833,-8.596411,45.55424,-38.78051
113.49,-14.06076,-2.705971,-36.79563,-0.08720697,-1.126592,0.4575383,-11.239,46.30235,-37.96553
113.51,-13.38389,-3.418199,-30.57661,-0.02898798,-1.164763,0.4617538,-11.239,46.30235,-37.96553
113.52,-13.38389,-3.418199,-30.57661,-0.02898798,-1.164763,0.4617538,-11.239,46.30235,-37.96553
113.53,-13.19929,-3.596256,-26.49157,-0.01950578,-1.150339,0.4775266,-11.239,46.30235,-37.96553
113.54,-13.13776,-3.18079,-22.28459,-0.0282405,-1.178201,0.4785062,-11.239,46.30235,-37.96553
113.55,-11.47636,-3.240142,-17.34595,-0.02253505,-1.196537,0.4804153,-12.74753,46.67472,-37.59167
113.56,-9.13809899999998,-3.18079,-12.71217,-0.01870866,-1.192495,0.4890219,-12.74753,46.67472,-37.59167
113.57,-6.36910299999998,-3.893018,-8.688105,-0.0155385,-1.179872,0.4808773,-12.74753,46.67472,-37.59167
113.58,-3.661641,-5.317475,-4.29821,0.001244007,-1.165501,0.4751014,-12.74753,46.67472,-37.59167
113.59,-1.323378,-6.20775999999999,-0.3351107,0.003915537,-1.151706,0.4899291,-12.74753,46.67472,-37.59167
113.6,2.307082,-6.02970399999999,2.347603,-0.0129393,-1.110112,0.5047836,-13.49084,46.29201,-37.20821
113.61,6.30674300000002,-4.664599,3.140223,-0.01696203,-1.076915,0.5301466,-13.49084,46.29201,-37.20821
113.62,9.50647100000001,-2.646618,3.567018,-0.009098182,-1.028678,0.527249,-13.49084,46.29201,-37.20821
113.63,9.937203,-1.459571,4.420609,0.004510101,-1.027056,0.5157391,-13.49084,46.29201,-37.20821
113.64,13.13693,-0.2131714,6.554586,0.006445674,-1.078708,0.4961273,-13.49084,46.29201,-37.20821
113.65,20.64399,1.270638,8.44467899999999,-0.002099503,-1.091192,0.4779596,-13.86756,46.29301,-36.75949
113.66,27.35111,1.686104,9.23729900000002,-0.00466343,-1.058816,0.4635984,-13.86756,46.29301,-36.75949
113.67,35.10429,2.57639,8.627591,-0.02227314,-0.9776001,0.4554724,-13.86756,46.29301,-36.75949
113.68,37.68869,1.5674,7.53011799999998,-0.02464514,-0.9297712,0.4300997,-13.86756,46.29301,-36.75949
113.69,29.50477,0.914523500000002,10.57866,0.009470045,-0.9557319,0.440097,-13.86756,46.29301,-36.75949
113.7,24.52058,1.211285,12.71263,0.01024728,-0.9705526,0.4649854,-13.85603,45.90557,-37.59596
113.71,23.35145,2.398333,13.87108,0.0004487914,-0.9935241,0.4717085,-13.85603,45.90557,-37.59596
113.72,25.93584,4.119552,13.99302,-0.01055201,-1.004371,0.4784306,-13.85603,45.90557,-37.59596
113.73,33.99669,6.96846500000002,15.15146,-0.01416439,-1.04587,0.4650474,-13.85603,45.90557,-37.59596
113.74,40.15002,6.84976099999998,17.89515,-0.007671924,-1.106677,0.4439944,-13.85603,45.90557,-37.59596
113.75,53.62579,4.713075,27.83338,0.03371841,-1.236053,0.3951408,-13.47423,45.89476,-39.20569
113.76,65.3171099999998,3.110561,34.35725,0.04307785,-1.267503,0.3898682,-13.47423,45.89476,-39.20569
113.77,84.1462799999998,2.279628,39.60073,0.02031114,-1.171422,0.3712187,-13.47423,45.89476,-39.20569
113.78,100.6372,0.795818799999997,39.17394,-0.02645801,-0.964323,0.3755541,-13.47423,45.89476,-39.20569
113.79,103.037,-0.925399799999999,33.07686,-0.07074535,-0.7075261,0.3889653,-12.68427,44.36153,-41.25603
113.8,86.73067,-4.486542,29.60153,-0.06635125,-0.6030048,0.4372669,-12.68427,44.36153,-41.25603
113.81,63.4711100000001,-7.51351300000002,29.11377,-0.05478138,-0.5957537,0.4611737,-12.68427,44.36153,-41.25603
113.82,40.21155,-8.93797000000002,29.47959,-0.03341798,-0.6690325,0.4788626,-12.68427,44.36153,-41.25603
113.83,26.42811,-8.75991199999997,30.45512,-0.01102173,-0.7714999,0.4908144,-12.68427,44.36153,-41.25603
113.84,23.04378,-7.21675099999998,31.43065,-0.01997813,-0.8911352,0.4999537,-11.50045,42.06386,-44.07353
113.85,31.4123,-5.673589,32.34521,-0.04008667,-0.9627256,0.473207,-11.50045,42.06386,-44.07353
113.86,48.02627,-3.655609,32.04036,-0.05130857,-0.9883961,0.4536115,-11.50045,42.06386,-44.07353
113.87,65.6863100000002,-2.527914,30.63803,-0.08567122,-0.949355,0.4397826,-11.50045,42.06386,-44.07353
113.88,80.2696799999999,-2.765323,28.99183,-0.0979701,-0.8913025,0.4378749,-11.50045,42.06386,-44.07353
113.89,90.97646,-3.714961,26.49202,-0.1041481,-0.8220051,0.4302106,-10.7046,40.15409,-45.67033
113.9,95.1607299999998,-7.632217,25.88232,-0.1209858,-0.7557727,0.4292657,-10.7046,40.15409,-45.67033
113.91,98.72965,-9.88760800000003,21.24854,-0.1201454,-0.7219584,0.4584487,-10.7046,40.15409,-45.67033
113.92,103.7754,-12.97393,17.10253,-0.1148771,-0.7169511,0.463224,-10.7046,40.15409,-45.67033
113.93,109.8672,-15.11062,14.29787,-0.1017425,-0.6892771,0.4852084,-10.7046,40.15409,-45.67033
113.94,114.2976,-15.34803,10.2738,-0.1007945,-0.6349328,0.5273075,-9.528646,38.23677,-48.48987
113.95,118.1742,-14.27968,6.37167399999999,-0.085207,-0.6082085,0.5464165,-9.528646,38.23677,-48.48987
113.96,120.3278,-14.6358,3.018281,-0.08764881,-0.5820379,0.5440211,-9.528646,38.23677,-48.48987
113.97,118.851,-15.58544,0.579450800000002,-0.09955804,-0.5441856,0.5641323,-9.528646,38.23677,-48.48987
113.98,114.7283,-16.41637,-2.286175,-0.1013772,-0.52456,0.5885378,-9.528646,38.23677,-48.48987
113.99,108.4519,-17.1286,-3.749473,-0.08869268,-0.4980502,0.6435452,-9.421881,33.64853,-51.30354
114,100.5141,-16.95054,-5.1518,-0.07929087,-0.4527849,0.684196,-9.421881,33.64853,-51.30354
114.01,93.49933,-15.8822,-7.46868900000001,-0.0853484,-0.4410314,0.7071752,-9.421881,33.64853,-51.30354
114.02,86.2999400000003,-15.22932,-9.968491,-0.09006635,-0.448676,0.7315928,-9.421881,33.64853,-51.30354
114.03,79.5312800000002,-13.3894,-10.63917,-0.09095261,-0.478528,0.7636666,-9.421881,33.64853,-51.30354
114.04,74.54709,-12.2617,-12.22441,-0.08644208,-0.5109224,0.7718029,-10.06432,29.05413,-54.18729
114.05,71.8396299999998,-11.13401,-13.56577,-0.09388737,-0.5038375,0.7655925,-10.06432,29.05413,-54.18729
114.06,68.20917,-11.78688,-13.74868,-0.1136256,-0.4905727,0.7708879,-10.06432,29.05413,-54.18729
114.07,62.4250500000002,-11.54947,-15.94363,-0.1083944,-0.5092851,0.7857194,-10.06432,29.05413,-54.18729
114.08,57.25626,-11.43077,-15.69974,-0.09623276,-0.5600644,0.7861899,-10.06432,29.05413,-54.18729
114.09,55.22566,-10.06567,-17.0411,-0.07927844,-0.5549709,0.7751517,-10.70454,24.09025,-55.77899
114.1,60.8867100000002,-10.24372,-20.27255,-0.0859212,-0.567314,0.6622226,-10.70454,24.09025,-55.77899
114.11,73.68563,-13.56745,-23.80886,-0.1346451,-0.5181695,0.5622725,-10.70454,24.09025,-55.77899
114.12,90.7303300000002,-19.02787,-34.29583,-0.1812073,-0.5577561,0.4790916,-10.70454,24.09025,-55.77899
114.13,112.1439,-25.08182,-43.86824,-0.1953771,-0.5547738,0.5169231,-10.70454,24.09025,-55.77899
114.14,137.4956,-25.8534,-48.68493,-0.1104931,-0.6081194,0.6637117,-12.13722,21.02962,-56.54789
114.15,160.3244,-20.63039,-49.53852,-0.005117398,-0.5846313,0.8252806,-12.13722,21.02962,-56.54789
114.16,176.2615,-14.69515,-46.91677,0.03044471,-0.4773959,0.9433993,-12.13722,21.02962,-56.54789
114.17,179.892,-9.412788,-47.2826,0.06654002,-0.3469213,1.050982,-12.13722,21.02962,-56.54789
114.18,165.8009,-5.85164599999999,-44.53891,0.08703824,-0.2691147,1.118884,-12.13722,21.02962,-56.54789
114.19,137.3725,-4.130428,-37.4663,0.06625036,-0.1992296,1.153839,-13.16107,16.50614,-58.20924
114.2,100.8218,-5.258122,-30.69855,0.02135747,-0.1707724,1.121367,-13.16107,16.50614,-58.20924
114.21,67.5323000000002,-10.06567,-25.63798,-0.07262746,-0.1507726,1.014324,-13.16107,16.50614,-58.20924
114.22,44.51888,-15.52608,-26.97933,-0.15498,-0.1526067,0.9388531,-13.16107,16.50614,-58.20924
114.23,33.19676,-20.33363,-31.18632,-0.1306246,-0.2826605,0.9058225,-13.16107,16.50614,-58.20924
114.24,33.01216,-22.47031,-29.78399,-0.05309973,-0.4660094,0.9344491,-13.73589,8.129421,-58.55719
114.25,42.11908,-21.22391,-28.86943,0.03400325,-0.5627154,0.9582509,-13.73589,8.129421,-58.55719
114.26,55.90252,-19.91816,-24.66245,0.04853277,-0.5052749,0.990754,-13.73589,8.129421,-58.55719
114.27,64.51717,-19.38399,-25.21118,0.03634177,-0.4002716,1.021377,-13.73589,8.129421,-58.55719
114.28,61.3174500000002,-17.54406,-25.02827,0.009108997,-0.2719464,1.084085,-13.73589,8.129421,-58.55719
114.29,46.48794,-16.35702,-23.9308,0.0008345543,-0.2190799,1.143908,-15.15454,4.311345,-58.93504
114.3,26.42811,-14.7545,-20.39449,0.01039049,-0.1828744,1.150103,-15.15454,4.311345,-58.93504
114.31,6.06061000000003,-15.05126,-17.22401,-0.009424649,-0.1666176,1.11089,-15.15454,4.311345,-58.93504
114.32,-11.1687,-15.05126,-16.24848,-0.001586367,-0.2217558,1.069255,-15.15454,4.311345,-58.93504
114.33,-20.09101,-14.93256,-14.90712,0.0190423,-0.3091555,1.032391,-15.15454,4.311345,-58.93504
114.34,-20.33715,-13.98292,-13.38285,0.04692397,-0.3934611,0.9993424,-15.45851,0.8853312,-58.91956
114.35,-15.29142,-12.97393,-11.18791,0.06101533,-0.4432435,0.9983735,-15.45851,0.8853312,-58.91956
114.36,-9.38423200000003,-11.07466,-8.81004599999998,0.06947605,-0.4000459,1.027541,-15.45851,0.8853312,-58.91956
114.37,-7.84590100000002,-8.81926500000002,-6.91995200000002,0.06135166,-0.3555953,1.070137,-15.45851,0.8853312,-58.91956
114.38,-9.75343000000003,-6.08905600000001,-4.907917,0.05376642,-0.3405494,1.084503,-16.58443,0.8801622,-58.5409
114.39,-10.36876,-2.587266,-3.688503,0.05766365,-0.3661045,1.097903,-16.58443,0.8801622,-58.5409
114.4,-8.89196599999999,0.914523500000002,-1.676467,0.06512617,-0.399837,1.112735,-16.58443,0.8801622,-58.5409
114.41,-7.04596899999998,3.882142,0.884304599999997,0.06439085,-0.4124333,1.118482,-16.58443,0.8801622,-58.5409
114.42,-5.81530399999998,6.55299900000001,3.384106,0.0541425,-0.4116903,1.115628,-16.58443,0.8801622,-58.5409
114.43,-5.199972,7.91810300000003,5.030317,0.03991293,-0.4074936,1.074016,-16.59399,1.263786,-58.15593
114.44,-3.846241,7.85875100000001,6.554586,0.02191999,-0.4107657,1.020926,-16.59399,1.263786,-58.15593
114.45,-0.0927135500000001,8.63033100000001,8.139826,0.02935921,-0.4436846,1.018529,-16.59399,1.263786,-58.15593
114.46,5.568344,11.59795,9.420212,0.06315769,-0.4782055,1.049587,-16.59399,1.263786,-58.15593
114.47,12.09087,17.11772,11.24933,0.09184272,-0.4739389,1.082079,-16.59399,1.263786,-58.15593
114.48,16.70586,23.05296,13.2004,0.0970829,-0.4410843,1.103118,-16.97491,1.638061,-58.54774
114.49,18.36726,27.44503,14.96855,0.07084729,-0.3679369,1.081609,-16.97491,1.638061,-58.54774
114.5,16.82893,29.87848,15.7002,0.01691083,-0.2994963,1.030478,-16.97491,1.638061,-58.54774
114.51,13.13693,30.05654,15.09049,-0.01828476,-0.3212241,0.9625871,-16.97491,1.638061,-58.54774
114.52,13.26,28.81013,14.84661,-0.02864954,-0.3676995,0.8980094,-16.97491,1.638061,-58.54774
114.53,21.99772,29.40366,14.35884,0.004502112,-0.4733615,0.8563427,-15.82958,0.8754358,-59.76085
114.54,40.33462,31.7184,12.52972,0.01234222,-0.5284426,0.8209285,-15.82958,0.8754358,-59.76085
114.55,65.3171099999998,33.9738,7.286235,0.02842562,-0.5286195,0.8199434,-15.82958,0.8754358,-59.76085
114.56,89.4996600000001,36.76336,8.26176699999998,0.03492321,-0.4587339,0.8491072,-15.82958,0.8754358,-59.76085
114.57,105.0676,38.66263,7.89594199999999,0.0162188,-0.3969248,0.846731,-15.82958,0.8754358,-59.76085
114.58,113.6207,39.1968,9.11535700000002,0.007793951,-0.3115524,0.8481594,-14.69133,0.1264305,-59.36145
114.59,113.9284,39.1968,9.96894800000002,-0.007984688,-0.2231728,0.875443,-14.69133,0.1264305,-59.36145
114.6,107.2212,40.3245,12.1639,-0.01364697,-0.1537414,0.9342999,-14.69133,0.1264305,-59.36145
114.61,94.4223300000001,41.63025,15.02952,-0.01341342,-0.08724082,0.9787899,-14.69133,0.1264305,-59.36145
114.62,77.7468200000001,42.04572,16.30991,-0.03015962,-0.05150232,0.9907743,-14.69133,0.1264305,-59.36145
114.63,63.4711100000001,42.8173,18.50485,-0.01787964,-0.08295996,0.978318,-12.74883,-3.278895,-58.87779
114.64,55.47179,42.936,18.87068,-0.05021323,-0.1011287,0.9214284,-12.74883,-3.278895,-58.87779
114.65,54.17959,40.50256,19.41941,-0.1060748,-0.08636832,0.8497357,-12.74883,-3.278895,-58.87779
114.66,57.31779,37.11947,16.79767,-0.1457343,-0.1045161,0.7579228,-12.74883,-3.278895,-58.87779
114.67,66.1170399999999,34.0925,13.13943,-0.1312735,-0.1487142,0.7291945,-12.74883,-3.278895,-58.87779
114.68,78.3006199999999,33.08351,12.04195,-0.09421698,-0.1748044,0.7717299,-10.01975,-8.210915,-59.67047
114.69,88.4536099999999,33.61768,11.06642,-0.08290539,-0.07479532,0.8429922,-10.01975,-8.210915,-59.67047
114.7,91.2226,34.74538,7.65205999999998,-0.05867177,0.06320588,0.8960364,-10.01975,-8.210915,-59.67047
114.71,83.34634,34.92343,6.24973199999999,-0.08115229,0.2228076,0.914699,-10.01975,-8.210915,-59.67047
114.72,65.5017099999997,34.74538,4.847404,-0.09993909,0.2882086,0.8802574,-10.01975,-8.210915,-59.67047
114.73,47.22634,33.61768,1.494012,-0.1741467,0.2417937,0.8009551,-8.462858,-11.17204,-58.80495
114.74,39.04242,30.23459,-4.054327,-0.1621769,0.09632132,0.7559856,-8.462858,-11.17204,-58.80495
114.75,45.25727,31.48099,-6.85898200000002,-0.1236073,0.1200815,0.8262629,-8.462858,-11.17204,-58.80495
114.76,48.33393,33.02416,-7.834514,-0.04355674,0.03754878,0.927124,-8.462858,-11.17204,-58.80495
114.77,48.457,35.63566,-6.00539100000001,-0.03190392,0.04122541,0.9850106,-8.462858,-11.17204,-58.80495
114.78,44.70348,36.34789,-8.627133,-0.06749883,0.06812433,0.974537,-7.261696,-14.96389,-58.38933
114.79,37.31949,35.57631,-9.11489999999999,-0.1391287,0.09234028,0.9081336,-7.261696,-14.96389,-58.38933
114.8,26.85884,32.78675,-9.17587100000002,-0.1752557,0.1729664,0.8756326,-7.261696,-14.96389,-58.38933
114.81,15.35213,33.91444,-9.419754,-0.1542894,0.1211972,0.9081526,-7.261696,-14.96389,-58.38933
114.82,6.79900800000002,35.10149,-10.33432,-0.1427102,0.07513873,0.8947441,-7.261696,-14.96389,-58.38933
114.83,2.122483,34.44861,-10.21237,-0.1557148,0.04150536,0.9115256,-5.395403,-17.61278,-58.36169
114.84,-0.5234462,32.19323,-7.46868900000001,-0.1634409,-0.01476304,0.886189,-5.395403,-17.61278,-58.36169
114.85,-1.138779,29.81913,-8.566163,-0.2043094,0.006966108,0.8532329,-5.395403,-17.61278,-58.36169
114.86,-0.892645499999998,25.66446,-8.566163,-0.2071417,-0.02516294,0.8001242,-5.395403,-17.61278,-58.36169
114.87,4.337679,24.1213,-8.01742600000001,-0.2082112,-0.0196808,0.8173534,-5.395403,-17.61278,-58.36169
114.88,9.07573799999999,21.6285,-6.85898200000002,-0.216225,-0.05949774,0.8379564,-3.123362,-18.73697,-58.33893
114.89,12.82927,19.78858,-3.871415,-0.2260685,-0.05283544,0.8968367,-3.123362,-18.73697,-58.33893
114.9,13.56766,16.93966,-1.493555,-0.2216493,-0.05396032,0.9236295,-3.123362,-18.73697,-58.33893
114.91,13.50613,13.61593,0.640421599999999,-0.241439,-0.03845121,0.9088241,-3.123362,-18.73697,-58.33893
114.92,12.02933,9.75802599999999,2.16469,-0.2854657,0.02231458,0.9002709,-1.251343,-18.71964,-57.93803
114.93,9.38340500000003,5.662713,2.347603,-0.310435,0.002238846,0.8845266,-1.251343,-18.71964,-57.93803
114.94,9.62953800000002,2.160923,3.323135,-0.3210616,-0.002103324,0.9108679,-1.251343,-18.71964,-57.93803
114.95,11.29093,-2.468561,4.176726,-0.326574,-0.04598206,0.9070603,-1.251343,-18.71964,-57.93803
114.96,14.3676,-7.157398,4.298667,-0.3337039,-0.003193391,0.9252476,-1.251343,-18.71964,-57.93803
114.97,13.93686,-11.84624,4.542551,-0.3521098,0.04327758,0.9453679,-1.241787,-19.10327,-58.323
114.98,12.09087,-16.41637,4.847404,-0.3645846,0.05919001,0.9587856,-1.241787,-19.10327,-58.323
114.99,11.7832,-20.09622,4.237697,-0.3692083,0.09807048,0.9693123,-1.241787,-19.10327,-58.323
115,13.13693,-23.65736,2.774398,-0.3642951,0.09562819,0.9573401,-1.241787,-19.10327,-58.323
115.01,18.42879,-25.20052,1.433041,-0.3196877,0.0821462,0.9807159,-1.241787,-19.10327,-58.323
115.02,21.13625,-26.15016,-0.1521984,-0.2889624,0.1080275,1.034256,-1.235619,-19.48035,-57.93397
115.03,19.90559,-25.9721,-1.371614,-0.2756058,0.1497851,1.054801,-1.235619,-19.48035,-57.93397
115.04,16.82893,-26.15016,-1.85938,-0.2783732,0.1414738,1.055287,-1.235619,-19.48035,-57.93397
115.05,14.67526,-25.73469,-2.652,-0.2552128,0.1278917,1.060993,-1.235619,-19.48035,-57.93397
115.06,11.66013,-24.96311,-2.956853,-0.2428182,0.1428245,1.072932,-1.235619,-19.48035,-57.93397
115.07,9.13727100000001,-24.01347,-3.688503,-0.2434076,0.0960396,1.059545,-2.353958,-19.86534,-57.48878
115.08,12.39853,-22.58902,-4.420151,-0.2115521,0.06010931,1.047055,-2.353958,-19.86534,-57.48878
115.09,13.32153,-21.46132,-4.29821,-0.1925516,0.08700189,1.077166,-2.353958,-19.86534,-57.48878
115.1,8.829605,-19.26528,-2.71297,-0.1726983,0.1201408,1.097701,-2.353958,-19.86534,-57.48878
115.11,1.753283,-17.00989,-1.676467,-0.160672,0.1023416,1.091463,-2.353958,-19.86534,-57.48878
115.12,-1.384911,-13.74551,-1.371614,-0.1574782,0.08774748,1.082847,-3.46246,-20.63448,-57.49306
115.13,-0.831112300000002,-10.42178,-2.042292,-0.1501488,0.06064446,1.079013,-3.46246,-20.63448,-57.49306
115.14,1.937883,-7.21675099999998,-2.164234,-0.1481637,0.05874869,1.079967,-3.46246,-20.63448,-57.49306
115.15,3.291614,-4.249132,-1.554526,-0.1487979,0.06647614,1.076137,-3.46246,-20.63448,-57.49306
115.16,3.41468,-1.637628,-0.639964500000003,-0.1559242,0.05654633,1.068495,-3.46246,-20.63448,-57.49306
115.17,3.96848,1.389343,0.1526554,-0.153724,0.06928568,1.075188,-4.563097,-21.78399,-57.49532
115.18,1.753283,3.941494,1.372071,-0.1425361,0.07056195,1.084261,-4.563097,-21.78399,-57.49532
115.19,0.0918861500000001,7.08717000000003,2.286632,-0.1674007,0.07091976,1.070904,-4.563097,-21.78399,-57.49532
115.2,1.568684,8.51162600000001,1.433041,-0.1883898,0.04581761,1.028354,-4.563097,-21.78399,-57.49532
115.21,5.99907599999998,10.11414,1.554983,-0.1724711,0.02872595,1.037902,-4.563097,-21.78399,-57.49532
115.22,7.90660699999998,11.83536,2.10372,-0.1654799,0.04599486,1.051286,-4.947397,-21.40318,-57.11314
115.23,5.137611,12.66629,3.323135,-0.1618323,0.05986629,1.072333,-4.947397,-21.40318,-57.11314
115.24,-4.21544,13.14111,4.969346,-0.1479123,0.0978483,1.103885,-4.947397,-21.40318,-57.11314
115.25,-21.19861,15.21844,8.99341599999998,-0.1230927,0.2048266,1.164115,-4.947397,-21.40318,-57.11314
115.26,-40.82772,19.19505,12.04195,-0.1701732,0.141695,1.111091,-4.947397,-21.40318,-57.11314
115.27,-42.24298,16.7616,8.99341599999998,-0.3022697,0.00881391,0.8950394,-4.205774,-21.0172,-57.1096
115.28,-26.552,15.04039,4.420609,-0.2783656,-0.01986249,0.8428403,-4.205774,-21.0172,-57.1096
115.29,-14.55302,16.28679,2.835369,-0.2258648,0.04068869,0.9207411,-4.205774,-21.0172,-57.1096
115.3,-15.66062,16.82096,2.530515,-0.1680248,0.1022953,0.9962395,-4.205774,-21.0172,-57.1096
115.31,-29.321,16.34614,4.298667,-0.1483724,0.1468877,1.047401,-4.205774,-21.0172,-57.1096
115.32,-50.7961,16.46484,7.89594199999999,-0.1364656,0.1625599,1.088056,-3.476212,-19.87759,-57.94862
115.33,-74.3017999999998,18.18606,10.57866,-0.126353,0.1699094,1.125844,-3.476212,-19.87759,-57.94862
115.34,-96.8844899999999,20.02599,13.2004,-0.1340955,0.1403149,1.094757,-3.476212,-19.87759,-57.94862
115.35,-115.8367,19.72922,17.04156,-0.1689517,0.100671,1.033092,-3.476212,-19.87759,-57.94862
115.36,-129.4356,18.54218,20.15106,-0.2096673,0.0355985,0.9666575,-3.476212,-19.87759,-57.94862
115.37,-137.4349,12.84435,21.98019,-0.2788937,0.009113453,0.8772913,-3.113808,-19.1206,-58.7239
115.38,-142.9729,6.434294,23.13863,-0.3086027,-0.01928717,0.8117853,-3.113808,-19.1206,-58.7239
115.39,-147.0956,4.238256,22.95572,-0.2874764,-0.02864563,0.8055295,-3.113808,-19.1206,-58.7239
115.4,-147.4033,4.000847,21.7363,-0.2411059,-0.05733589,0.8624066,-3.113808,-19.1206,-58.7239
115.41,-147.7725,5.84076999999999,21.55339,-0.1980535,-0.09093796,0.9207265,-3.113808,-19.1206,-58.7239
115.42,-149.4954,8.03680700000001,20.02912,-0.1830654,-0.109768,0.954684,-3.208687,-14.19014,-60.42728
115.43,-150.1107,8.98644500000001,16.67573,-0.1856719,-0.1269284,0.9436858,-3.208687,-14.19014,-60.42728
115.44,-148.4493,9.63932099999998,14.17593,-0.209095,-0.1520304,0.9064042,-3.208687,-14.19014,-60.42728
115.45,-144.9419,8.86774099999997,12.04195,-0.2447176,-0.1500992,0.8758369,-3.208687,-14.19014,-60.42728
115.46,-142.2345,9.22385500000002,9.05438700000001,-0.2501595,-0.1715268,0.882552,-3.208687,-14.19014,-60.42728
115.47,-139.7116,8.92709299999999,6.37167399999999,-0.2555088,-0.1728982,0.8504971,-2.627483,-5.88662,-61.23999
115.48,-137.1272,6.434294,4.786434,-0.277712,-0.1598324,0.7864032,-2.627483,-5.88662,-61.23999
115.49,-137.3734,1.804809,2.10372,-0.2910736,-0.1504575,0.7246878,-2.627483,-5.88662,-61.23999
115.5,-136.8811,-3.18079,-1.310643,-0.283796,-0.2017367,0.6811379,-2.627483,-5.88662,-61.23999
115.51,-133.2506,-7.45416000000003,-1.371614,-0.2765194,-0.2266347,0.6528956,-2.403822,1.346221,-60.88874
115.52,-126.9127,-13.09264,-2.652,-0.2968654,-0.2343136,0.6012468,-2.403822,1.346221,-60.88874
115.53,-120.4517,-19.79945,-7.895484,-0.279145,-0.2708039,0.5581535,-2.403822,1.346221,-60.88874
115.54,-108.7604,-24.01347,-15.09003,-0.218597,-0.4071248,0.5585616,-2.403822,1.346221,-60.88874
115.55,-84.3317100000002,-24.7257,-19.41896,-0.1591356,-0.5882429,0.6044479,-2.403822,1.346221,-60.88874
115.56,-50.6115,-23.53865,-22.52847,-0.1331111,-0.7015435,0.6460679,-2.558575,8.583331,-59.70177
115.57,-16.09135,-20.39298,-28.5036,-0.131207,-0.8536703,0.692047,-2.558575,8.583331,-59.70177
115.58,19.47485,-16.71313,-28.9304,-0.1038186,-0.7540445,0.7398312,-2.558575,8.583331,-59.70177
115.59,44.33427,-12.79587,-28.56457,-0.110945,-0.6839586,0.8202263,-2.558575,8.583331,-59.70177
115.6,55.41026,-10.54048,-26.24768,-0.1376134,-0.5609161,0.8355556,-2.558575,8.583331,-59.70177
115.61,53.50273,-12.43976,-22.65041,-0.1797694,-0.3930272,0.7934712,-3.778845,13.14243,-59.34745
115.62,37.99635,-15.8822,-19.66284,-0.2117784,-0.2718594,0.7748313,-3.778845,13.14243,-59.34745
115.63,15.35213,-20.9865,-18.5044,-0.2228055,-0.2042823,0.74899,-3.778845,13.14243,-59.34745
115.64,-7.53823399999999,-24.90376,-17.65081,-0.2051777,-0.2344167,0.7633243,-3.778845,13.14243,-59.34745
115.65,-23.96761,-27.27785,-17.16304,-0.1855696,-0.3178867,0.7862833,-3.778845,13.14243,-59.34745
115.66,-28.89027,-27.15915,-18.87022,-0.1513105,-0.4029715,0.8135242,-4.103025,10.85095,-60.11207
115.67,-24.15221,-25.8534,-21.55294,-0.1478868,-0.4552978,0.8231033,-4.103025,10.85095,-60.11207
115.68,-15.53755,-24.607,-25.63798,-0.1407163,-0.4478451,0.8254818,-4.103025,10.85095,-60.11207
115.69,-9.199632,-23.06384,-29.9669,-0.1369605,-0.4398423,0.8422233,-4.103025,10.85095,-60.11207
115.7,-5.75377100000002,-21.93614,-32.71059,-0.1396214,-0.4533038,0.8637673,-4.103025,10.85095,-60.11207
115.71,-4.953839,-21.46132,-33.68612,-0.1399298,-0.4623761,0.8819562,-5.986294,11.22051,-59.741
115.72,-4.461573,-22.05484,-33.56418,-0.1495332,-0.4192785,0.833147,-5.986294,11.22051,-59.741
115.73,-2.369443,-26.44692,-35.14942,-0.182758,-0.3384644,0.7618763,-5.986294,11.22051,-59.741
115.74,-2.861709,-31.31381,-38.3199,-0.1487056,-0.3361198,0.7321446,-5.986294,11.22051,-59.741
115.75,-4.584639,-34.63754,-38.62475,-0.08573058,-0.3934114,0.7607641,-5.986294,11.22051,-59.741
115.76,-4.830772,-36.35876,-36.97854,-0.05235707,-0.4578111,0.7669441,-7.807102,11.59054,-59.36946
115.77,-1.507978,-37.90192,-35.45427,-0.03280581,-0.46073,0.7774394,-7.807102,11.59054,-59.36946
115.78,1.87635,-38.49545,-35.33233,-0.02243056,-0.4683,0.7774233,-7.807102,11.59054,-59.36946
115.79,3.660814,-37.66451,-34.72262,-0.005441218,-0.4900677,0.8046781,-7.807102,11.59054,-59.36946
115.8,3.906946,-36.1807,-31.97894,-0.003862045,-0.5212499,0.8453622,-7.807102,11.59054,-59.36946
115.81,4.460746,-33.50985,-28.62554,0.008210038,-0.5399314,0.901818,-8.927135,11.20883,-58.53727
115.82,4.953012,-30.18612,-25.21118,0.004055974,-0.5513339,0.9391572,-8.927135,11.20883,-58.53727
115.83,4.522279,-26.92174,-21.97973,0.0005968053,-0.5483199,0.9573482,-8.927135,11.20883,-58.53727
115.84,3.045481,-24.07282,-18.56537,-0.003350031,-0.5453331,0.973626,-8.927135,11.20883,-58.53727
115.85,-0.03118032,-21.69873,-15.51683,-0.009264247,-0.5414352,0.9875141,-8.927135,11.20883,-58.53727
115.86,-3.723174,-19.26528,-12.46829,-0.02365459,-0.5532594,1.000942,-11.54247,10.80879,-58.5547
115.87,-6.86136900000001,-16.71313,-10.1514,-0.02522488,-0.5730868,1.014829,-11.54247,10.80879,-58.5547
115.88,-7.78436699999998,-14.10163,-8.13936800000001,-0.02103059,-0.588383,1.03349,-11.54247,10.80879,-58.5547
115.89,-6.79983599999999,-10.95595,-6.55412800000001,-0.02137678,-0.5955517,1.047371,-11.54247,10.80879,-58.5547
115.9,-3.846241,-8.285094,-5.700537,-0.02098091,-0.5906845,1.047369,-11.54247,10.80879,-58.5547
115.91,-0.5234462,-6.08905600000001,-5.09083,-0.02259677,-0.5824379,1.049284,-13.04313,10.80081,-58.17883
115.92,2.614748,-4.071075,-4.725005,-0.02643842,-0.5597711,1.038756,-13.04313,10.80081,-58.17883
115.93,4.645346,-2.468561,-4.29821,-0.02210816,-0.5310938,1.030127,-13.04313,10.80081,-58.17883
115.94,5.199144,-1.400219,-3.688503,-0.009859397,-0.5091555,1.011436,-13.04313,10.80081,-58.17883
115.95,5.445278,0.0835904200000001,-2.652,0.01141698,-0.5005137,1.007089,-13.04313,10.80081,-58.17883
115.96,5.076078,1.5674,-1.554526,0.02494483,-0.4944677,1.001321,-14.16736,10.79237,-58.18716
115.97,3.906946,3.644733,-0.0912276099999998,0.03977091,-0.4796141,0.9993771,-14.16736,10.79237,-58.18716
115.98,2.491682,5.78141800000003,1.859837,0.04276332,-0.4835434,0.9883657,-14.16736,10.79237,-58.18716
115.99,1.261018,7.56198899999997,3.810901,0.03155311,-0.4839754,0.9654136,-14.16736,10.79237,-58.18716
116,-0.1542468,8.68968299999998,5.883907,0.03610748,-0.4932105,0.9553578,-14.16736,10.79237,-58.18716
116.01,0.1534194,9.876731,8.07885499999997,0.02861653,-0.510113,0.9300107,-14.16567,10.7891,-58.57417
116.02,1.753283,10.76702,10.2738,0.02982782,-0.5227278,0.9295334,-14.16567,10.7891,-58.57417
116.03,3.722347,12.25083,12.22487,0.03684973,-0.5332273,0.9352667,-14.16567,10.7891,-58.57417
116.04,7.22974099999998,14.20945,14.17593,0.03243601,-0.5319312,0.9271382,-14.16567,10.7891,-58.57417
116.05,11.16787,15.63391,15.2734,0.0175144,-0.516418,0.9022744,-13.02572,10.03682,-58.56177
116.06,14.5522,16.7616,16.06602,0.0062465,-0.5140277,0.8692716,-13.02572,10.03682,-58.56177
116.07,18.18266,17.53319,17.22447,0.003445274,-0.5210835,0.8477424,-13.02572,10.03682,-58.56177
116.08,22.73612,17.41448,18.13903,-0.003730098,-0.5286899,0.8286138,-13.02572,10.03682,-58.56177
116.09,28.33564,17.82995,19.48039,-0.005860159,-0.5189869,0.8314865,-13.02572,10.03682,-58.56177
116.1,33.68903,17.82995,20.57786,-0.01295436,-0.5045794,0.8281451,-12.29196,10.80316,-58.56026
116.11,37.25795,17.59254,21.43145,-0.02718113,-0.499524,0.8272115,-12.29196,10.80316,-58.56026
116.12,40.82688,16.28679,21.79728,-0.03685178,-0.4787766,0.7788869,-12.29196,10.80316,-58.56026
116.13,44.58041,14.50622,22.40698,-0.03778987,-0.4558779,0.7343749,-12.29196,10.80316,-58.56026
116.14,48.51854,13.14111,22.52892,-0.02569793,-0.4513795,0.7219098,-12.29196,10.80316,-58.56026
116.15,53.50273,13.73463,23.56543,-0.01225239,-0.4658403,0.7587404,-11.88407,9.281281,-58.93637
116.16,60.39445,15.93067,24.84581,-0.003125689,-0.4837486,0.7998866,-11.88407,9.281281,-58.93637
116.17,70.5474299999998,19.07635,26.1262,-0.009951947,-0.4825519,0.8391414,-11.88407,9.281281,-58.93637
116.18,81.8695400000001,22.22202,25.57746,-0.01803984,-0.4400443,0.8817379,-11.88407,9.281281,-58.93637
116.19,92.0225300000001,24.29935,24.60193,-0.04380771,-0.3659509,0.8563992,-11.88407,9.281281,-58.93637
116.2,98.3604500000002,23.82454,23.26057,-0.07633936,-0.2956471,0.8033159,-10.71686,7.380857,-59.7564
116.21,100.5141,21.15368,21.24854,-0.1050897,-0.2716875,0.7224805,-10.71686,7.380857,-59.7564
116.22,102.6678,19.2544,19.96815,-0.09212419,-0.3123503,0.7645831,-10.71686,7.380857,-59.7564
116.23,107.7135,21.15368,21.37048,-0.05818776,-0.3525804,0.8616851,-10.71686,7.380857,-59.7564
116.24,113.4976,25.42705,24.05319,-0.0448257,-0.3347548,0.9750797,-10.71686,7.380857,-59.7564
116.25,113.4976,30.70941,25.33358,-0.01101009,-0.2646215,1.078375,-9.50445,3.202114,-60.11275
116.26,105.1906,34.74538,27.10173,-0.00211691,-0.1664382,1.114706,-9.50445,3.202114,-60.11275
116.27,87.0998699999998,38.54393,30.88192,-0.006526012,-0.08729489,1.117087,-9.50445,3.202114,-60.11275
116.28,65.93244,40.14644,35.0889,-0.06530679,-0.0460706,1.076021,-9.50445,3.202114,-60.11275
116.29,47.78014,41.27414,36.43026,-0.1076396,-0.07652403,1.025852,-9.50445,3.202114,-60.11275
116.3,38.98088,41.39284,35.94249,-0.1482151,-0.09749588,0.9460059,-8.270147,-2.114429,-60.07602
116.31,40.64228,40.85867,33.32075,-0.1851314,-0.1057741,0.8647143,-8.270147,-2.114429,-60.07602
116.32,48.33393,42.46119,29.35765,-0.1454743,-0.1677209,0.8598754,-8.270147,-2.114429,-60.07602
116.33,61.0097800000002,45.78492,28.80891,-0.0978102,-0.2398055,0.898097,-8.270147,-2.114429,-60.07602
116.34,74.9778199999997,49.168,29.54056,-0.09438293,-0.2391895,0.9579129,-8.270147,-2.114429,-60.07602
116.35,82.7925499999999,52.19497,28.74794,-0.1115391,-0.180032,1.034021,-5.636669,-5.522226,-60.49026
116.36,82.48488,55.22194,28.50406,-0.1599678,-0.09195629,1.045569,-5.636669,-5.522226,-60.49026
116.37,79.34669,54.50972,25.63843,-0.260614,-0.002550165,0.9437844,-5.636669,-5.522226,-60.49026
116.38,78.23909,53.67878,20.33398,-0.3002338,0.003876285,0.8821155,-5.636669,-5.522226,-60.49026
116.39,81.0696200000003,55.69676,16.61476,-0.2761894,-0.05685098,0.8849607,-5.636669,-5.522226,-60.49026
116.4,86.85374,57.6553899999998,17.40738,-0.2381317,-0.1620948,0.9313433,-3.698366,-8.554278,-60.84714
116.41,95.1607299999998,58.7830800000001,21.43145,-0.216853,-0.2046688,0.9590747,-3.698366,-8.554278,-60.84714
116.42,103.96,58.72373,23.13863,-0.2472926,-0.166272,0.972518,-3.698366,-8.554278,-60.84714
116.43,104.7599,56.76511,25.63843,-0.2605174,-0.05775603,1.017499,-3.698366,-8.554278,-60.84714
116.44,94.05312,54.62842,29.35765,-0.2736812,0.04572975,0.9906954,-3.698366,-8.554278,-60.84714
116.45,75.4700900000002,52.55109,34.6621,-0.2658502,0.04319596,0.9624462,-0.9953499,-12.64476,-59.5802
116.46,57.4408499999997,51.42339,41.79568,-0.2619891,0.01882164,0.9456956,-0.9953499,-12.64476,-59.5802
116.47,42.42675,50.2957,48.56344,-0.2675403,0.002456574,0.9217806,-0.9953499,-12.64476,-59.5802
116.48,33.93516,47.68419,52.64848,-0.3044179,-0.03256866,0.8912252,-0.9953499,-12.64476,-59.5802
116.49,31.53537,44.83528,56.18478,-0.3131081,-0.01160456,0.8644346,-0.9953499,-12.64476,-59.5802
116.5,30.8585,42.52053,57.46517,-0.3161155,0.0182714,0.8433748,2.099443,-17.55653,-58.30608
116.51,30.18164,41.15543,58.5016699999999,-0.2989917,0.04119989,0.8691822,2.099443,-17.55653,-58.30608
116.52,27.41264,41.15543,61.0014700000003,-0.2711495,0.06440595,0.9021494,2.099443,-17.55653,-58.30608
116.53,21.81312,41.21478,62.2818600000003,-0.2616478,0.1299555,0.9289163,2.099443,-17.55653,-58.30608
116.54,11.90627,42.22377,62.89157,-0.2578522,0.1881777,0.9638307,2.099443,-17.55653,-58.30608
116.55,0.2149526,45.66621,63.2573900000002,-0.239879,0.191602,0.9805486,2.52136,-19.83585,-58.29114
116.56,-5.446105,48.93059,61.7940899999998,-0.2304367,0.02527194,0.9451604,2.52136,-19.83585,-58.29114
116.57,-4.953839,52.37303,61.2453500000001,-0.2755089,0.1420188,0.9495161,2.52136,-19.83585,-58.29114
116.58,-2.984776,56.70575,60.4527400000002,-0.3185642,0.1514299,0.9558101,2.52136,-19.83585,-58.29114
116.59,1.69175,60.1481900000001,58.8065299999999,-0.3431162,0.1617628,0.9697291,4.409105,-20.57924,-57.88618
116.6,3.476214,63.5312700000001,56.9774,-0.3817226,0.2199525,0.9865316,4.409105,-20.57924,-57.88618
116.61,-1.692578,66.3208299999999,55.57507,-0.4251815,0.2506669,0.9851637,4.409105,-20.57924,-57.88618
116.62,-11.10716,67.27047,54.29469,-0.435688,0.2649279,0.9732139,4.409105,-20.57924,-57.88618
116.63,-21.93701,68.1607499999997,53.50207,-0.4594863,0.2340618,0.9440702,4.409105,-20.57924,-57.88618
116.64,-25.8136,68.3981599999997,52.22168,-0.4829492,0.1851523,0.9072734,5.91227,-20.94126,-57.03452
116.65,-21.56781,69.28844,50.27062,-0.5161468,0.1611571,0.8527797,5.91227,-20.94126,-57.03452
116.66,-10.7995,68.9323299999998,47.03917,-0.5630471,0.1410726,0.8303736,5.91227,-20.94126,-57.03452
116.67,2.06095,68.8136300000002,44.29548,-0.5859948,0.1692108,0.8217919,5.91227,-20.94126,-57.03452
116.68,11.72167,66.9143500000001,40.39336,-0.6424515,0.1906056,0.7859916,5.91227,-20.94126,-57.03452
116.69,17.81346,63.1158000000002,36.91802,-0.6482223,0.2115265,0.7481889,8.537159,-20.92484,-57.40206
116.7,18.61339,58.6050299999999,34.84502,-0.6565472,0.2651261,0.7290465,8.537159,-20.92484,-57.40206
116.71,13.38306,53.44137,32.65007,-0.6467591,0.2885439,0.7180161,8.537159,-20.92484,-57.40206
116.72,8.89113800000002,48.63383,30.45512,-0.6140555,0.285127,0.698817,8.537159,-20.92484,-57.40206
116.73,5.75294400000002,44.00434,28.01629,-0.5811138,0.295523,0.7016283,8.537159,-20.92484,-57.40206
116.74,4.399212,40.14644,24.17513,-0.5812202,0.3006776,0.6810484,10.77437,-20.52107,-56.6134
116.75,5.014545,34.92343,19.54136,-0.583603,0.2976534,0.6743533,10.77437,-20.52107,-56.6134
116.76,4.583812,31.06553,16.24894,-0.5684845,0.3233922,0.6929848,10.77437,-20.52107,-56.6134
116.77,-0.584979399999999,28.21661,13.81011,-0.5449634,0.3430806,0.7226104,10.77437,-20.52107,-56.6134
116.78,-7.292101,25.24899,11.55419,-0.5264254,0.3163613,0.7364637,10.77437,-20.52107,-56.6134
116.79,-13.69156,23.64648,9.90797699999999,-0.5183068,0.2996848,0.7551183,12.2795,-20.88691,-56.21325
116.8,-18.06042,21.33174,7.22526400000002,-0.5255823,0.2717854,0.7489167,12.2795,-20.88691,-56.21325
116.81,-17.99888,19.72922,3.871872,-0.5488714,0.2657211,0.7207229,12.2795,-20.88691,-56.21325
116.82,-12.95316,17.59254,-0.761905999999999,-0.5674774,0.2436519,0.6858249,12.2795,-20.88691,-56.21325
116.83,-4.830772,15.69326,-5.09083,-0.5673381,0.235669,0.6628551,12.2795,-20.88691,-56.21325
116.84,1.999416,12.66629,-8.26131000000001,-0.577531,0.2071075,0.6437371,13.78017,-20.87893,-56.58913
116.85,7.04514199999998,8.45227399999999,-10.5782,-0.578324,0.1973336,0.6394339,13.78017,-20.87893,-56.58913
116.86,7.660474,3.407323,-11.37082,-0.5837658,0.2015513,0.6341779,13.78017,-20.87893,-56.58913
116.87,3.537747,-2.527914,-11.85858,-0.5943787,0.221738,0.6327555,13.78017,-20.87893,-56.58913
116.88,-5.569171,-9.412788,-12.0415,-0.6111542,0.2588723,0.6380395,13.78017,-20.87893,-56.58913
116.89,-21.07554,-17.1286,-10.82208,-0.616708,0.2952565,0.6433042,14.15322,-20.87284,-56.19935
116.9,-42.36605,-25.49728,-8.566163,-0.6145678,0.3107436,0.6318106,14.15322,-20.87284,-56.19935
116.91,-59.7184199999999,-31.49187,-8.688105,-0.5938874,0.2475201,0.6346623,14.15322,-20.87284,-56.19935
116.92,-55.59569,-35.11236,-16.30945,-0.5933876,0.1422684,0.6021453,14.15322,-20.87284,-56.19935
116.93,-34.05906,-40.15731,-26.73545,-0.6033993,0.1808835,0.5423309,14.15322,-20.87284,-56.19935
116.94,-15.78369,-41.46307,-32.34476,-0.5680306,0.2182429,0.5657098,14.52965,-20.8733,-56.58356
116.95,-3.661641,-43.12493,-35.08845,-0.5326424,0.2033885,0.6182953,14.52965,-20.8733,-56.58356
116.96,5.199144,-45.73643,-38.38087,-0.5083292,0.181534,0.6732948,14.52965,-20.8733,-56.58356
116.97,10.61407,-49.29758,-41.42941,-0.5197849,0.1693697,0.6962895,14.52965,-20.8733,-56.58356
116.98,10.1218,-53.45224,-43.99018,-0.5105902,0.1738336,0.7393442,14.52965,-20.8733,-56.58356
116.99,1.937883,-56.95403,-45.88027,-0.5053209,0.1796428,0.7785768,12.97931,-18.22915,-57.44739
117,-11.59943,-60.3371199999999,-46.30707,-0.4931035,0.1788124,0.8206704,12.97931,-18.22915,-57.44739
117.01,-29.01333,-62.8892699999997,-44.7828,-0.4832171,0.1983629,0.8646771,12.97931,-18.22915,-57.44739
117.02,-48.70397,-66.45042,-41.79523,-0.4876172,0.1993137,0.8718632,12.97931,-18.22915,-57.44739
117.03,-67.5946700000003,-68.7651599999998,-38.38087,-0.4762012,0.1628051,0.8933886,12.97931,-18.22915,-57.44739
117.04,-82.7933799999998,-72.7417700000002,-37.28339,-0.5220156,0.1362055,0.8470535,11.12471,-19.01046,-58.23124
117.05,-91.8387699999999,-76.4216200000001,-40.08805,-0.5252885,0.1280806,0.8159538,11.12471,-19.01046,-58.23124
117.06,-96.4537600000002,-76.6590300000001,-43.3195,-0.4727826,0.08313338,0.8354955,11.12471,-19.01046,-58.23124
117.07,-98.73048,-73.2759399999998,-44.23406,-0.3991469,0.02970845,0.8918529,11.12471,-19.01046,-58.23124
117.08,-98.97662,-67.9342300000002,-43.07561,-0.3325937,-0.03536109,0.9654543,11.12471,-19.01046,-58.23124
117.09,-97.8074900000001,-61.7022200000003,-42.58785,-0.2764249,-0.09237038,1.03955,8.43611,-15.61729,-59.49446
117.1,-94.8539,-54.46124,-42.46591,-0.2428196,-0.1416127,1.108419,8.43611,-15.61729,-59.49446
117.11,-92.2695000000001,-47.04219,-41.00261,-0.2429187,-0.161104,1.155804,8.43611,-15.61729,-59.49446
117.12,-92.5156299999999,-44.9055,-36.18592,-0.3276159,-0.06373839,1.092754,8.43611,-15.61729,-59.49446
117.13,-99.09969,-45.32097,-33.56418,-0.422793,0.07127884,0.9718056,8.43611,-15.61729,-59.49446
117.14,-112.9447,-44.9055,-37.83213,-0.458949,0.1004814,0.8957675,5.343294,-10.70933,-61.22008
117.15,-123.0976,-43.36234,-43.19756,-0.4121316,-0.08332162,0.8880759,5.343294,-10.70933,-61.22008
117.16,-123.3438,-40.51343,-40.45387,-0.3039556,-0.315416,0.9401119,5.343294,-10.70933,-61.22008
117.17,-118.7288,-32.79762,-33.07641,-0.1779051,-0.4602123,1.040909,5.343294,-10.70933,-61.22008
117.18,-112.9447,-23.4793,-25.39409,-0.1594152,-0.4822686,1.139469,3.362507,-5.465077,-61.64904
117.19,-112.3293,-17.84083,-19.47993,-0.1737475,-0.3920121,1.209343,3.362507,-5.465077,-61.64904
117.2,-116.0213,-14.57644,-16.73625,-0.2617064,-0.249592,1.191274,3.362507,-5.465077,-61.64904
117.21,-120.6363,-10.83725,-21.12614,-0.3598482,-0.08490662,1.132538,3.362507,-5.465077,-61.64904
117.22,-129.9894,-6.14840800000003,-28.44263,-0.4062438,-0.02904361,1.071346,3.362507,-5.465077,-61.64904
117.23,-144.8189,-5.080066,-32.71059,-0.445231,-0.1096418,0.9508339,0.6177044,0.2276535,-60.86041
117.24,-160.0176,-6.91998900000001,-28.62554,-0.4721559,-0.2099954,0.8226483,0.6177044,0.2276535,-60.86041
117.25,-168.5092,-15.22932,-19.11411,-0.5180723,-0.07821271,0.6666786,0.6177044,0.2276535,-60.86041
117.26,-179.9543,-24.31023,-20.94323,-0.4933205,0.1330731,0.6024518,0.6177044,0.2276535,-60.86041
117.27,-195.8915,-32.08539,-30.75952,-0.4435123,0.2825184,0.5764834,0.6177044,0.2276535,-60.86041
117.28,-211.2132,-39.56379,-42.70979,-0.3317315,-0.01474565,0.5088859,0.4567852,7.841852,-60.06248
117.29,-214.7206,-47.45765,-48.50201,-0.2495107,-0.2944867,0.4552141,0.4567852,7.841852,-60.06248
117.3,-204.1369,-51.67167,-53.56259,-0.1805338,-0.5681099,0.4613858,0.4567852,7.841852,-60.06248
117.31,-181.7388,-49.95045,-58.9280099999998,-0.1451159,-0.7918177,0.5250322,0.4567852,7.841852,-60.06248
117.32,-154.9103,-44.84615,-63.4398499999997,-0.09667826,-0.9837268,0.5307401,0.4567852,7.841852,-60.06248
117.33,-118.4827,-36.59617,-71.1831299999999,-0.08520265,-0.91734,0.6446041,-1.618046,16.9803,-57.28703
117.34,-83.5317800000001,-28.16814,-76.6704999999999,-0.07665145,-0.9038961,0.7144579,-1.618046,16.9803,-57.28703
117.35,-55.59569,-19.44334,-79.65807,-0.05965032,-0.8483637,0.7455214,-1.618046,16.9803,-57.28703
117.36,-37.38186,-13.27069,-79.35321,-0.04853503,-0.7919021,0.7316087,-1.618046,16.9803,-57.28703
117.37,-27.1058,-12.20235,-75.4510799999998,-0.0698223,-0.6983097,0.6502638,-1.618046,16.9803,-57.28703
117.38,-26.12127,-15.94155,-69.5369200000003,-0.07472425,-0.6208982,0.5708088,-5.182669,25.66375,-54.52035
117.39,-33.013,-20.33363,-63.1959600000002,-0.04596804,-0.6213458,0.565973,-5.182669,25.66375,-54.52035
117.4,-38.48945,-25.37858,-57.09889,-0.0253012,-0.7098647,0.5659598,-5.182669,25.66375,-54.52035
117.41,-34.55133,-28.16814,-52.709,-0.005995903,-0.8030025,0.5951433,-5.182669,25.66375,-54.52035
117.42,-20.21408,-27.81202,-49.84337,0.0102498,-0.8624997,0.6429879,-5.182669,25.66375,-54.52035
117.43,-1.446445,-25.43793,-47.77037,0.01580949,-0.8979284,0.6889306,-7.021181,26.7983,-53.70137
117.44,17.81346,-21.28326,-44.47794,0.0260255,-0.921471,0.7492195,-7.021181,26.7983,-53.70137
117.45,33.0737,-16.23831,-39.66125,0.02828655,-0.9106864,0.807599,-7.021181,26.7983,-53.70137
117.46,42.24215,-11.78688,-33.50321,0.0262109,-0.8518494,0.8162019,-7.021181,26.7983,-53.70137
117.47,44.08814,-9.35343599999998,-27.0403,0.01791476,-0.773247,0.8209819,-7.021181,26.7983,-53.70137
117.48,41.50375,-8.10703700000003,-21.18711,-0.003456793,-0.6994517,0.8066428,-9.652239,27.15897,-53.72286
117.49,36.02729,-8.99732199999999,-15.82168,-0.02441146,-0.6473184,0.8138446,-9.652239,27.15897,-53.72286
117.5,29.19711,-10.00631,-11.73664,-0.05366222,-0.6463419,0.824424,-9.652239,27.15897,-53.72286
117.51,23.65911,-10.71854,-8.444221,-0.07300088,-0.680153,0.8354737,-9.652239,27.15897,-53.72286
117.52,21.01319,-10.54048,-5.88344999999998,-0.08283675,-0.726853,0.8512958,-9.652239,27.15897,-53.72286
117.53,22.42845,-9.234732,-4.29821,-0.09187171,-0.738659,0.8551432,-11.12395,25.99957,-54.56641
117.54,26.73577,-7.86962700000001,-3.932385,-0.09395233,-0.705621,0.8589669,-11.12395,25.99957,-54.56641
117.55,31.0431,-6.68258000000002,-4.542093,-0.1033758,-0.6707755,0.8637602,-11.12395,25.99957,-54.56641
117.56,33.0737,-5.970351,-5.822479,-0.1107682,-0.6402502,0.8699867,-11.12395,25.99957,-54.56641
117.57,32.51989,-4.961361,-6.371216,-0.1117583,-0.6135781,0.8661529,-11.12395,25.99957,-54.56641
117.58,28.82791,-3.95237,-6.85898200000002,-0.09117997,-0.5938085,0.8579761,-12.2052,24.08227,-55.40311
117.59,23.35145,-3.596256,-6.73704000000001,-0.09202893,-0.575062,0.8373941,-12.2052,24.08227,-55.40311
117.6,16.95199,-3.358847,-6.371216,-0.08514808,-0.5784067,0.8287686,-12.2052,24.08227,-55.40311
117.61,12.8908,-2.884028,-6.55412800000001,-0.07507269,-0.5963235,0.8139197,-12.2052,24.08227,-55.40311
117.62,11.7832,-1.815685,-6.371216,-0.05973612,-0.6086856,0.8105462,-12.2052,24.08227,-55.40311
117.63,11.84473,-0.03511433,-5.76150799999997,-0.05551768,-0.6255401,0.8182003,-12.17206,22.55758,-55.782
117.64,12.09087,1.745457,-4.785976,-0.04269763,-0.6335434,0.8186586,-12.17206,22.55758,-55.782
117.65,10.79867,3.644733,-3.139766,-0.02784452,-0.6458011,0.8277289,-12.17206,22.55758,-55.782
117.66,10.3064,4.950485,-0.944818299999998,-0.02916403,-0.6280885,0.801405,-12.17206,22.55758,-55.782
117.67,10.61407,4.59437,0.3355677,-0.04298125,-0.594408,0.7415984,-12.17206,22.55758,-55.782
117.68,10.3064,3.882142,0.0916846799999997,-0.03989657,-0.5775189,0.721967,-11.78329,21.80295,-55.38816
117.69,10.73713,3.407323,0.0916846799999997,-0.03309671,-0.5764566,0.7171691,-11.78329,21.80295,-55.38816
117.7,11.72167,3.169914,0.3355677,-0.02061438,-0.5664911,0.7171448,-11.78329,21.80295,-55.38816
117.71,11.7832,2.932504,1.3111,-0.0188605,-0.5555728,0.7381962,-11.78329,21.80295,-55.38816
117.72,8.95267200000001,2.57639,2.835369,-0.02090199,-0.5500396,0.7630843,-12.13891,21.03289,-56.16089
117.73,4.829945,2.398333,4.786434,-0.02918204,-0.5758222,0.7779413,-12.13891,21.03289,-56.16089
117.74,2.184016,2.398333,6.737498,-0.02981012,-0.5943179,0.7760329,-12.13891,21.03289,-56.16089
117.75,0.8918182,1.5674,8.26176699999998,-0.03651269,-0.6015912,0.739196,-12.13891,21.03289,-56.16089
117.76,-1.446445,-0.2725238,9.11535700000002,-0.04679412,-0.5739256,0.7047493,-12.13891,21.03289,-56.16089
117.77,-5.261505,-2.765323,9.420212,-0.05456884,-0.550155,0.6640778,-11.39532,21.41505,-56.60886
117.78,-9.63036399999999,-5.673589,9.23729900000002,-0.05951009,-0.5470484,0.6425498,-11.39532,21.41505,-56.60886
117.79,-13.38389,-8.93797000000002,9.05438700000001,-0.05846106,-0.5516292,0.6176631,-11.39532,21.41505,-56.60886
117.8,-16.64515,-12.32105,8.99341599999998,-0.06078472,-0.5582029,0.5946972,-11.39532,21.41505,-56.60886
117.81,-19.41415,-15.94155,9.420212,-0.05291416,-0.5369424,0.5645277,-11.39532,21.41505,-56.60886
117.82,-22.49081,-19.38399,9.05438700000001,-0.05192474,-0.5123459,0.5420266,-12.1406,21.03616,-55.77389
117.83,-25.4444,-22.94513,8.139826,-0.05819842,-0.4896174,0.5434673,-12.1406,21.03616,-55.77389
117.84,-29.1364,-26.50627,6.92041000000001,-0.06081923,-0.4800381,0.5338979,-12.1406,21.03616,-55.77389
117.85,-32.70533,-29.83,5.822937,-0.03649276,-0.4781479,0.5285907,-12.1406,21.03616,-55.77389
117.86,-35.90506,-32.73827,3.871872,-0.03003992,-0.4850517,0.5036952,-12.1406,21.03616,-55.77389
117.87,-39.04325,-36.83358,1.128188,-0.009707853,-0.4785784,0.476858,-12.15803,21.80014,-55.39095
117.88,-42.61218,-40.86954,-1.554526,0.001640493,-0.4869354,0.4419043,-12.15803,21.80014,-55.39095
117.89,-47.96557,-45.32097,-3.383649,0.01624054,-0.4862882,0.4279999,-12.15803,21.80014,-55.39095
117.9,-57.9954900000002,-50.36592,-4.35918,0.02627497,-0.475215,0.4480798,-12.15803,21.80014,-55.39095
117.91,-68.5176699999998,-56.83533,-4.785976,0.01814642,-0.4821823,0.500739,-12.15803,21.80014,-55.39095
117.92,-78.4245199999998,-62.6518599999997,-5.456654,-0.001096348,-0.4935188,0.5778263,-14.07052,23.32166,-53.73595
117.93,-86.5469100000002,-67.34071,-7.77354300000002,-0.04018285,-0.5376959,0.666921,-14.07052,23.32166,-53.73595
117.94,-86.1777099999999,-67.9342300000002,-11.98053,-0.04647583,-0.6158321,0.7444814,-14.07052,23.32166,-53.73595
117.95,-77.93225,-63.1860400000001,-17.0411,-0.0005826288,-0.6442248,0.8348595,-14.07052,23.32166,-53.73595
117.96,-77.6245899999997,-54.28318,-20.33352,0.02207822,-0.5774161,0.9175966,-14.07052,23.32166,-53.73595
117.97,-89.1928299999998,-49.00082,-23.68691,0.03639341,-0.5089436,0.9347826,-16.02741,26.75477,-50.93009
117.98,-107.1605,-45.79579,-29.54011,0.03928728,-0.430541,0.8935999,-16.02741,26.75477,-50.93009
117.99,-125.559,-45.97385,-37.10048,-0.00476701,-0.3449947,0.7787964,-16.02741,26.75477,-50.93009
118,-148.3263,-50.72203,-43.56338,-0.06033387,-0.3208211,0.6731218,-16.02741,26.75477,-50.93009
118.01,-171.2782,-58.9126599999999,-51.12376,-0.053068,-0.4509425,0.5635487,-16.02741,26.75477,-50.93009
118.02,-179.9543,-65.08531,-57.3427700000001,0.03666472,-0.689795,0.5012389,-18.73548,30.18553,-47.74279
118.03,-169.3091,-62.7705700000002,-62.0375199999999,0.1633576,-0.8723357,0.4589503,-18.73548,30.18553,-47.74279
118.04,-145.6803,-60.9899999999999,-67.3419700000002,0.2417073,-0.9461974,0.3961393,-18.73548,30.18553,-47.74279
118.05,-120.3902,-58.8533099999998,-71.6708999999998,0.3077281,-0.9847358,0.3965127,-18.73548,30.18553,-47.74279
118.06,-96.3922299999998,-56.06375,-73.8658400000001,0.3126608,-1.039396,0.4132683,-18.73548,30.18553,-47.74279
118.07,-75.9631899999999,-54.04577,-72.5244800000002,0.3078163,-1.118679,0.4156901,-22.60236,34.77016,-42.05441
118.08,-58.36469,-51.55297,-70.0246900000001,0.3046107,-1.155739,0.4085266,-22.60236,34.77016,-42.05441
118.09,-40.82772,-48.82276,-66.1225599999999,0.2813017,-1.132926,0.4559404,-22.60236,34.77016,-42.05441
118.1,-27.53654,-46.0332,-62.0985000000001,0.2853485,-1.034067,0.5765089,-22.60236,34.77016,-42.05441
118.11,-21.26015,-42.05659,-59.3548100000003,0.2497645,-1.006054,0.6344715,-22.60236,34.77016,-42.05441
118.12,-21.62934,-39.44508,-55.02589,0.2624522,-0.9802145,0.6693788,-26.82262,38.58037,-37.65475
118.13,-26.9212,-36.29941,-49.72143,0.3053774,-0.9821285,0.6860546,-26.82262,38.58037,-37.65475
118.14,-33.32066,-33.39114,-44.96571,0.3527097,-1.037602,0.6816792,-26.82262,38.58037,-37.65475
118.15,-36.21272,-32.08539,-39.53931,0.361368,-1.057249,0.6931551,-26.82262,38.58037,-37.65475
118.16,-36.27426,-30.18612,-35.08845,0.3516904,-1.086465,0.7075367,-26.82262,38.58037,-37.65475
118.17,-33.19759,-27.99008,-30.3937,0.32405,-1.093136,0.7286439,-30.20602,38.57576,-35.22877
118.18,-29.75173,-27.04044,-24.47953,0.3148174,-1.094929,0.7119103,-30.20602,38.57576,-35.22877
118.19,-25.25981,-24.07282,-21.24808,0.3334232,-1.099281,0.7271935,-30.20602,38.57576,-35.22877
118.2,-20.70635,-21.63938,-16.06557,0.353344,-1.147902,0.7343498,-30.20602,38.57576,-35.22877
118.21,-12.39936,-17.18795,-11.24888,0.3730986,-1.212714,0.7778826,-30.20602,38.57576,-35.22877
118.22,0.2764858,-11.78688,-6.98092299999999,0.3823647,-1.264242,0.8089871,-32.44411,37.80853,-34.01588
118.23,15.106,-4.961361,-2.834912,0.3783306,-1.257046,0.8075565,-32.44411,37.80853,-34.01588
118.24,27.53571,1.270638,2.10372,0.3847753,-1.237017,0.8051472,-32.44411,37.80853,-34.01588
118.25,37.38102,6.73105599999997,6.24973199999999,0.3913322,-1.222733,0.8118322,-32.44411,37.80853,-34.01588
118.26,44.02661,11.36054,10.7006,0.3823915,-1.21366,0.8137597,-34.31165,37.41738,-33.64076
118.27,47.9032,15.3965,15.63923,0.3635038,-1.219864,0.8137943,-34.31165,37.41738,-33.64076
118.28,50.17993,19.66987,20.63883,0.3468439,-1.189137,0.8090297,-34.31165,37.41738,-33.64076
118.29,50.54913,22.63749,25.21164,0.3297331,-1.160371,0.8033093,-34.31165,37.41738,-33.64076
118.3,49.68767,25.54576,29.23571,0.3178013,-1.122454,0.7774771,-34.31165,37.41738,-33.64076
118.31,48.58007,28.09791,32.65007,0.3085446,-1.071399,0.7478084,-33.92788,37.40276,-35.70199
118.32,47.28787,30.59071,35.39375,0.3039348,-1.034402,0.7119137,-33.92788,37.40276,-35.70199
118.33,47.04174,32.78675,38.07647,0.306971,-1.015172,0.6827103,-33.92788,37.40276,-35.70199
118.34,48.6416,35.3389,40.39336,0.3067516,-1.004298,0.6501647,-33.92788,37.40276,-35.70199
118.35,52.02593,37.41623,41.79568,0.291417,-0.9926451,0.6291311,-33.92788,37.40276,-35.70199
118.36,56.88705,38.95939,43.44189,0.2701818,-0.978211,0.6061928,-31.65496,36.64203,-37.68076
118.37,61.9943100000002,40.4432,44.66131,0.2576643,-0.9605487,0.5985528,-31.65496,36.64203,-37.68076
118.38,66.4247099999998,42.22377,45.5149,0.2474142,-0.9334465,0.6086138,-31.65496,36.64203,-37.68076
118.39,69.07063,44.1824,45.9417,0.2366569,-0.9054392,0.6124539,-31.65496,36.64203,-37.68076
118.4,70.6089600000003,45.96297,46.61237,0.2434151,-0.8761799,0.6090846,-31.65496,36.64203,-37.68076
118.41,70.8550900000001,47.38743,46.79528,0.2372905,-0.8354818,0.6090848,-29.36881,35.4906,-40.88301
118.42,69.8705699999997,48.75253,46.9782,0.2259112,-0.8001364,0.6196243,-29.36881,35.4906,-40.88301
118.43,68.0861100000002,50.05829,47.10014,0.2190058,-0.7696015,0.6258499,-29.36881,35.4906,-40.88301
118.44,64.4556400000001,51.18598,46.91722,0.2031838,-0.7315554,0.6225177,-29.36881,35.4906,-40.88301
118.45,59.4714499999999,51.00792,46.85625,0.1900228,-0.7056842,0.6105695,-29.36881,35.4906,-40.88301
118.46,53.93346,50.35505,45.9417,0.1738929,-0.7031049,0.6086827,-26.34862,35.10496,-44.14825
118.47,49.44154,49.93958,45.02713,0.1744245,-0.7055591,0.6048537,-26.34862,35.10496,-44.14825
118.48,47.10327,49.93958,43.86869,0.1707496,-0.7179733,0.583806,-26.34862,35.10496,-44.14825
118.49,46.36487,49.0493,42.34442,0.1553595,-0.7290733,0.5723499,-26.34862,35.10496,-44.14825
118.5,46.67254,47.68419,41.24694,0.1257166,-0.7336167,0.5647455,-26.34862,35.10496,-44.14825
118.51,48.457,46.20038,40.27141,0.09810434,-0.7424934,0.5571387,-23.65967,32.44145,-46.56561
118.52,51.16446,43.94499,39.35685,0.07044659,-0.748937,0.55001,-23.65967,32.44145,-46.56561
118.53,55.34872,42.75795,38.38132,0.06404105,-0.7451804,0.5495416,-23.65967,32.44145,-46.56561
118.54,61.9327799999998,41.92701,36.73511,0.07448301,-0.7304177,0.5471267,-23.65967,32.44145,-46.56561
118.55,71.3473700000002,41.51155,34.72308,0.0905389,-0.7291418,0.5456626,-23.65967,32.44145,-46.56561
118.56,84.2693400000001,41.92701,32.28424,0.09509229,-0.7384075,0.532257,-19.88579,31.68816,-48.98476
118.57,100.6372,42.57989,28.13823,0.09658632,-0.7396692,0.5504405,-19.88579,31.68816,-48.98476
118.58,117.5588,43.35147,24.35805,0.05789622,-0.7292174,0.5548126,-19.88579,31.68816,-48.98476
118.59,132.3268,44.00434,21.98019,0.04382815,-0.6802486,0.5730103,-19.88579,31.68816,-48.98476
118.6,140.6338,45.13204,19.84621,0.02520784,-0.5955626,0.6275786,-19.88579,31.68816,-48.98476
118.61,139.6492,45.90362,18.44388,0.02792675,-0.5313109,0.6864222,-17.20918,29.77883,-52.18016
118.62,131.0346,46.91261,18.68777,0.0382267,-0.4814659,0.7476492,-17.20918,29.77883,-52.18016
118.63,117.3742,48.15901,19.78524,0.04261239,-0.4549103,0.7725207,-17.20918,29.77883,-52.18016
118.64,100.9448,48.27772,21.37048,0.03235542,-0.4016068,0.7782677,-17.20918,29.77883,-52.18016
118.65,81.3772799999999,47.09067,23.32154,0.009576823,-0.3564134,0.7744672,-17.20918,29.77883,-52.18016
118.66,60.7021099999997,45.48816,24.54096,-0.01787325,-0.3220381,0.766849,-14.83009,24.06585,-55.03558
118.67,41.50375,44.00434,24.96775,-0.03244045,-0.3247425,0.7683108,-14.83009,24.06585,-55.03558
118.68,25.19744,42.8173,24.54096,-0.02978164,-0.3626328,0.7640087,-14.83009,24.06585,-55.03558
118.69,15.53673,42.75795,24.2361,-0.01761657,-0.4397186,0.7573072,-14.83009,24.06585,-55.03558
118.7,11.90627,43.64823,24.17513,-0.0100461,-0.4800996,0.7357686,-14.83009,24.06585,-55.03558
118.71,11.90627,43.58888,24.2361,-0.01331899,-0.4882244,0.7046689,-11.72867,19.56732,-57.37585
118.72,11.9678,43.47017,24.96775,-0.02660916,-0.4812417,0.6999046,-11.72867,19.56732,-57.37585
118.73,11.35247,42.04572,25.27261,-0.05574771,-0.4611369,0.6764999,-11.72867,19.56732,-57.37585
118.74,10.36794,41.33349,24.6629,-0.05807587,-0.46708,0.6693269,-11.72867,19.56732,-57.37585
118.75,10.06027,41.09608,24.2361,-0.05641551,-0.4777905,0.6635838,-11.72867,19.56732,-57.37585
118.76,10.61407,40.14644,23.87028,-0.06704275,-0.4829257,0.6564251,-9.831369,18.44032,-57.35586
118.77,10.6756,38.84069,23.80931,-0.09773419,-0.4836461,0.6440358,-9.831369,18.44032,-57.35586
118.78,10.55254,36.46659,24.05319,-0.119446,-0.4953088,0.6378551,-9.831369,18.44032,-57.35586
118.79,10.6756,33.73639,24.35805,-0.1507409,-0.4896536,0.6331224,-9.831369,18.44032,-57.35586
118.8,10.3064,30.41265,23.80931,-0.1741003,-0.4653322,0.6331569,-9.831369,18.44032,-57.35586
118.81,8.21427200000002,25.96122,23.26057,-0.1990031,-0.4366677,0.6331929,-7.200312,18.07965,-57.33437
118.82,4.091547,20.3821,22.65087,-0.2369107,-0.4160001,0.6370823,-7.200312,18.07965,-57.33437
118.83,-0.21578,14.38751,21.30951,-0.2613115,-0.4140437,0.6380815,-7.200312,18.07965,-57.33437
118.84,-3.477041,9.10515000000002,19.72427,-0.2821439,-0.4201681,0.6510409,-7.200312,18.07965,-57.33437
118.85,-4.953839,3.882142,17.34641,-0.292516,-0.4125015,0.6615857,-5.385389,18.08616,-58.15942
118.86,-5.99990400000001,-0.925399799999999,13.99302,-0.3031187,-0.3927655,0.663992,-5.385389,18.08616,-58.15942
118.87,-7.41516800000001,-6.02970399999999,10.33477,-0.3215401,-0.3716559,0.6740688,-5.385389,18.08616,-58.15942
118.88,-9.07656499999999,-10.30307,6.49361500000002,-0.3163981,-0.359804,0.6836283,-5.385389,18.08616,-58.15942
118.89,-9.99956300000002,-13.68616,2.347603,-0.3078725,-0.3720331,0.7094597,-5.385389,18.08616,-58.15942
118.9,-9.99956300000002,-16.23831,-2.164234,-0.2930033,-0.3845571,0.7424588,-4.261164,18.0946,-58.15108
118.91,-8.64583199999998,-17.78147,-6.85898200000002,-0.2817943,-0.4098098,0.7730746,-4.261164,18.0946,-58.15108
118.92,-6.246037,-19.32463,-10.88305,-0.2730037,-0.436884,0.7692376,-4.261164,18.0946,-58.15108
118.93,-4.338506,-20.27427,-14.84615,-0.2656544,-0.4128443,0.7783116,-4.261164,18.0946,-58.15108
118.94,-5.630704,-21.46132,-18.74828,-0.2680703,-0.3874081,0.8017595,-4.261164,18.0946,-58.15108
118.95,-9.87649699999998,-22.94513,-21.79682,-0.259214,-0.3914092,0.8232809,-5.402805,18.85014,-57.77648
118.96,-14.30689,-24.42894,-23.68691,-0.2450423,-0.4192042,0.8352278,-5.402805,18.85014,-57.77648
118.97,-16.82975,-24.7257,-25.21118,-0.221908,-0.4569303,0.8576902,-5.402805,18.85014,-57.77648
118.98,-16.09135,-24.01347,-26.36963,-0.1834742,-0.5050976,0.8743858,-5.402805,18.85014,-57.77648
118.99,-13.38389,-22.82643,-26.79642,-0.163789,-0.5410358,0.8872823,-5.402805,18.85014,-57.77648
119,-8.64583199999998,-21.40197,-26.85739,-0.1477527,-0.5644732,0.8934819,-6.15229,18.84451,-57.78204
119.01,-4.584639,-20.63039,-26.18671,-0.1568794,-0.5714391,0.8954139,-6.15229,18.84451,-57.78204
119.02,-2.49251,-19.85881,-24.66245,-0.1515915,-0.5673637,0.9044966,-6.15229,18.84451,-57.78204
119.03,-2.369443,-19.56204,-23.19915,-0.1521571,-0.5628874,0.9169394,-6.15229,18.84451,-57.78204
119.04,-2.554043,-18.73111,-21.37002,-0.1495819,-0.570038,0.9265082,-6.15229,18.84451,-57.78204
119.05,-2.430976,-18.31565,-19.90672,-0.1545364,-0.5914471,0.9341796,-7.975075,19.21836,-56.95901
119.06,-0.708045800000002,-17.18795,-19.05313,-0.1470489,-0.6267115,0.9408756,-7.975075,19.21836,-56.95901
119.07,3.168548,-14.81385,-17.58984,-0.1227187,-0.650348,0.960461,-7.975075,19.21836,-56.95901
119.08,7.47587400000002,-12.61782,-16.18751,-0.124269,-0.645449,0.9681196,-7.975075,19.21836,-56.95901
119.09,10.6756,-9.65019800000001,-14.23644,-0.1168328,-0.6264031,0.9623588,-7.975075,19.21836,-56.95901
119.1,11.53707,-7.09804599999998,-12.83412,-0.1235754,-0.6046557,0.9638008,-9.475737,19.21038,-56.58313
119.11,10.6756,-4.783304,-11.18791,-0.1100461,-0.5985659,0.9628185,-9.475737,19.21038,-56.58313
119.12,9.752604,-2.231152,-9.11489999999999,-0.0991023,-0.5848749,0.9484386,-9.475737,19.21038,-56.58313
119.13,8.39887199999999,0.1429428,-7.59063100000002,-0.08804169,-0.5775559,0.9278387,-9.475737,19.21038,-56.58313
119.14,7.41434100000001,2.101571,-6.24927399999999,-0.08262707,-0.5810829,0.9024656,-9.475737,19.21038,-56.58313
119.15,7.29127500000003,3.58538,-5.1518,-0.08509813,-0.5799284,0.8747122,-10.22353,19.20148,-56.97569
119.16,8.27580600000001,5.06919,-4.542093,-0.08779809,-0.5666561,0.8440846,-10.22353,19.20148,-56.97569
119.17,9.50647100000001,5.662713,-4.420151,-0.09112344,-0.546151,0.8086704,-10.22353,19.20148,-56.97569
119.18,10.3064,5.544008,-4.846947,-0.09888525,-0.5227475,0.7809206,-10.22353,19.20148,-56.97569
119.19,10.92173,4.59437,-5.76150799999997,-0.1086519,-0.4965207,0.7474306,-10.22353,19.20148,-56.97569
119.2,11.35247,3.110561,-7.52965999999999,-0.118466,-0.4679222,0.7077184,-9.833063,18.44358,-56.96886
119.21,11.9678,-0.03511433,-9.78557800000002,-0.1265796,-0.4518631,0.6747068,-9.833063,18.44358,-56.96886
119.22,14.12146,-3.536904,-13.19994,-0.1397747,-0.4247454,0.6397867,-9.833063,18.44358,-56.96886
119.23,16.89046,-8.04768500000001,-17.52887,-0.1398356,-0.3963787,0.6067577,-9.833063,18.44358,-56.96886
119.24,19.96712,-13.5081,-22.28459,-0.13949,-0.3635866,0.5785127,-9.833063,18.44358,-56.96886
119.25,22.12078,-19.79945,-27.0403,-0.1205863,-0.3327787,0.5588502,-10.19825,18.05715,-57.35661
119.26,23.59758,-25.79404,-32.28379,-0.1049839,-0.3071313,0.5664737,-10.19825,18.05715,-57.35661
119.27,23.84371,-31.61057,-37.52728,-0.09527343,-0.2792013,0.5707567,-10.19825,18.05715,-57.35661
119.28,22.61305,-37.48646,-42.77076,-0.08479343,-0.2663334,0.5736065,-10.19825,18.05715,-57.35661
119.29,20.09019,-43.48104,-47.58745,-0.06104825,-0.2589163,0.5893562,-10.19825,18.05715,-57.35661
119.3,16.82893,-48.526,-51.55055,-0.01322695,-0.2879069,0.6103377,-10.53956,16.5291,-57.80278
119.31,13.0754,-52.20584,-53.56259,0.04245979,-0.319898,0.6581064,-10.53956,16.5291,-57.80278
119.32,8.95267200000001,-55.47022,-52.64803,0.06706011,-0.3325763,0.6532811,-10.53956,16.5291,-57.80278
119.33,2.922415,-59.92165,-50.57502,0.0688556,-0.2985688,0.6484835,-10.53956,16.5291,-57.80278
119.34,-7.661301,-63.8389099999998,-50.69696,0.08194462,-0.2948779,0.6518097,-10.53956,16.5291,-57.80278
119.35,-17.01435,-66.21301,-52.16026,0.1062432,-0.3428341,0.6690084,-13.12345,14.60763,-57.8121
119.36,-21.13708,-67.4594100000001,-53.68453,0.1396628,-0.4352903,0.6890742,-13.12345,14.60763,-57.8121
119.37,-21.01401,-68.2903399999997,-53.98938,0.1528573,-0.488842,0.7029436,-13.12345,14.60763,-57.8121
119.38,-18.30655,-68.7058100000003,-53.62356,0.1626783,-0.5179964,0.7349986,-13.12345,14.60763,-57.8121
119.39,-15.16835,-69.4773899999998,-52.709,0.1316016,-0.523255,0.7585044,-16.13461,14.97584,-56.61088
119.4,-11.29176,-76.36227,-51.42861,0.02611087,-0.4354243,0.6543361,-16.13461,14.97584,-56.61088
119.41,-12.27629,-85.7399400000002,-52.34317,-0.007661635,-0.3247022,0.6132089,-16.13461,14.97584,-56.61088
119.42,-20.02948,-91.6751800000003,-55.94045,0.04973184,-0.3441655,0.6456571,-16.13461,14.97584,-56.61088
119.43,-24.09067,-93.5744599999998,-58.2573399999998,0.1510138,-0.4676671,0.7373989,-16.13461,14.97584,-56.61088
119.44,-18.12195,-90.0133100000002,-58.3792800000003,0.2606633,-0.6216484,0.825784,-20.99956,14.196,-54.57895
119.45,-4.830772,-81.7039800000002,-57.40374,0.3259595,-0.7493766,0.9051467,-20.99956,14.196,-54.57895
119.46,12.21393,-72.5043600000002,-55.08686,0.3335395,-0.7886881,0.9472582,-20.99956,14.196,-54.57895
119.47,26.36658,-64.7291999999998,-52.2822,0.3170054,-0.7376356,0.9860387,-20.99956,14.196,-54.57895
119.48,33.44289,-58.8533099999998,-50.27016,0.2780285,-0.6594199,1.014801,-20.99956,14.196,-54.57895
119.49,31.84303,-54.52058,-47.52648,0.2548136,-0.5900863,1.047845,-25.50183,14.1726,-53.38681
119.5,23.16685,-50.84074,-43.3195,0.2508951,-0.5621141,1.086131,-25.50183,14.1726,-53.38681
119.51,9.937203,-47.75442,-37.64922,0.2600445,-0.5559792,1.099514,-25.50183,14.1726,-53.38681
119.52,-4.953839,-44.54939,-32.28379,0.2834785,-0.5584933,1.092773,-25.50183,14.1726,-53.38681
119.53,-17.87582,-41.34436,-27.89389,0.3003694,-0.5756271,1.09562,-25.50183,14.1726,-53.38681
119.54,-26.24434,-39.02962,-23.9308,0.2966382,-0.6108203,1.081278,-28.84056,12.25586,-52.17619
119.55,-28.7672,-36.59617,-20.69934,0.2935339,-0.6531935,1.077466,-28.84056,12.25586,-52.17619
119.56,-27.04427,-33.5692,-17.89469,0.2919812,-0.6740144,1.08896,-28.84056,12.25586,-52.17619
119.57,-22.98308,-29.83,-15.45586,0.3057713,-0.6813592,1.106166,-28.84056,12.25586,-52.17619
119.58,-17.99888,-25.49728,-13.5048,0.3283104,-0.6875767,1.121443,-28.84056,12.25586,-52.17619
119.59,-13.26083,-20.68974,-11.43179,0.3333966,-0.6728453,1.127173,-31.08034,11.49189,-50.57631
119.6,-9.01503199999997,-16.06026,-9.907519,0.3306318,-0.6554323,1.124302,-31.08034,11.49189,-50.57631
119.61,-6.61523600000002,-11.78688,-8.26131000000001,0.3373869,-0.6262696,1.110404,-31.08034,11.49189,-50.57631
119.62,-5.75377100000002,-7.98833099999999,-6.73704000000001,0.3473133,-0.6100945,1.104161,-31.08034,11.49189,-50.57631
119.63,-5.75377100000002,-4.011723,-4.968888,0.3609406,-0.6094183,1.095523,-31.08034,11.49189,-50.57631
119.64,-4.953839,0.1429428,-2.895883,0.3643505,-0.6093465,1.095996,-32.2203,12.24417,-50.58871
119.65,-3.600108,4.060199,-0.883847500000001,0.3719681,-0.6000507,1.086408,-32.2203,12.24417,-50.58871
119.66,-2.430976,8.392921,1.981778,0.3783742,-0.5781446,1.07682,-32.2203,12.24417,-50.58871
119.67,-2.430976,12.01342,4.908375,0.3762144,-0.5670589,1.071557,-32.2203,12.24417,-50.58871
119.68,-2.677109,15.04039,7.77400100000002,0.3685091,-0.546513,1.050029,-32.2203,12.24417,-50.58871
119.69,-2.923242,17.94865,10.15186,0.3639631,-0.5385612,1.026106,-32.96559,11.86527,-49.75374
119.7,-3.723174,20.73821,12.28584,0.3553834,-0.5490407,1.014638,-32.96559,11.86527,-49.75374
119.71,-4.276973,23.70583,14.48078,0.3558485,-0.548178,1.001715,-32.96559,11.86527,-49.75374
119.72,-4.338506,26.7328,15.82214,0.3454598,-0.5402538,0.9873739,-32.96559,11.86527,-49.75374
119.73,-4.584639,29.99718,16.79767,0.3336678,-0.5351766,0.9835646,-32.96559,11.86527,-49.75374
119.74,-5.507638,32.48999,18.07806,0.3179865,-0.5307103,0.9744977,-31.85511,12.6306,-50.20096
119.75,-7.16903500000002,34.86408,18.93165,0.315575,-0.5323167,0.9634951,-31.85511,12.6306,-50.20096
119.76,-8.830432,36.28854,19.90718,0.3007515,-0.5478624,0.9429462,-31.85511,12.6306,-50.20096
119.77,-8.39969899999999,37.17882,21.55339,0.3002374,-0.5984631,0.9372172,-31.85511,12.6306,-50.20096
119.78,-5.199972,39.37486,23.99222,0.3175753,-0.6137584,0.9276194,-31.85511,12.6306,-50.20096
119.79,-3.046309,40.3245,26.24814,0.3081521,-0.5796752,0.9022626,-29.9839,13.01467,-51.41459
119.8,-3.661641,41.21478,27.34561,0.2863116,-0.5581516,0.9118665,-29.9839,13.01467,-51.41459
119.81,-5.75377100000002,41.39284,28.80891,0.2521567,-0.5559941,0.9028327,-29.9839,13.01467,-51.41459
119.82,-9.199632,41.33349,30.94289,0.2355618,-0.5550483,0.8827611,-29.9839,13.01467,-51.41459
119.83,-13.13776,40.91802,32.77201,0.2165362,-0.5539971,0.8794441,-29.9839,13.01467,-51.41459
119.84,-17.69122,40.14644,33.80851,0.1981071,-0.5587698,0.8756487,-28.12842,14.15945,-52.63227
119.85,-22.98308,39.49356,34.11337,0.2000402,-0.5576676,0.8856952,-28.12842,14.15945,-52.63227
119.86,-28.15187,40.91802,35.02793,0.213046,-0.5752852,0.8971629,-28.12842,14.15945,-52.63227
119.87,-31.22853,42.57989,36.61317,0.2034811,-0.5853553,0.8794749,-28.12842,14.15945,-52.63227
119.88,-34.98206,43.05471,38.32035,0.189192,-0.5776222,0.8526975,-28.12842,14.15945,-52.63227
119.89,-38.36639,43.11406,39.35685,0.1705364,-0.5709737,0.8230566,-26.64517,14.93141,-52.62521
119.9,-40.95078,42.75795,40.69821,0.1512494,-0.5821507,0.8116072,-26.64517,14.93141,-52.62521
119.91,-42.05838,42.52053,42.22248,0.13604,-0.6030231,0.7939318,-26.64517,14.93141,-52.62521
119.92,-42.18145,42.57989,43.50286,0.1393659,-0.6242816,0.800153,-26.64517,14.93141,-52.62521
119.93,-42.05838,43.76694,44.72228,0.1448935,-0.6327572,0.8178529,-24.43434,16.8468,-53.00567
119.94,-41.87378,45.84427,45.81975,0.1439207,-0.6327325,0.8226403,-24.43434,16.8468,-53.00567
119.95,-42.18145,47.50613,46.49043,0.1383692,-0.6226901,0.8169044,-24.43434,16.8468,-53.00567
119.96,-43.71978,48.87124,47.70985,0.1172138,-0.6383433,0.798281,-24.43434,16.8468,-53.00567
119.97,-43.47364,49.22735,48.92926,0.09185245,-0.6639388,0.7643529,-24.43434,16.8468,-53.00567
119.98,-41.01232,49.34606,49.59994,0.07671942,-0.6629467,0.7461931,-22.24709,19.90325,-53.3922
119.99,-39.78165,48.51513,50.33159,0.06425763,-0.6481681,0.7419038,-22.24709,19.90325,-53.3922
120,-40.33545,47.56549,51.12421,0.05218566,-0.6279401,0.7481411,-22.24709,19.90325,-53.3922
120.01,-42.98138,46.49715,51.79489,0.04583459,-0.6271068,0.7467163,-22.24709,19.90325,-53.3922
120.02,-45.56578,45.84427,53.31916,0.04545556,-0.6329895,0.7419327,-22.24709,19.90325,-53.3922
120.03,-47.4733,45.84427,54.59954,0.04665114,-0.6453249,0.7189621,-18.5534,22.53047,-53.37826
120.04,-47.78097,45.96297,56.18478,0.04992765,-0.6642734,0.7122612,-18.5534,22.53047,-53.37826
120.05,-46.30417,45.78492,57.6480799999999,0.05054301,-0.6974632,0.6950399,-18.5534,22.53047,-53.37826
120.06,-42.79678,45.72556,58.9284699999998,0.04390359,-0.7073877,0.6869183,-18.5534,22.53047,-53.37826
120.07,-37.87412,45.4288,60.1478800000002,0.02567099,-0.7229788,0.6687682,-18.5534,22.53047,-53.37826
120.08,-33.07453,44.83528,61.8550599999998,0.01618346,-0.736799,0.6659169,-15.61416,25.22254,-52.53171
120.09,-28.27493,43.94499,63.80613,0.009267102,-0.7322516,0.6467847,-15.61416,25.22254,-52.53171
120.1,-23.35227,43.11406,65.9401100000001,0.00531718,-0.7293614,0.6525337,-15.61416,25.22254,-52.53171
120.11,-19.10648,43.05471,67.8302099999998,0.003178555,-0.719155,0.6573206,-15.61416,25.22254,-52.53171
120.12,-14.18382,43.70758,69.2325399999997,-0.007222236,-0.7100706,0.6635579,-15.61416,25.22254,-52.53171
120.13,-9.44576499999999,44.89463,70.14709,-0.008924704,-0.6975926,0.6501575,-11.93133,28.29678,-52.13312
120.14,-4.646173,46.43779,71.1226299999997,-0.01664328,-0.6759216,0.6453797,-11.93133,28.29678,-52.13312
120.15,-0.892645499999998,47.20937,71.5494199999999,-0.0219551,-0.6527891,0.6358114,-11.93133,28.29678,-52.13312
120.16,2.307082,47.50613,71.9762199999998,-0.04107803,-0.620657,0.6305721,-11.93133,28.29678,-52.13312
120.17,4.276146,47.62484,71.8542799999999,-0.05224539,-0.5971894,0.6171855,-11.93133,28.29678,-52.13312
120.18,5.87601,47.09067,71.48845,-0.07051934,-0.5845747,0.601421,-8.588127,29.83971,-52.56771
120.19,7.35280799999999,46.20038,70.6958299999998,-0.09819475,-0.5643839,0.5842353,-8.588127,29.83971,-52.56771
120.2,9.01420499999997,44.1824,68.9276800000003,-0.1339302,-0.555958,0.5732882,-8.588127,29.83971,-52.56771
120.21,11.16787,41.6896,66.1840000000002,-0.1653678,-0.5432008,0.5484537,-8.588127,29.83971,-52.56771
120.22,13.9984,37.89105,63.3183600000002,-0.1955322,-0.5465159,0.5169212,-8.588127,29.83971,-52.56771
120.23,20.52092,32.96481,59.0504099999997,-0.2268695,-0.5655185,0.4729517,-4.525034,29.86364,-53.31159
120.24,33.13523,28.21661,52.83139,-0.2382676,-0.5820472,0.4437827,-4.525034,29.86364,-53.31159
120.25,51.0414,24.1213,45.69781,-0.2607135,-0.580626,0.4352071,-4.525034,29.86364,-53.31159
120.26,70.1167000000001,20.61951,37.71064,-0.2706515,-0.5435617,0.4711081,-4.525034,29.86364,-53.31159
120.27,85.3769400000001,18.12671,29.90639,-0.2906108,-0.4915173,0.5194657,-4.525034,29.86364,-53.31159
120.28,94.36079,16.16808,23.32154,-0.3214469,-0.4315934,0.5496542,-1.136627,29.12824,-53.28251
120.29,99.7757200000002,12.785,16.7367,-0.3433949,-0.3528932,0.5415365,-1.136627,29.12824,-53.28251
120.3,99.3449899999999,9.40191199999999,10.51768,-0.3452402,-0.3061301,0.5577992,-1.136627,29.12824,-53.28251
120.31,95.0376599999998,5.425303,4.420609,-0.3402105,-0.2877657,0.5888932,-1.136627,29.12824,-53.28251
120.32,87.9613299999998,0.973875899999997,-0.639964500000003,-0.3501987,-0.2997037,0.6334212,-1.136627,29.12824,-53.28251
120.33,77.4391599999999,-3.240142,-4.35918,-0.3626407,-0.3371389,0.6583385,1.179277,26.45865,-56.08965
120.34,67.1630999999998,-7.276103,-7.40771900000001,-0.3590734,-0.3708957,0.6789197,1.179277,26.45865,-56.08965
120.35,59.5945199999999,-9.82825600000001,-10.02946,-0.3442076,-0.3835294,0.6999545,1.179277,26.45865,-56.08965
120.36,55.10259,-12.32105,-13.19994,-0.3386397,-0.3681841,0.7186052,1.179277,26.45865,-56.08965
120.37,51.53366,-14.33904,-16.73625,-0.3332802,-0.3416225,0.7420393,1.179277,26.45865,-56.08965
120.38,48.02627,-15.8822,-20.45546,-0.3290342,-0.3335135,0.7693086,0.8904972,22.63811,-57.74915
120.39,44.58041,-17.60342,-23.19915,-0.3240471,-0.3133949,0.7798235,0.8904972,22.63811,-57.74915
120.4,40.21155,-19.32463,-25.21118,-0.314353,-0.3108526,0.7711915,0.8904972,22.63811,-57.74915
120.41,32.95063,-21.40197,-25.82089,-0.3182977,-0.3342119,0.7759902,0.8904972,22.63811,-57.74915
120.42,24.70518,-23.95412,-25.63798,-0.3180447,-0.3735331,0.7798285,0.8904972,22.63811,-57.74915
120.43,18.24419,-25.73469,-25.33312,-0.3126524,-0.4010901,0.7836547,-0.1608887,19.26333,-58.51358
120.44,13.93686,-26.74368,-25.15021,-0.3090729,-0.4095953,0.8023152,-0.1608887,19.26333,-58.51358
120.45,10.61407,-26.50627,-25.75992,-0.2931468,-0.4264543,0.8372278,-0.1608887,19.26333,-58.51358
120.46,8.27580600000001,-25.73469,-26.73545,-0.2894456,-0.4411778,0.8664183,-0.1608887,19.26333,-58.51358
120.47,7.106675,-24.25088,-27.22322,-0.2782277,-0.4669163,0.8970343,-0.1608887,19.26333,-58.51358
120.48,6.552876,-22.05484,-27.65001,-0.2734521,-0.4869683,0.9257456,-1.614378,16.97322,-58.12553
120.49,6.36827599999998,-19.44334,-27.83292,-0.2579592,-0.481137,0.9453388,-1.614378,16.97322,-58.12553
120.5,3.722347,-17.30665,-27.89389,-0.2506162,-0.4829401,0.9448478,-1.614378,16.97322,-58.12553
120.51,-1.446445,-15.94155,-27.65001,-0.2471284,-0.4873719,0.9309642,-1.614378,16.97322,-58.12553
120.52,-6.553703,-15.58544,-27.0403,-0.2431641,-0.4913521,0.9122938,-2.7428,17.33805,-58.97442
120.53,-10.49183,-15.28867,-26.4306,-0.223199,-0.5168003,0.9026941,-2.7428,17.33805,-58.97442
120.54,-13.56849,-13.92357,-24.84536,-0.2007226,-0.5195824,0.9217986,-2.7428,17.33805,-58.97442
120.55,-16.15289,-12.20235,-23.504,-0.1881292,-0.5153978,0.9270399,-2.7428,17.33805,-58.97442
120.56,-17.87582,-9.94695999999999,-22.22361,-0.175175,-0.5564163,0.9303779,-2.7428,17.33805,-58.97442
120.57,-16.33749,-7.09804599999998,-20.5774,-0.1557586,-0.6040443,0.940885,-3.478533,16.57553,-58.52441
120.58,-11.47636,-3.714961,-18.26052,-0.1342551,-0.6332224,0.9451624,-3.478533,16.57553,-58.52441
120.59,-5.630704,-0.5099333,-15.39489,-0.141596,-0.6321245,0.9217244,-3.478533,16.57553,-58.52441
120.6,-0.6465126,1.270638,-12.83412,-0.1427089,-0.6513307,0.8963669,-3.478533,16.57553,-58.52441
120.61,4.276146,2.695095,-9.11489999999999,-0.144135,-0.6541132,0.8609555,-3.478533,16.57553,-58.52441
120.62,9.62953800000002,4.238256,-5.94441999999998,-0.1448217,-0.644172,0.8336753,-4.987059,16.9479,-58.15057
120.63,15.59826,6.13753200000002,-3.871415,-0.1350332,-0.6463864,0.8360516,-4.987059,16.9479,-58.15057
120.64,23.47451,9.10515000000002,-1.85938,-0.1141324,-0.6683916,0.8819642,-4.987059,16.9479,-58.15057
120.65,33.87363,13.37852,1.3111,-0.1083456,-0.6903499,0.9125886,-4.987059,16.9479,-58.15057
120.66,46.18027,17.71124,4.237697,-0.1194063,-0.6720281,0.9207391,-4.987059,16.9479,-58.15057
120.67,59.16378,20.97562,4.847404,-0.148586,-0.6237131,0.9001987,-5.010647,18.08897,-58.15665
120.68,73.56256,21.27238,3.688959,-0.1823998,-0.5904417,0.7858693,-5.010647,18.08897,-58.15665
120.69,89.9304000000001,18.77958,2.530515,-0.207949,-0.581619,0.6901964,-5.010647,18.08897,-58.15665
120.7,108.698,15.87132,0.701392299999999,-0.2275469,-0.5770732,0.6452432,-5.010647,18.08897,-58.15665
120.71,130.3577,14.50622,-2.530058,-0.2012698,-0.6007195,0.6595608,-5.010647,18.08897,-58.15665
120.72,151.4636,15.87132,-1.12773,-0.1652968,-0.5945792,0.7217115,-3.824329,15.4213,-59.74662
120.73,173.0618,19.2544,-0.5180229,-0.13977,-0.4992144,0.7857715,-3.824329,15.4213,-59.74662
120.74,190.4142,24.59612,-2.347146,-0.1401071,-0.3755672,0.8632696,-3.824329,15.4213,-59.74662
120.75,200.9979,28.27596,-5.334713,-0.1390518,-0.301477,0.8857418,-3.824329,15.4213,-59.74662
120.76,205.7975,31.30294,-6.12733300000002,-0.1731518,-0.1996531,0.8288245,-3.824329,15.4213,-59.74662
120.77,202.6593,32.19323,-7.46868900000001,-0.1737348,-0.19495,0.8130313,-2.94985,9.707967,-61.32314
120.78,195.583,30.472,-2.652,-0.1937693,-0.1670481,0.77238,-2.94985,9.707967,-61.32314
120.79,185.9838,28.03856,-0.0912276099999998,-0.2282505,-0.1473329,0.7709993,-2.94985,9.707967,-61.32314
120.8,174.5386,24.53676,4.298667,-0.2323139,-0.1115535,0.8131119,-2.94985,9.707967,-61.32314
120.81,162.1089,23.11231,11.85904,-0.2052063,-0.1001508,0.8853267,-2.94985,9.707967,-61.32314
120.82,148.387,23.34972,17.1635,-0.1815233,-0.08850969,0.9379258,-1.981905,-0.9331012,-60.87379
120.83,135.8957,23.46842,20.39495,-0.1787298,-0.08092412,0.9642406,-1.981905,-0.9331012,-60.87379
120.84,125.5581,23.52777,22.46795,-0.1961356,-0.06312682,0.9288518,-1.981905,-0.9331012,-60.87379
120.85,117.0666,22.8749,22.65087,-0.2349732,-0.020077,0.8848794,-1.981905,-0.9331012,-60.87379
120.86,112.1439,21.98461,23.38251,-0.2654243,0.01795983,0.8590795,-1.981905,-0.9331012,-60.87379
120.87,105.1291,21.39109,25.21164,-0.2878256,0.04333795,0.8662907,-0.3009033,-9.976645,-59.58884
120.88,95.1607299999998,19.43246,27.22367,-0.2889078,0.07560804,0.8902131,-0.3009033,-9.976645,-59.58884
120.89,85.0077399999997,18.18606,29.17474,-0.3079687,0.130699,0.8978894,-0.3009033,-9.976645,-59.58884
120.9,73.56256,17.35513,27.89435,-0.2816924,0.1070263,0.9093354,-0.3009033,-9.976645,-59.58884
120.91,66.2401000000002,17.59254,28.80891,-0.2636593,0.1069274,0.912654,-0.3009033,-9.976645,-59.58884
120.92,57.31779,17.53319,30.51609,-0.2748466,0.1056686,0.9054953,0.9283237,-15.28338,-58.39109
120.93,52.7028,16.52419,32.77201,-0.307332,0.1743366,0.8859126,0.9283237,-15.28338,-58.39109
120.94,48.21087,13.91269,34.23531,-0.355859,0.08445401,0.8333769,0.9283237,-15.28338,-58.39109
120.95,47.47247,10.17349,36.24734,-0.3463624,0.01931053,0.809927,0.9283237,-15.28338,-58.39109
120.96,48.39547,7.02781800000001,39.53976,-0.3377955,0.005291929,0.852509,0.9283237,-15.28338,-58.39109
120.97,48.6416,5.84076999999999,44.72228,-0.309173,0.03941466,0.9084437,1.387579,-19.46067,-57.91451
120.98,46.91867,5.247247,49.0512,-0.3069215,0.04990079,0.9342801,1.387579,-19.46067,-57.91451
120.99,44.39581,4.891132,52.89236,-0.3283407,0.07477288,0.9371825,1.387579,-19.46067,-57.91451
121,42.30368,3.110561,56.06284,-0.3541356,0.07262997,0.918085,1.387579,-19.46067,-57.91451
121.01,40.08848,1.508047,58.1358500000003,-0.3716314,0.07045458,0.930559,1.387579,-19.46067,-57.91451
121.02,36.64262,-0.03511433,62.7696300000001,-0.3761307,0.07678382,0.9415725,1.068684,-22.49271,-56.28856
121.03,32.51989,-1.044105,65.8181700000002,-0.369984,0.1129395,0.9496883,1.068684,-22.49271,-56.28856
121.04,27.28957,-1.756333,67.5863199999998,-0.37318,0.1531086,0.9386762,1.068684,-22.49271,-56.28856
121.05,23.53605,-3.596256,68.3789399999999,-0.395972,0.1722398,0.9013821,1.068684,-22.49271,-56.28856
121.06,20.89012,-5.258122,68.0740900000002,-0.4044806,0.2098742,0.89038,0.3427868,-23.6394,-56.28803
121.07,17.87499,-6.326465,67.6472899999997,-0.3934309,0.2448093,0.9138019,0.3427868,-23.6394,-56.28803
121.08,16.21359,-5.970351,66.2449599999998,-0.3874884,0.2658968,0.9219219,0.3427868,-23.6394,-56.28803
121.09,14.05993,-5.317475,64.7206999999998,-0.3802062,0.3196521,0.9391241,0.3427868,-23.6394,-56.28803
121.1,10.92173,-4.545894,62.5257499999997,-0.3617581,0.3234752,0.9453126,0.3427868,-23.6394,-56.28803
121.11,9.56800400000003,-4.071075,59.4771999999999,-0.3355309,0.3541832,0.9519589,-1.128401,-25.16499,-55.45254
121.12,8.15273999999997,-3.358847,56.42867,-0.3161606,0.3346116,0.9485802,-1.128401,-25.16499,-55.45254
121.13,8.64500499999998,-2.527914,53.31916,-0.2880261,0.341511,0.9514008,-1.128401,-25.16499,-55.45254
121.14,8.58347200000002,-1.222162,51.00227,-0.2790523,0.3568007,0.9566455,-1.128401,-25.16499,-55.45254
121.15,7.96814,-0.0944666899999999,48.19761,-0.2737429,0.3856508,0.9647648,-1.128401,-25.16499,-55.45254
121.16,8.39887199999999,1.32999,44.4784,-0.2770866,0.3814822,0.9413214,-2.236902,-25.93414,-55.45683
121.17,12.27547,2.33898,40.0885,-0.2634515,0.3816288,0.9278975,-2.236902,-25.93414,-55.45683
121.18,17.69039,3.466676,35.63763,-0.2443134,0.4004858,0.9292949,-2.236902,-25.93414,-55.45683
121.19,19.53639,4.653723,30.33318,-0.2538779,0.4168452,0.9321788,-2.236902,-25.93414,-55.45683
121.2,17.56732,6.01882700000002,27.04076,-0.2342918,0.4904042,0.9627547,-2.236902,-25.93414,-55.45683
121.21,9.44493799999999,7.08717000000003,24.17513,-0.2376343,0.4870418,0.9742471,-3.362822,-25.93931,-55.07816
121.22,2.737815,8.45227399999999,20.39495,-0.2424724,0.5113091,0.981428,-3.362822,-25.93931,-55.07816
121.23,-2.984776,10.17349,15.63923,-0.2376379,0.5397603,1.000077,-3.362822,-25.93931,-55.07816
121.24,-6.61523600000002,13.02241,9.481182,-0.2272678,0.5327988,1.013461,-3.362822,-25.93931,-55.07816
121.25,-8.95349900000001,16.34614,3.140223,-0.2232597,0.5271038,1.019677,-3.362822,-25.93931,-55.07816
121.26,-11.53789,19.96663,-2.834912,-0.2356065,0.5098079,1.014917,-3.720144,-26.7061,-55.46389
121.27,-10.9841,23.23101,-7.895484,-0.2469828,0.4403602,0.9910257,-3.720144,-26.7061,-55.46389
121.28,-6.430636,26.6141,-11.6147,-0.2563267,0.3922814,0.9613825,-3.720144,-26.7061,-55.46389
121.29,-1.815644,28.81013,-14.1145,-0.2709997,0.369104,0.9561499,-3.720144,-26.7061,-55.46389
121.3,0.645685299999997,30.17524,-15.09003,-0.2906807,0.3531168,0.9509239,-3.720144,-26.7061,-55.46389
121.31,-1.077245,30.70941,-15.02906,-0.3183017,0.3711553,0.9638889,-3.353266,-26.32293,-55.46313
121.32,-6.67676899999998,31.83711,-15.33392,-0.3214052,0.3552202,0.9816058,-3.353266,-26.32293,-55.46313
121.33,-14.42996,32.31193,-14.96809,-0.3285851,0.3225992,0.9902411,-3.353266,-26.32293,-55.46313
121.34,-21.99854,33.32092,-13.56577,-0.3313158,0.2859373,0.972548,-3.353266,-26.32293,-55.46313
121.35,-22.61388,35.10149,-13.44382,-0.3390367,0.2290603,0.9338114,-3.353266,-26.32293,-55.46313
121.36,-16.27595,36.94141,-14.60227,-0.3356288,0.2026543,0.9084477,-1.846434,-26.69204,-55.44998
121.37,-7.78436699999998,39.1968,-14.84615,-0.3317403,0.1768271,0.892176,-1.846434,-26.69204,-55.44998
121.38,0.5226188,39.96838,-15.09003,-0.342073,0.1818718,0.881664,-1.846434,-26.69204,-55.44998
121.39,3.845413,39.67162,-14.41936,-0.3642866,0.196926,0.8754774,-1.846434,-26.69204,-55.44998
121.4,2.737815,38.60328,-12.71217,-0.3653644,0.2021492,0.8644707,-1.846434,-26.69204,-55.44998
121.41,-0.831112300000002,37.11947,-10.5782,-0.372011,0.1927718,0.863049,0.3725452,-25.15755,-55.89291
121.42,-5.323038,35.81372,-7.59063100000002,-0.3803521,0.1697064,0.8563694,0.3725452,-25.15755,-55.89291
121.43,-8.522766,34.56732,-4.725005,-0.3686399,0.1426549,0.8486987,0.3725452,-25.15755,-55.89291
121.44,-9.63036399999999,33.61768,-1.432584,-0.3620539,0.1291216,0.8424692,0.3725452,-25.15755,-55.89291
121.45,-8.70736600000002,32.8461,1.250129,-0.3641972,0.1391831,0.8314632,0.3725452,-25.15755,-55.89291
121.46,-7.107502,32.43063,3.140223,-0.3667162,0.143463,0.8266807,2.252146,-25.52003,-55.42548
121.47,-4.646173,31.89646,4.969346,-0.3585895,0.1519152,0.8300143,2.252146,-25.52003,-55.42548
121.48,-1.938711,31.54035,5.94487799999997,-0.3524681,0.1631777,0.8261722,2.252146,-25.52003,-55.42548
121.49,0.8918182,31.95581,6.49361500000002,-0.3529201,0.1611812,0.8213877,2.252146,-25.52003,-55.42548
121.5,5.568344,31.83711,6.43264399999999,-0.3591259,0.1534492,0.7864644,2.252146,-25.52003,-55.42548
121.51,10.3064,31.12488,6.98138099999999,-0.365753,0.1687807,0.7769006,4.117994,-25.12561,-55.4136
121.52,12.82927,29.87848,8.01788299999997,-0.3700278,0.1885014,0.7639813,4.117994,-25.12561,-55.4136
121.53,13.56766,28.57273,8.627591,-0.3628263,0.2202518,0.7663535,4.117994,-25.12561,-55.4136
121.54,12.21393,27.14827,8.81050399999997,-0.3575825,0.2524495,0.768729,4.117994,-25.12561,-55.4136
121.55,8.64500499999998,26.02057,8.07885499999997,-0.3664219,0.2818559,0.7620367,4.117994,-25.12561,-55.4136
121.56,2.245549,24.18065,7.22526400000002,-0.3683345,0.3054977,0.7476767,5.232666,-24.73355,-55.02029
121.57,-7.78436699999998,21.09433,6.615556,-0.3835452,0.336643,0.7323807,5.232666,-24.73355,-55.02029
121.58,-21.50628,16.88031,7.04235200000002,-0.3914188,0.34016,0.7089434,5.232666,-24.73355,-55.02029
121.59,-33.07453,13.31917,7.286235,-0.3895793,0.3196289,0.6917167,5.232666,-24.73355,-55.02029
121.6,-38.67405,10.88572,6.92041000000001,-0.3927654,0.2816362,0.6888606,6.38415,-25.87326,-55.84437
121.61,-36.64346,9.876731,4.725463,-0.3783141,0.2386817,0.6898036,6.38415,-25.87326,-55.84437
121.62,-29.19793,8.51162600000001,2.652457,-0.3626823,0.2108761,0.6974407,6.38415,-25.87326,-55.84437
121.63,-20.95248,6.79040799999999,0.5184801,-0.3525801,0.2179008,0.6998142,6.38415,-25.87326,-55.84437
121.64,-15.35295,5.187894,-1.493555,-0.3647646,0.2438615,0.6955215,6.38415,-25.87326,-55.84437
121.65,-14.18382,2.457685,-3.322678,-0.3877845,0.2759121,0.6898105,6.362253,-24.73547,-56.23746
121.66,-17.26048,-1.400219,-5.517625,-0.4061829,0.2954327,0.6855304,6.362253,-24.73547,-56.23746
121.67,-24.45987,-5.91099899999998,-6.98092299999999,-0.4102358,0.3035829,0.6821853,6.362253,-24.73547,-56.23746
121.68,-35.78199,-11.37142,-7.102865,-0.421455,0.3044121,0.6908191,6.362253,-24.73547,-56.23746
121.69,-51.78063,-17.48471,-6.12733300000002,-0.4397023,0.3163186,0.7037693,6.362253,-24.73547,-56.23746
121.7,-69.133,-23.95412,-5.212771,-0.4482964,0.3069334,0.705701,7.46656,-23.59304,-57.0737
121.71,-85.6239100000001,-30.06741,-4.603064,-0.4402893,0.2960247,0.7176543,7.46656,-23.59304,-57.0737
121.72,-99.2227600000001,-34.75625,-3.993356,-0.4195065,0.2795808,0.7343724,7.46656,-23.59304,-57.0737
121.73,-109.3757,-37.90192,-4.664034,-0.4071134,0.2688245,0.7534967,7.46656,-23.59304,-57.0737
121.74,-115.6521,-39.50444,-8.13936800000001,-0.3975805,0.2545618,0.7673624,7.46656,-23.59304,-57.0737
121.75,-117.7443,-40.63213,-12.83412,-0.377577,0.227232,0.7644631,6.306406,-21.70624,-57.86619
121.76,-116.0213,-40.39472,-18.19954,-0.3703066,0.2036829,0.7773781,6.306406,-21.70624,-57.86619
121.77,-112.7601,-41.28501,-23.13818,-0.3757755,0.1837258,0.7855285,6.306406,-21.70624,-57.86619
121.78,-108.5143,-42.59076,-28.19875,-0.3869539,0.1563317,0.7898623,6.306406,-21.70624,-57.86619
121.79,-104.0839,-43.77781,-32.40574,-0.3881404,0.1417651,0.7936967,6.306406,-21.70624,-57.86619
121.8,-100.0227,-44.84615,-36.30786,-0.3922056,0.1246593,0.7917939,4.714251,-16.7903,-59.96768
121.81,-96.9460199999998,-46.21125,-40.27096,-0.3861024,0.1112481,0.7999225,4.714251,-16.7903,-59.96768
121.82,-94.3616300000002,-47.63571,-44.90474,-0.3931619,0.09801453,0.8028097,4.714251,-16.7903,-59.96768
121.83,-92.2695000000001,-49.71304,-49.84337,-0.3961459,0.07501982,0.7922921,4.714251,-16.7903,-59.96768
121.84,-90.1773700000001,-52.26519,-55.26977,-0.3904899,0.03334936,0.7932501,4.714251,-16.7903,-59.96768
121.85,-87.5314400000003,-54.10512,-59.96452,-0.3711628,-0.009359675,0.8104562,1.953192,-9.970666,-60.86215
121.86,-85.9315699999998,-55.17346,-63.6837300000001,-0.340233,-0.04687918,0.8386479,1.953192,-9.970666,-60.86215
121.87,-85.2547099999997,-57.8443200000002,-67.8297299999998,-0.3442417,-0.06684251,0.8429672,1.953192,-9.970666,-60.86215
121.88,-85.2547099999997,-61.04935,-71.12216,-0.3479474,-0.07713365,0.8415406,1.953192,-9.970666,-60.86215
121.89,-86.6699800000003,-63.6014999999998,-72.8293400000002,-0.3297118,-0.08786669,0.8506045,1.953192,-9.970666,-60.86215
121.9,-88.4544399999998,-65.2040199999998,-74.2316700000001,-0.3065367,-0.1281709,0.856796,0.3670712,-5.857582,-60.44375
121.91,-89.3158999999998,-66.8065300000002,-75.6949699999999,-0.2741044,-0.1682264,0.8701499,0.3670712,-5.857582,-60.44375
121.92,-88.7005700000002,-67.9342300000002,-76.2437100000002,-0.2486673,-0.2505479,0.8997985,0.3670712,-5.857582,-60.44375
121.93,-85.5008400000001,-67.16265,-75.6949699999999,-0.1891937,-0.3543528,0.9509291,0.3670712,-5.857582,-60.44375
121.94,-79.7782500000002,-63.8389099999998,-72.1586599999999,-0.1106465,-0.4615632,1.013513,0.3670712,-5.857582,-60.44375
121.95,-75.5324600000002,-60.9306400000001,-64.3544099999998,-0.09337948,-0.4457192,1.061337,-2.354673,-0.9397273,-61.32808
121.96,-79.9628500000001,-61.04935,-55.14783,-0.1546068,-0.2728127,1.077671,-2.354673,-0.9397273,-61.32808
121.97,-97.5613599999997,-64.2543799999998,-46.73386,-0.2239999,-0.08162457,1.038499,-2.354673,-0.9397273,-61.32808
121.98,-126.482,-66.27236,-44.96571,-0.2459169,0.04625197,0.9877753,-2.354673,-0.9397273,-61.32808
121.99,-159.2792,-65.8568999999998,-49.29464,-0.2251132,0.0273779,0.951372,-2.354673,-0.9397273,-61.32808
122,-181.7388,-65.2040199999998,-55.14783,-0.1626626,-0.1072511,0.9201904,-6.192253,3.223144,-60.53969
122.01,-191.6457,-61.2274099999999,-58.8060699999999,-0.0788037,-0.2911976,0.922963,-6.192253,3.223144,-60.53969
122.02,-192.3225,-54.93605,-58.2573399999998,-0.00847455,-0.5068924,0.9372533,-6.192253,3.223144,-60.53969
122.03,-183.954,-47.04219,-53.98938,0.03272936,-0.7020655,0.9736035,-6.192253,3.223144,-60.53969
122.04,-170.1706,-36.95229,-47.70939,0.06160095,-0.7858602,0.9941536,-6.192253,3.223144,-60.53969
122.05,-154.6642,-32.67891,-39.60028,-0.02511995,-0.6326601,0.930136,-10.38651,9.295257,-58.60275
122.06,-141.25,-31.72928,-38.50281,-0.07805481,-0.5679706,0.7856816,-10.38651,9.295257,-58.60275
122.07,-140.6346,-31.0764,-40.94164,-0.09533259,-0.4543886,0.7028888,-10.38651,9.295257,-58.60275
122.08,-148.5724,-33.21309,-43.50241,-0.06305569,-0.4349088,0.6908632,-10.38651,9.295257,-58.60275
122.09,-157.064,-33.6879,-44.59988,0.0008717112,-0.5697972,0.6812149,-10.38651,9.295257,-58.60275
122.1,-153.1874,-32.14474,-42.16106,0.06636342,-0.8132643,0.6979136,-12.83806,18.4347,-55.37859
122.11,-130.6662,-26.92174,-38.56378,0.1239984,-1.053459,0.7174966,-12.83806,18.4347,-55.37859
122.12,-94.3616300000002,-18.07824,-34.23486,0.1471563,-1.170463,0.7323222,-12.83806,18.4347,-55.37859
122.13,-56.21103,-10.65919,-29.84496,0.129936,-1.161513,0.7385715,-12.83806,18.4347,-55.37859
122.14,-25.32134,-4.961361,-25.88186,0.1005771,-1.102607,0.7606219,-12.83806,18.4347,-55.37859
122.15,-3.661641,-1.340866,-21.12614,0.07321282,-1.046073,0.7845839,-15.58243,23.70058,-52.5881
122.16,7.84507400000002,1.151933,-15.27295,0.0623062,-0.9832116,0.82718,-15.58243,23.70058,-52.5881
122.17,10.6756,3.704085,-8.32228000000002,0.05576834,-0.9456118,0.8611606,-15.58243,23.70058,-52.5881
122.18,6.86054200000001,5.78141800000003,-0.03025685,0.05587065,-0.8724203,0.8936848,-15.58243,23.70058,-52.5881
122.19,-1.261845,7.50263599999998,6.737498,0.05694619,-0.7992402,0.9228572,-16.76956,26.73499,-52.61266
122.2,-9.07656499999999,9.22385500000002,11.49322,0.03941527,-0.7737879,0.927667,-16.76956,26.73499,-52.61266
122.21,-13.26083,11.24184,14.96855,0.03149545,-0.7935047,0.9142857,-16.76956,26.73499,-52.61266
122.22,-11.72249,13.97204,17.65126,0.02285202,-0.8005795,0.9032954,-16.76956,26.73499,-52.61266
122.23,-7.59976799999998,15.93067,19.84621,0.01428246,-0.7858689,0.8832063,-16.76956,26.73499,-52.61266
122.24,-2.677109,17.35513,21.37048,-0.006286344,-0.7548251,0.8683984,-16.0139,26.36352,-52.21807
122.25,1.322551,18.24541,22.1631,-0.01987099,-0.7323771,0.8550161,-16.0139,26.36352,-52.21807
122.26,5.076078,18.60153,22.65087,-0.02950614,-0.7128325,0.8344491,-16.0139,26.36352,-52.21807
122.27,8.95267200000001,18.30477,22.52892,-0.0370904,-0.6985269,0.8210585,-16.0139,26.36352,-52.21807
122.28,12.58313,17.47383,22.1631,-0.04468391,-0.6837399,0.8071892,-16.0139,26.36352,-52.21807
122.29,16.09053,16.82096,21.24854,-0.0504754,-0.6611554,0.7918791,-15.28015,27.12986,-52.21657
122.3,19.10566,15.99002,20.21204,-0.05157902,-0.6544267,0.7861363,-15.28015,27.12986,-52.21657
122.31,22.61305,15.63391,18.50485,-0.05213197,-0.6510975,0.7794364,-15.28015,27.12986,-52.21657
122.32,26.18198,15.5152,17.10253,-0.05456385,-0.6518025,0.7607763,-15.28015,27.12986,-52.21657
122.33,29.62784,15.2778,15.63923,-0.05921731,-0.6379557,0.7440307,-15.28015,27.12986,-52.21657
122.34,32.27376,14.74362,14.11496,-0.0623018,-0.6299661,0.7210624,-13.78565,27.51493,-52.98148
122.35,34.98122,13.91269,12.1639,-0.07450864,-0.6031613,0.7028909,-13.78565,27.51493,-52.98148
122.36,37.62716,12.84435,9.90797699999999,-0.08093925,-0.5722319,0.6981084,-13.78565,27.51493,-52.98148
122.37,39.22702,11.36054,8.07885499999997,-0.08226788,-0.5532627,0.7028915,-13.78565,27.51493,-52.98148
122.38,39.59622,9.876731,6.18876100000001,-0.09469907,-0.5398405,0.7096098,-13.78565,27.51493,-52.98148
122.39,38.24249,8.392921,4.48158,-0.0992797,-0.529113,0.7234938,-13.38563,26.3734,-53.35961
122.4,35.41196,6.909113,3.201193,-0.1023417,-0.5211923,0.7459902,-13.38563,26.3734,-53.35961
122.41,32.02763,6.13753200000002,1.859837,-0.1065266,-0.505602,0.7593935,-13.38563,26.3734,-53.35961
122.42,27.47417,5.06919,0.762363100000001,-0.1171158,-0.4862156,0.7766358,-13.38563,26.3734,-53.35961
122.43,21.56698,4.060199,0.3355677,-0.1379367,-0.4927512,0.797731,-13.38563,26.3734,-53.35961
122.44,14.85986,2.695095,-0.944818299999998,-0.1604895,-0.5110626,0.8102181,-12.22262,24.84625,-55.02016
122.45,9.87566999999998,0.914523500000002,-1.676467,-0.1678169,-0.5359597,0.8135873,-12.22262,24.84625,-55.02016
122.46,5.629877,0.2022952,-1.554526,-0.165766,-0.5668396,0.8332133,-12.22262,24.84625,-55.02016
122.47,2.614748,0.3209999,-1.371614,-0.137953,-0.5942948,0.8527935,-12.22262,24.84625,-55.02016
122.48,-0.1542468,2.220276,0.03071391,-0.09638057,-0.6277385,0.8785728,-12.22262,24.84625,-55.02016
122.49,-2.677109,5.06919,2.042749,-0.04690743,-0.641291,0.8837543,-12.19733,23.70192,-55.40108
122.5,-4.276973,8.74903600000002,4.115755,-0.01988153,-0.6534618,0.8760532,-12.19733,23.70192,-55.40108
122.51,-5.569171,12.42888,7.22526400000002,0.001645542,-0.6585703,0.8554382,-12.19733,23.70192,-55.40108
122.52,-6.67676899999998,15.63391,10.82254,0.002382783,-0.6723289,0.8372545,-12.19733,23.70192,-55.40108
122.53,-6.92290199999997,18.83894,14.6637,-0.00393731,-0.699255,0.8291367,-12.19733,23.70192,-55.40108
122.54,-5.076905,21.92526,18.80971,-0.01229047,-0.721927,0.8124069,-12.1833,22.94447,-55.01003
122.55,-2.061777,24.41806,22.52892,-0.02047599,-0.7275919,0.7951939,-12.1833,22.94447,-55.01003
122.56,0.3380191,26.6141,25.88232,-0.03621292,-0.7202375,0.783255,-12.1833,22.94447,-55.01003
122.57,2.430149,28.21661,29.11377,-0.0606354,-0.7174193,0.7722896,-12.1833,22.94447,-55.01003
122.58,5.014545,29.58172,31.91842,-0.07883286,-0.708581,0.7684905,-12.1833,22.94447,-55.01003
122.59,7.29127500000003,30.59071,34.29628,-0.0967723,-0.6876198,0.7613378,-11.82259,23.70473,-55.3983
122.6,8.58347200000002,31.00617,36.1254,-0.1072243,-0.6498659,0.7675677,-11.82259,23.70473,-55.3983
122.61,7.22974099999998,31.24358,37.5887,-0.122975,-0.5901133,0.7465224,-11.82259,23.70473,-55.3983
122.62,0.953351400000002,30.59071,39.11297,-0.1260031,-0.5329286,0.7359843,-11.82259,23.70473,-55.3983
122.63,-9.99956300000002,29.34431,40.82015,-0.1305757,-0.4970767,0.7340688,-11.82259,23.70473,-55.3983
122.64,-22.98308,29.1069,43.86869,-0.1140556,-0.4941934,0.747918,-9.580027,24.09815,-55.83514
122.65,-34.42826,28.63208,46.61237,-0.1210385,-0.4855581,0.7507994,-9.580027,24.09815,-55.83514
122.66,-48.15017,28.86949,49.11217,-0.1454244,-0.4582666,0.7589706,-9.580027,24.09815,-55.83514
122.67,-63.5950100000001,27.08892,50.69741,-0.1850571,-0.4499308,0.7465945,-9.580027,24.09815,-55.83514
122.68,-78.4860500000003,24.1213,51.30712,-0.2164439,-0.465852,0.7208103,-9.580027,24.09815,-55.83514
122.69,-89.0082400000001,21.50979,50.39256,-0.2492624,-0.5096054,0.6835498,-7.403868,24.49872,-55.36945
122.7,-92.8848299999997,17.94865,49.59994,-0.268909,-0.5540178,0.6520095,-7.403868,24.49872,-55.36945
122.71,-90.7927000000003,14.62492,47.64888,-0.284916,-0.5840335,0.6458237,-7.403868,24.49872,-55.36945
122.72,-84.6393699999998,12.60694,44.41743,-0.2821575,-0.6272892,0.6391299,-7.403868,24.49872,-55.36945
122.73,-75.1632599999998,11.12313,41.36889,-0.2777285,-0.629649,0.6372085,-5.21331,26.81843,-52.91393
122.74,-66.3024699999997,9.995436,38.25938,-0.2762247,-0.6321455,0.6266778,-5.21331,26.81843,-52.91393
122.75,-60.1491500000002,8.214865,35.39375,-0.280314,-0.5699906,0.6304975,-5.21331,26.81843,-52.91393
122.76,-58.8569500000002,6.96846500000002,30.82095,-0.2830847,-0.552762,0.6075263,-5.21331,26.81843,-52.91393
122.77,-61.1952199999997,3.941494,28.44309,-0.2908197,-0.5044172,0.5969986,-5.21331,26.81843,-52.91393
122.78,-65.6256100000002,1.5674,23.26057,-0.2833109,-0.5156868,0.5706668,-3.431448,31.02676,-51.69682
122.79,-71.9635299999997,-2.705971,21.43145,-0.2982751,-0.4968771,0.5874382,-3.431448,31.02676,-51.69682
122.8,-79.1013900000002,-5.614237,17.22447,-0.2853433,-0.5626966,0.5888683,-3.431448,31.02676,-51.69682
122.81,-86.2392399999997,-8.04768500000001,16.61476,-0.2742995,-0.6320645,0.5783383,-3.431448,31.02676,-51.69682
122.82,-89.6851000000002,-10.54048,16.18797,-0.2632948,-0.6995684,0.5591934,-3.431448,31.02676,-51.69682
122.83,-90.1158400000002,-12.38041,16.18797,-0.2589987,-0.7209352,0.5515342,-2.380842,34.09875,-49.25369
122.84,-88.08524,-14.69515,14.78564,-0.2560416,-0.7492982,0.5256932,-2.380842,34.09875,-49.25369
122.85,-81.3781099999998,-17.48471,12.40778,-0.2583634,-0.7558149,0.5089488,-2.380842,34.09875,-49.25369
122.86,-71.5328,-19.44334,12.59069,-0.2546092,-0.6958032,0.5271127,-2.380842,34.09875,-49.25369
122.87,-60.5798799999999,-19.97751,5.579053,-0.2469994,-0.7123942,0.5031749,-2.380842,34.09875,-49.25369
122.88,-45.87344,-22.17355,0.0916846799999997,-0.2514991,-0.7324901,0.494095,-2.095448,37.92582,-46.82018
122.89,-29.8748,-24.31023,-4.846947,-0.2463586,-0.7471027,0.479254,-2.095448,37.92582,-46.82018
122.9,-15.29142,-27.69332,-8.444221,-0.2385415,-0.7485289,0.4658405,-2.095448,37.92582,-46.82018
122.91,-4.707705,-30.83899,-10.63917,-0.2292575,-0.749755,0.471089,-2.095448,37.92582,-46.82018
122.92,3.291614,-34.75625,-12.40732,-0.2099766,-0.7387667,0.4619596,-2.095448,37.92582,-46.82018
122.93,10.98327,-37.84257,-15.02906,-0.189326,-0.7477793,0.4944691,-2.52442,40.21877,-45.22263
122.94,18.30572,-39.9199,-16.91916,-0.1869218,-0.7712709,0.5241427,-2.52442,40.21877,-45.22263
122.95,23.78218,-40.27602,-17.89469,-0.191209,-0.7752686,0.5744016,-2.52442,40.21877,-45.22263
122.96,25.75124,-39.44508,-18.44343,-0.1872245,-0.7522048,0.6433038,-2.52442,40.21877,-45.22263
122.97,23.53605,-36.35876,-18.62634,-0.1734893,-0.7294521,0.7102746,-2.52442,40.21877,-45.22263
122.98,17.13659,-32.56021,-18.13857,-0.176229,-0.7120245,0.7619611,-4.037138,40.96441,-45.6893
122.99,8.39887199999999,-29.35518,-17.52887,-0.1888719,-0.7123611,0.8055336,-4.037138,40.96441,-45.6893
123,1.137951,-24.607,-16.79722,-0.1812804,-0.7264384,0.8438101,-4.037138,40.96441,-45.6893
123.01,-3.600108,-19.68075,-16.6143,-0.191809,-0.7626148,0.8428806,-4.037138,40.96441,-45.6893
123.02,-5.323038,-14.7545,-15.76071,-0.2100683,-0.803143,0.8079868,-4.037138,40.96441,-45.6893
123.03,-4.892305,-10.54048,-13.56577,-0.2126126,-0.8758135,0.7845598,-6.252449,39.42284,-46.08488
123.04,-0.831112300000002,-5.73294200000001,-11.06596,-0.2017708,-0.9601751,0.7821697,-6.252449,39.42284,-46.08488
123.05,7.84507400000002,-0.925399799999999,-8.444221,-0.1886813,-1.034944,0.7611088,-6.252449,39.42284,-46.08488
123.06,17.87499,4.060199,-4.725005,-0.1863777,-1.053873,0.7587168,-6.252449,39.42284,-46.08488
123.07,26.55118,7.97745600000001,-1.798409,-0.1901885,-1.032553,0.7601537,-6.252449,39.42284,-46.08488
123.08,31.9661,11.30119,2.286632,-0.1917453,-1.00144,0.7649341,-7.384541,39.79476,-46.09525
123.09,34.24282,14.09075,6.24973199999999,-0.189494,-0.9653174,0.7778425,-7.384541,39.79476,-46.09525
123.1,34.30436,16.88031,10.82254,-0.1842302,-0.9340386,0.785961,-7.384541,39.79476,-46.09525
123.11,33.68903,19.43246,14.78564,-0.1784445,-0.9047459,0.7883362,-7.384541,39.79476,-46.09525
123.12,33.68903,21.92526,17.83418,-0.1795447,-0.8466213,0.7701374,-7.384541,39.79476,-46.09525
123.13,33.25829,24.1213,20.15106,-0.181698,-0.8104594,0.7438101,-7.730333,38.64053,-47.31745
123.14,32.45836,25.07094,21.67533,-0.1874861,-0.8141859,0.7208495,-7.730333,38.64053,-47.31745
123.15,33.62749,25.78316,22.71184,-0.1896647,-0.8285581,0.6950139,-7.730333,38.64053,-47.31745
123.16,36.82722,27.14827,24.35805,-0.1806678,-0.8405027,0.6978728,-7.730333,38.64053,-47.31745
123.17,41.44221,29.40366,25.88232,-0.1803932,-0.8286328,0.7198837,-7.730333,38.64053,-47.31745
123.18,45.19574,32.37128,27.10173,-0.178,-0.7996386,0.7500224,-6.206083,37.50744,-47.68725
123.19,47.10327,35.63566,28.07726,-0.1805662,-0.7665619,0.7591112,-6.206083,37.50744,-47.68725
123.2,46.36487,38.66263,28.74794,-0.1941146,-0.7460657,0.7447723,-6.206083,37.50744,-47.68725
123.21,44.88808,40.91802,29.23571,-0.2171633,-0.7390136,0.7156175,-6.206083,37.50744,-47.68725
123.22,44.76501,42.75795,30.21124,-0.239983,-0.7184384,0.6768873,-6.206083,37.50744,-47.68725
123.23,45.87261,44.00434,30.63803,-0.2562268,-0.6837539,0.678821,-4.291895,35.98265,-49.72924
123.24,47.96474,45.78492,29.78444,-0.2610829,-0.6585107,0.6864802,-4.291895,35.98265,-49.72924
123.25,52.27206,48.51513,26.37008,-0.264396,-0.6376193,0.6931807,-4.291895,35.98265,-49.72924
123.26,59.5329900000001,51.72015,21.85825,-0.2612481,-0.6233814,0.7022645,-4.291895,35.98265,-49.72924
123.27,69.62444,55.4,16.55379,-0.2635748,-0.6036354,0.6879062,-2.754421,34.45885,-51.32252
123.28,83.59248,58.7830800000001,9.96894800000002,-0.2759872,-0.5919383,0.6654317,-2.754421,34.45885,-51.32252
123.29,102.4832,61.8100499999999,2.10372,-0.2854733,-0.5800692,0.6553951,-2.754421,34.45885,-51.32252
123.3,125.2505,64.2434899999999,-7.04189400000002,-0.3030962,-0.5761975,0.6386747,-2.754421,34.45885,-51.32252
123.31,150.6022,66.14277,-17.16304,-0.3143868,-0.5465598,0.6094936,-2.754421,34.45885,-51.32252
123.32,176.8769,66.7362999999999,-26.85739,-0.3408646,-0.5129977,0.5640664,1.049208,32.18741,-53.34655
123.33,200.8133,64.3028500000002,-36.97854,-0.3694585,-0.4700647,0.538262,1.049208,32.18741,-53.34655
123.34,222.1038,62.1068199999997,-47.64842,-0.3976157,-0.4504879,0.5081558,1.049208,32.18741,-53.34655
123.35,242.0405,57.7147399999999,-55.69656,-0.3983105,-0.4136139,0.5033617,1.049208,32.18741,-53.34655
123.36,256.5624,52.84785,-60.0864599999999,-0.3997172,-0.3388593,0.497602,1.049208,32.18741,-53.34655
123.37,258.1623,44.89463,-63.5008200000002,-0.413713,-0.2425124,0.4889873,3.456963,25.32356,-57.35689
123.38,244.9326,32.07452,-63.1959600000002,-0.4022133,-0.1279398,0.5052093,3.456963,25.32356,-57.35689
123.39,219.6425,18.00801,-60.3303400000002,-0.4337411,-0.08387802,0.50286,3.456963,25.32356,-57.35689
123.4,188.8758,3.941494,-55.8185,-0.4202379,-0.02345881,0.5444571,3.456963,25.32356,-57.35689
123.41,156.694,-10.36243,-51.73346,-0.4135449,-0.01648391,0.5487508,3.456963,25.32356,-57.35689
123.42,128.6348,-22.76707,-51.18473,-0.3953339,-0.02644294,0.5362786,5.575966,13.96964,-59.73349
123.43,107.652,-34.04402,-51.48958,-0.3922511,-0.08654229,0.5468174,5.575966,13.96964,-59.73349
123.44,95.7145199999998,-44.66809,-54.23326,-0.3699555,-0.1844462,0.5267035,5.575966,13.96964,-59.73349
123.45,89.0073999999999,-52.32455,-53.01385,-0.297794,-0.263949,0.5510055,5.575966,13.96964,-59.73349
123.46,82.3002800000001,-59.5655399999998,-50.27016,-0.2512949,-0.2481232,0.5868137,5.575966,13.96964,-59.73349
123.47,69.07063,-65.9162400000002,-48.3191,-0.2191838,-0.1919939,0.6503938,4.653662,4.44196,-60.91663
123.48,47.9032,-72.0889,-45.45348,-0.2106503,-0.1519158,0.7101906,4.653662,4.44196,-60.91663
123.49,23.78218,-77.0744899999998,-41.55135,-0.2125135,-0.1554585,0.7518309,4.653662,4.44196,-60.91663
123.5,1.261018,-81.2885100000002,-37.71019,-0.2167073,-0.1650189,0.7781624,4.653662,4.44196,-60.91663
123.51,-17.69122,-84.1967799999999,-34.29583,-0.2314961,-0.1810182,0.8140855,4.653662,4.44196,-60.91663
123.52,-31.96693,-85.9180000000001,-32.58865,-0.2465739,-0.2077972,0.840919,2.501253,-0.1424532,-61.29599
123.53,-39.59705,-85.6212299999997,-32.83253,-0.2389739,-0.2744439,0.8696374,2.501253,-0.1424532,-61.29599
123.54,-38.55099,-83.0097299999998,-33.74709,-0.2059304,-0.3462743,0.9141059,2.501253,-0.1424532,-61.29599
123.55,-32.09,-78.4989499999998,-33.62515,-0.163674,-0.4153877,0.9700434,2.501253,-0.1424532,-61.29599
123.56,-26.30587,-74.10687,-32.58865,-0.1486726,-0.4345764,1.01788,2.501253,-0.1424532,-61.29599
123.57,-27.1058,-71.3173100000002,-29.35719,-0.1595352,-0.4006083,1.036076,-1.628775,0.2069654,-61.32861
123.58,-35.04359,-70.1896199999999,-25.02827,-0.1779406,-0.328479,1.045661,-1.628775,0.2069654,-61.32861
123.59,-47.41177,-68.1122799999998,-22.71138,-0.174045,-0.3020252,1.060483,-1.628775,0.2069654,-61.32861
123.6,-56.51869,-64.1356699999999,-21.91876,-0.1503754,-0.3164463,1.079589,-1.628775,0.2069654,-61.32861
123.61,-57.4416899999999,-58.5565500000003,-23.44303,-0.1056519,-0.3619674,1.106323,-1.628775,0.2069654,-61.32861
123.62,-52.2729,-51.61232,-24.29662,-0.07896426,-0.407473,1.120645,-6.162495,1.704989,-60.14458
123.63,-45.13504,-44.96486,-23.99177,-0.06829511,-0.430526,1.127333,-6.162495,1.704989,-60.14458
123.64,-38.79712,-39.02962,-22.58944,-0.05975965,-0.44399,1.12445,-6.162495,1.704989,-60.14458
123.65,-34.36673,-34.8156,-20.76032,-0.07054461,-0.4153054,1.096225,-6.162495,1.704989,-60.14458
123.66,-33.81293,-31.90734,-18.56537,-0.07427692,-0.3984721,1.08522,-6.162495,1.704989,-60.14458
123.67,-36.95112,-29.83,-16.24848,-0.07612382,-0.3781736,1.077082,-9.146845,3.968362,-59.79153
123.68,-41.81225,-28.16814,-14.29741,-0.08085102,-0.3861079,1.069914,-9.146845,3.968362,-59.79153
123.69,-45.38118,-26.09081,-12.71217,-0.06569331,-0.415057,1.059845,-9.146845,3.968362,-59.79153
123.7,-43.84285,-23.59801,-11.67567,-0.04880928,-0.4580512,1.051212,-9.146845,3.968362,-59.79153
123.71,-38.79712,-20.39298,-10.88305,-0.02987191,-0.4805645,1.045921,-9.146845,3.968362,-59.79153
123.72,-32.76686,-16.71313,-10.33432,-0.02465984,-0.4726909,1.045431,-11.45231,6.61779,-59.3709
123.73,-28.52107,-13.5081,-9.419754,-0.02840057,-0.4553499,1.036819,-11.45231,6.61779,-59.3709
123.74,-26.30587,-10.95595,-8.32228000000002,-0.02771381,-0.4404169,1.021021,-11.45231,6.61779,-59.3709
123.75,-26.1828,-8.81926500000002,-7.16383599999997,-0.03921978,-0.424652,1.016251,-11.45231,6.61779,-59.3709
123.76,-28.2134,-7.81027499999999,-5.578596,-0.03918267,-0.4009322,1.006194,-11.45231,6.61779,-59.3709
123.77,-31.96693,-7.09804599999998,-4.29821,-0.0445657,-0.4002728,0.9837106,-12.98443,8.131232,-59.00314
123.78,-34.36673,-6.50452200000002,-3.627532,-0.03737141,-0.4208035,0.9549888,-12.98443,8.131232,-59.00314
123.79,-33.5668,-5.85164599999999,-3.139766,-0.03420555,-0.4603741,0.9253217,-12.98443,8.131232,-59.00314
123.8,-29.01333,-5.554884,-3.017824,-0.02509006,-0.4794045,0.8970748,-12.98443,8.131232,-59.00314
123.81,-21.32168,-5.376827,-3.566561,-0.02190503,-0.4678589,0.8774446,-12.98443,8.131232,-59.00314
123.82,-13.75309,-4.842656,-4.420151,-0.01248444,-0.4507349,0.8697665,-13.00971,9.275569,-58.62222
123.83,-7.661301,-4.961361,-5.395683,-0.0227232,-0.4248192,0.8563776,-13.00971,9.275569,-58.62222
123.84,-3.784708,-5.554884,-6.61509800000001,-0.02433116,-0.3914526,0.8420145,-13.00971,9.275569,-58.62222
123.85,-2.49251,-6.38581799999999,-8.01742600000001,-0.02398072,-0.3585069,0.8305196,-13.00971,9.275569,-58.62222
123.86,-3.477041,-8.04768500000001,-9.84654899999999,-0.02644596,-0.3315271,0.8104168,-13.41787,10.79799,-58.1816
123.87,-5.81530399999998,-9.82825600000001,-12.22441,-0.02488605,-0.3112535,0.792223,-13.41787,10.79799,-58.1816
123.88,-8.89196599999999,-11.84624,-14.5413,-0.01228328,-0.3083169,0.7673143,-13.41787,10.79799,-58.1816
123.89,-11.90709,-14.57644,-16.6143,-0.006048007,-0.3035185,0.747202,-13.41787,10.79799,-58.1816
123.9,-14.98376,-17.66277,-18.68731,0.009027077,-0.3024681,0.7232466,-13.41787,10.79799,-58.1816
123.91,-17.75275,-20.9865,-19.9677,0.0192068,-0.2999601,0.709828,-13.78278,10.41101,-58.63386
123.92,-20.82941,-24.607,-20.63837,0.0448941,-0.2927021,0.7040384,-13.78278,10.41101,-58.63386
123.93,-24.70601,-28.22749,-20.76032,0.06914493,-0.2870092,0.6896375,-13.78278,10.41101,-58.63386
123.94,-29.62866,-32.50086,-20.51643,0.0781403,-0.2733567,0.675261,-13.78278,10.41101,-58.63386
123.95,-35.35126,-37.3084,-20.21158,0.09102988,-0.2597106,0.6517848,-13.78278,10.41101,-58.63386
123.96,-41.56612,-42.94687,-19.5409,0.1006181,-0.2519961,0.6244873,-14.93257,11.54746,-58.19678
123.97,-46.91951,-49.11952,-20.33352,0.1188978,-0.2659729,0.5976588,-14.93257,11.54746,-58.19678
123.98,-49.56543,-55.17346,-22.28459,0.1334816,-0.2907047,0.5717966,-14.93257,11.54746,-58.19678
123.99,-48.82704,-60.9899999999999,-24.11371,0.1412167,-0.3141753,0.539246,-14.93257,11.54746,-58.19678
124,-45.25811,-67.34071,-26.67448,0.1499801,-0.3141425,0.5239162,-14.93257,11.54746,-58.19678
124.01,-40.21238,-73.3353000000001,-29.35719,0.1847188,-0.3994547,0.5253133,-17.20183,12.3011,-57.05652
124.02,-32.6438,-78.0834799999999,-32.52768,0.2185334,-0.435784,0.5180852,-17.20183,12.3011,-57.05652
124.03,-24.33681,-82.4755599999997,-35.02748,0.26663,-0.4536538,0.5323632,-17.20183,12.3011,-57.05652
124.04,-16.33749,-85.7399400000002,-36.8566,0.3024186,-0.4642716,0.5691539,-17.20183,12.3011,-57.05652
124.05,-8.21509999999999,-87.4018,-37.95407,0.2999065,-0.4854176,0.6002712,-17.20183,12.3011,-57.05652
124.06,1.753283,-88.2327300000002,-39.3564,0.3538898,-0.5049614,0.6312895,-20.25597,14.57817,-55.02692
124.07,11.90627,-88.8856100000002,-40.63679,0.3513949,-0.5014688,0.6466074,-20.25597,14.57817,-55.02692
124.08,20.89012,-90.1913700000001,-41.67329,0.3416831,-0.5030264,0.6566748,-20.25597,14.57817,-55.02692
124.09,25.99738,-92.56546,-40.3929,0.3369776,-0.5125934,0.6303638,-20.25597,14.57817,-55.02692
124.1,27.96644,-95.7704899999998,-38.07602,0.3395257,-0.5190489,0.6097823,-20.25597,14.57817,-55.02692
124.11,28.39717,-100.4,-35.8201,0.3504324,-0.5290777,0.6054587,-25.12512,14.1716,-53.83553
124.12,29.50477,-103.8424,-35.02748,0.3610953,-0.5515572,0.6217175,-25.12512,14.1716,-53.83553
124.13,32.08916,-106.3352,-35.14942,0.3697976,-0.5736816,0.6279294,-25.12512,14.1716,-53.83553
124.14,36.21189,-107.7003,-34.90553,0.3828209,-0.5922926,0.6370045,-25.12512,14.1716,-53.83553
124.15,39.96542,-109.1248,-34.96651,0.3897018,-0.5956372,0.628379,-25.12512,14.1716,-53.83553
124.16,41.93448,-111.5582,-34.72262,0.4006651,-0.5828782,0.6183065,-29.97604,12.63432,-51.41256
124.17,40.39615,-114.7039,-33.50321,0.4153081,-0.558327,0.614446,-29.97604,12.63432,-51.41256
124.18,36.02729,-118.3244,-31.79602,0.4304902,-0.5359973,0.6321211,-29.97604,12.63432,-51.41256
124.19,30.4893,-120.8765,-30.02787,0.4593773,-0.5167328,0.6569517,-29.97604,12.63432,-51.41256
124.2,24.88978,-121.7075,-29.47914,0.485254,-0.4661422,0.712887,-29.97604,12.63432,-51.41256
124.21,20.89012,-119.7488,-31.12535,0.5185954,-0.4235732,0.7788614,-34.81293,10.33959,-48.59853
124.22,17.93652,-115.8909,-33.68612,0.5336587,-0.394933,0.7960565,-34.81293,10.33959,-48.59853
124.23,15.41366,-112.1517,-37.03951,0.5427799,-0.3881426,0.7749816,-34.81293,10.33959,-48.59853
124.24,11.47553,-110.5492,-39.84417,0.5414137,-0.368032,0.745307,-34.81293,10.33959,-48.59853
124.25,4.522279,-110.2525,-43.19756,0.5662865,-0.3440365,0.7117571,-34.81293,10.33959,-48.59853
124.26,-6.61523600000002,-111.5582,-46.12415,0.5906467,-0.3185319,0.6849079,-39.96944,8.056688,-44.1098
124.27,-21.38321,-113.4575,-47.95328,0.6239923,-0.3302059,0.6647526,-39.96944,8.056688,-44.1098
124.28,-36.52039,-115.2974,-49.11172,0.6622785,-0.3714159,0.6455534,-39.96944,8.056688,-44.1098
124.29,-47.96557,-117.6122,-50.08725,0.6935927,-0.43084,0.6158424,-39.96944,8.056688,-44.1098
124.3,-53.68816,-121.2327,-49.84337,0.7078561,-0.4898957,0.6100898,-39.96944,8.056688,-44.1098
124.31,-54.24196,-124.0222,-50.14822,0.7432135,-0.5305856,0.6009457,-44.44311,6.152212,-40.45651
124.32,-50.6115,-125.8621,-50.8189,0.777146,-0.5468398,0.6099837,-44.44311,6.152212,-40.45651
124.33,-45.87344,-127.8208,-51.2457,0.8075949,-0.5336564,0.6041843,-44.44311,6.152212,-40.45651
124.34,-42.73524,-128.4736,-52.16026,0.8348858,-0.5078439,0.6046087,-44.44311,6.152212,-40.45651
124.35,-42.11992,-129.3046,-53.37968,0.8495442,-0.4843562,0.5906984,-44.44311,6.152212,-40.45651
124.36,-44.33511,-129.8981,-54.47715,0.8714953,-0.4596122,0.5920894,-48.95699,5.786051,-34.81182
124.37,-49.3193,-129.8387,-55.8185,0.8896037,-0.4378774,0.5915737,-48.95699,5.786051,-34.81182
124.38,-55.59569,-129.3639,-57.03792,0.9036862,-0.4351124,0.5977699,-48.95699,5.786051,-34.81182
124.39,-62.7335500000001,-128.4143,-58.0744200000003,0.9206792,-0.4318918,0.5943894,-48.95699,5.786051,-34.81182
124.4,-69.3791400000001,-126.8118,-59.2938399999997,0.9282867,-0.4221411,0.5814521,-52.31098,3.53363,-28.31015
124.41,-75.0401899999998,-125.5654,-61.0619899999999,0.9370021,-0.4197541,0.5579861,-52.31098,3.53363,-28.31015
124.42,-79.3475199999999,-125.2093,-63.3788799999998,0.9376731,-0.4045416,0.5196949,-52.31098,3.53363,-28.31015
124.43,-82.3011200000003,-126.1589,-66.0615800000003,0.9316064,-0.3938489,0.4799809,-52.31098,3.53363,-28.31015
124.44,-84.8855099999999,-127.8208,-68.6223600000002,0.9307914,-0.3771246,0.4507849,-52.31098,3.53363,-28.31015
124.45,-86.9161100000001,-130.729,-71.6708999999998,0.9469731,-0.3570656,0.4306513,-56.81281,2.413838,-21.8229
124.46,-89.1312999999999,-133.8747,-74.4755499999998,0.962341,-0.345888,0.3975999,-56.81281,2.413838,-21.8229
124.47,-90.9773000000002,-137.0204,-77.4021500000001,0.9790955,-0.3300813,0.3894309,-56.81281,2.413838,-21.8229
124.48,-92.0233600000001,-139.8099,-80.1458300000002,1.000371,-0.3214834,0.3802986,-56.81281,2.413838,-21.8229
124.49,-96.1460900000003,-138.979,-84.77961,0.9973667,-0.1050459,0.5668927,-56.81281,2.413838,-21.8229
124.5,-182.3541,-127.5834,-104.6561,0.9138052,0.6834131,1.517766,-59.80948,0.9282112,-14.9355
124.51,-355.0779,-105.0295,-96.4859899999998,1.741611,0.7978984,2.785477,-59.80948,0.9282112,-14.9355
124.52,-442.3321,-25.31923,-40.57582,2.690845,-0.5188419,3.035414,-59.80948,0.9282112,-14.9355
124.53,-319.4502,56.82446,5.700995,1.906706,-1.917769,1.875158,-59.80948,0.9282112,-14.9355
124.54,-198.3528,93.8009700000003,3.506047,1.059119,-1.72207,0.9849985,-59.80948,0.9282112,-14.9355
124.55,-110.3603,100.8046,-7.895484,0.7959476,-1.500633,0.4225947,-61.27485,-1.704124,-10.03041
124.56,-51.96523,87.0348100000002,-0.700935200000002,0.809365,-1.260308,0.2109788,-61.27485,-1.704124,-10.03041
124.57,-7.90743399999998,72.0780100000001,10.57866,0.7823064,-1.120171,0.0774672,-61.27485,-1.704124,-10.03041
124.58,22.24385,54.09425,17.40738,0.7253817,-0.9450933,0.003342052,-61.27485,-1.704124,-10.03041
124.59,40.58075,39.49356,16.91961,0.6622571,-0.8537274,-0.01858593,-61.27485,-1.704124,-10.03041
124.6,58.6099899999999,25.18964,16.127,0.6764285,-0.8310161,-0.06312405,-61.6571,-0.5969234,-13.71579
124.61,83.5309399999999,14.09075,15.76117,0.7305889,-0.7570987,-0.06802326,-61.6571,-0.5969234,-13.71579
124.62,106.4828,7.97745600000001,16.91961,0.7312913,-0.6126856,-0.05992588,-61.6571,-0.5969234,-13.71579
124.63,121.3739,4.000847,16.127,0.7505504,-0.4438885,-0.02937405,-61.6571,-0.5969234,-13.71579
124.64,127.0965,2.695095,11.12739,0.7725989,-0.3196948,0.006448738,-61.6571,-0.5969234,-13.71579
124.65,125.2505,3.110561,5.883907,0.808349,-0.2763738,0.04322562,-60.51626,-0.9857311,-15.70493
124.66,117.8665,4.000847,2.042749,0.8405502,-0.2515492,0.08432063,-60.51626,-0.9857311,-15.70493
124.67,106.0521,5.06919,-1.676467,0.8674018,-0.2273338,0.1235108,-60.51626,-0.9857311,-15.70493
124.68,89.0689299999998,7.14652300000002,-4.785976,0.883925,-0.1979421,0.1665463,-60.51626,-0.9857311,-15.70493
124.69,67.2861699999998,9.520617,-7.28577700000001,0.8970048,-0.1673535,0.1885301,-60.51626,-0.9857311,-15.70493
124.7,42.61135,11.12313,-8.81004599999998,0.910915,-0.1553196,0.1990315,-60.50223,-1.743173,-15.31387
124.71,17.93652,12.72564,-9.54169600000001,0.9317868,-0.1766912,0.2080935,-60.50223,-1.743173,-15.31387
124.72,-3.969307,13.97204,-9.17587100000002,0.9483577,-0.2032617,0.189407,-60.50223,-1.743173,-15.31387
124.73,-21.75241,15.21844,-8.38325000000002,0.9557495,-0.2338089,0.1807876,-60.50223,-1.743173,-15.31387
124.74,-35.35126,15.81197,-7.46868900000001,0.9541672,-0.2540095,0.1539953,-60.50223,-1.743173,-15.31387
124.75,-45.93497,15.99002,-6.12733300000002,0.9485001,-0.2639762,0.1391719,-60.48114,-2.514236,-16.53532
124.76,-53.99583,15.99002,-5.334713,0.9440832,-0.2627767,0.1205148,-60.48114,-2.514236,-16.53532
124.77,-59.7799499999998,15.09974,-4.785976,0.927079,-0.2655775,0.1167166,-60.48114,-2.514236,-16.53532
124.78,-63.3488800000003,13.25982,-4.907917,0.9159995,-0.272718,0.1038162,-60.48114,-2.514236,-16.53532
124.79,-64.0257399999998,10.82637,-4.846947,0.9138821,-0.2898029,0.09999567,-60.48114,-2.514236,-16.53532
124.8,-61.9336100000003,7.85875100000001,-5.212771,0.9136245,-0.3019126,0.104785,-60.08701,-3.279218,-17.36699
124.81,-56.82635,4.653723,-5.456654,0.9057725,-0.324907,0.1048046,-60.08701,-3.279218,-17.36699
124.82,-49.38084,0.914523500000002,-6.61509800000001,0.8995175,-0.3287821,0.1196523,-60.08701,-3.279218,-17.36699
124.83,-40.39698,-3.240142,-7.834514,0.8923618,-0.3365407,0.1368956,-60.08701,-3.279218,-17.36699
124.84,-31.35159,-7.57286499999998,-8.87101700000001,0.8908064,-0.3310287,0.1584328,-60.08701,-3.279218,-17.36699
124.85,-22.24468,-11.66818,-9.907519,0.8858345,-0.3250236,0.1881116,-59.71844,-2.899319,-17.75324
124.86,-13.93769,-15.64479,-11.06596,0.8851913,-0.316035,0.2158678,-59.71844,-2.899319,-17.75324
124.87,-7.47670100000003,-19.56204,-12.40732,0.8804665,-0.2974827,0.2354929,-59.71844,-2.899319,-17.75324
124.88,-3.784708,-23.00448,-14.29741,0.8810524,-0.2764485,0.2493652,-59.71844,-2.899319,-17.75324
124.89,-2.369443,-25.79404,-16.06557,0.887152,-0.2635575,0.2641871,-59.71844,-2.899319,-17.75324
124.9,-2.861709,-28.5836,-17.77275,0.8901182,-0.26599,0.2574825,-59.72997,-2.51188,-16.91676
124.91,-4.892305,-30.36418,-19.17508,0.8893516,-0.277252,0.2498295,-59.72997,-2.51188,-16.91676
124.92,-7.107502,-31.55122,-20.76032,0.8953516,-0.2854076,0.2483854,-59.72997,-2.51188,-16.91676
124.93,-9.38423200000003,-32.14474,-22.22361,0.8941064,-0.2971826,0.2388191,-59.72997,-2.51188,-16.91676
124.94,-11.59943,-32.26345,-23.504,0.9022361,-0.3150544,0.2330666,-60.47865,-2.884241,-15.30779
124.95,-13.99922,-32.02604,-24.23565,0.9073536,-0.3280693,0.2335396,-60.47865,-2.884241,-15.30779
124.96,-16.89128,-30.42353,-23.9308,0.9307949,-0.3560004,0.2636562,-60.47865,-2.884241,-15.30779
124.97,-20.39868,-27.39656,-22.95526,0.9439697,-0.382208,0.291876,-60.47865,-2.884241,-15.30779
124.98,-23.47534,-23.30124,-21.24808,0.9596927,-0.4141002,0.3306215,-60.47865,-2.884241,-15.30779
124.99,-25.87514,-18.07824,-18.80925,0.9740534,-0.4514042,0.3650635,-61.21777,-3.640226,-14.08378
125,-27.8442,-12.38041,-15.51683,0.9816825,-0.4673938,0.4066904,-61.21777,-3.640226,-14.08378
125.01,-30.85933,-6.56387500000001,-11.37082,0.987832,-0.4824408,0.4483197,-61.21777,-3.640226,-14.08378
125.02,-34.42826,-0.806695099999999,-7.102865,0.9880134,-0.4914157,0.4760791,-61.21777,-3.640226,-14.08378
125.03,-35.90506,4.297609,-3.078795,0.9812248,-0.5193143,0.4689195,-61.21777,-3.640226,-14.08378
125.04,-30.36706,8.15551200000001,0.0916846799999997,0.967027,-0.5428508,0.4234856,-61.19954,-4.770942,-12.8522
125.05,-19.72181,10.82637,1.250129,0.9431673,-0.5189515,0.3785349,-61.19954,-4.770942,-12.8522
125.06,-8.95349900000001,11.83536,1.433041,0.9120489,-0.4719142,0.3288051,-61.19954,-4.770942,-12.8522
125.07,-0.831112300000002,11.24184,1.006246,0.8953737,-0.4152491,0.2910121,-61.19954,-4.770942,-12.8522
125.08,4.645346,9.46126499999998,0.3355677,0.885135,-0.3636881,0.2656521,-61.19954,-4.770942,-12.8522
125.09,8.521939,7.68069399999998,-0.639964500000003,0.8807462,-0.3382831,0.2369387,-60.82282,-4.771943,-13.30092
125.1,11.53707,6.25623699999997,-1.12773,0.8940636,-0.3210823,0.2292538,-60.82282,-4.771943,-13.30092
125.11,14.24453,5.306599,-1.92035,0.9006994,-0.3112718,0.2249325,-60.82282,-4.771943,-13.30092
125.12,15.90593,4.416313,-2.591029,0.9112582,-0.3028767,0.2167762,-60.82282,-4.771943,-13.30092
125.13,17.13659,3.763437,-2.895883,0.9174772,-0.2970454,0.2033637,-60.82282,-4.771943,-13.30092
125.14,17.69039,2.695095,-2.347146,0.9143894,-0.2883901,0.2000168,-61.57678,-4.40375,-14.08251
125.15,16.70586,1.686104,-2.225204,0.9161181,-0.2767153,0.1976179,-61.57678,-4.40375,-14.08251
125.16,14.7368,0.795818799999997,-1.371614,0.9119036,-0.2597381,0.2033638,-61.57678,-4.40375,-14.08251
125.17,11.29093,-0.03511433,-1.06676,0.9172621,-0.2596234,0.2043116,-61.57678,-4.40375,-14.08251
125.18,7.96814,-0.3912286,-0.5789937,0.9269571,-0.2570504,0.1990297,-61.57678,-4.40375,-14.08251
125.19,4.706879,-0.628637999999999,-0.03025685,0.9294289,-0.2589541,0.1980687,-60.82113,-4.775212,-13.68792
125.2,1.814817,-0.747342800000001,0.1526554,0.9377831,-0.2626634,0.1994908,-60.82113,-4.775212,-13.68792
125.21,0.2764858,-0.4505809,0.2136262,0.9460801,-0.2635371,0.1922979,-60.82113,-4.775212,-13.68792
125.22,-0.7695791,-0.3912286,0.0916846799999997,0.9505745,-0.269249,0.1956416,-60.82113,-4.775212,-13.68792
125.23,-1.446445,-0.3318762,-0.2131691,0.957249,-0.2613113,0.198978,-60.82113,-4.775212,-13.68792
125.24,-2.554043,-0.03511433,-0.1521984,0.9595692,-0.2548473,0.2099795,-60.81944,-4.778481,-14.07492
125.25,-4.338506,-0.0944666899999999,-0.4570522,0.9566126,-0.252883,0.2185985,-60.81944,-4.778481,-14.07492
125.26,-6.18450300000001,-0.0944666899999999,-0.5789937,0.9527474,-0.2542812,0.2334415,-60.81944,-4.778481,-14.07492
125.27,-7.968967,0.2022952,-0.2131691,0.9554874,-0.2701623,0.244448,-60.81944,-4.778481,-14.07492
125.28,-8.70736600000002,0.499057,0.3965385,0.9424001,-0.2737961,0.2473432,-60.81944,-4.778481,-14.07492
125.29,-9.01503199999997,0.677114099999998,0.701392299999999,0.934745,-0.2811795,0.25358,-60.44807,-4.76913,-13.29814
125.3,-8.70736600000002,1.211285,1.006246,0.9293886,-0.2812327,0.2593322,-60.44807,-4.76913,-13.29814
125.31,-8.46123299999998,1.448695,1.250129,0.9215502,-0.2789271,0.2626953,-60.44807,-4.76913,-13.29814
125.32,-7.968967,1.804809,1.615954,0.9207058,-0.2856812,0.2698772,-60.44807,-4.76913,-13.29814
125.33,-6.92290199999997,2.279628,1.920807,0.9158627,-0.2872128,0.2722789,-60.44807,-4.76913,-13.29814
125.34,-5.99990400000001,2.398333,2.286632,0.9081039,-0.2893625,0.2665501,-61.20542,-4.3944,-13.30573
125.35,-4.892305,2.635742,2.713427,0.9042904,-0.2937718,0.270865,-61.20542,-4.3944,-13.30573
125.36,-3.784708,2.635742,2.713427,0.9067808,-0.2966339,0.27134,-61.20542,-4.3944,-13.30573
125.37,-2.861709,2.457685,3.140223,0.9049413,-0.302519,0.2694304,-61.20542,-4.3944,-13.30573
125.38,-1.877177,2.160923,3.140223,0.9036622,-0.3122719,0.268478,-61.20542,-4.3944,-13.30573
125.39,-0.6465126,1.5674,3.140223,0.9077216,-0.3209913,0.2627303,-60.45255,-4.395312,-14.07417
125.4,0.584151999999999,0.855171199999998,2.835369,0.9137855,-0.3325429,0.2617655,-60.45255,-4.395312,-14.07417
125.41,2.06095,0.1429428,2.835369,0.9170262,-0.3495263,0.2574571,-60.45255,-4.395312,-14.07417
125.42,4.091547,-0.747342800000001,2.652457,0.9255998,-0.3648851,0.2598389,-60.45255,-4.395312,-14.07417
125.43,5.93754300000002,-1.222162,2.347603,0.931417,-0.3633342,0.2574355,-60.45255,-4.395312,-14.07417
125.44,7.59894000000001,-1.400219,2.225661,0.9371178,-0.3553983,0.2626879,-60.83517,-4.017769,-14.07898
125.45,8.521939,-1.875038,2.286632,0.9251873,-0.3430829,0.2536126,-60.83517,-4.017769,-14.07898
125.46,8.58347200000002,-2.053095,2.286632,0.928297,-0.3269547,0.256953,-60.83517,-4.017769,-14.07898
125.47,8.64500499999998,-1.993742,2.408573,0.9194107,-0.3208042,0.2579241,-60.83517,-4.017769,-14.07898
125.48,8.58347200000002,-2.171799,2.530515,0.9176412,-0.3042557,0.264623,-60.45872,-4.018225,-14.4632
125.49,8.76807199999999,-1.756333,2.286632,0.9121642,-0.2980555,0.2636738,-60.45872,-4.018225,-14.4632
125.5,9.26033800000002,-0.925399799999999,1.920807,0.9177473,-0.2837783,0.2717962,-60.45872,-4.018225,-14.4632
125.51,9.44493799999999,-0.747342800000001,1.554983,0.9127091,-0.2752187,0.2622312,-60.45872,-4.018225,-14.4632
125.52,9.38340500000003,-0.0944666899999999,1.128188,0.9159008,-0.2634667,0.2650941,-60.45872,-4.018225,-14.4632
125.53,8.829605,-0.0944666899999999,0.3355677,0.9156517,-0.2504345,0.2559983,-59.7188,-3.628976,-14.07266
125.54,7.96814,-0.2725238,-0.1521984,0.9174992,-0.2450702,0.2540793,-59.7188,-3.628976,-14.07266
125.55,7.04514199999998,-0.3912286,-0.883847500000001,0.9233337,-0.2445216,0.2483261,-59.7188,-3.628976,-14.07266
125.56,5.75294400000002,-0.747342800000001,-1.432584,0.9243522,-0.2469751,0.2435392,-59.7188,-3.628976,-14.07266
125.57,4.891479,-1.162809,-1.981321,0.9425837,-0.257831,0.239203,-59.7188,-3.628976,-14.07266
125.58,4.399212,-1.340866,-2.591029,0.9460832,-0.2626695,0.2339338,-60.4621,-4.011687,-13.68919
125.59,3.78388,-1.518924,-2.773941,0.9556492,-0.2789806,0.2363142,-60.4621,-4.011687,-13.68919
125.6,3.291614,-1.340866,-2.773941,0.9621558,-0.2880543,0.2396553,-60.4621,-4.011687,-13.68919
125.61,2.676282,-1.281514,-2.469087,0.9617501,-0.2924577,0.2372642,-60.4621,-4.011687,-13.68919
125.62,1.445617,-0.9847522,-2.103263,0.956935,-0.295429,0.2415806,-60.4621,-4.011687,-13.68919
125.63,-0.0927135500000001,-0.5099333,-1.432584,0.9594428,-0.2992933,0.2387057,-60.45424,-4.392043,-13.68716
125.64,-0.7695791,0.0835904200000001,-0.4570522,0.953231,-0.3056718,0.2454183,-60.45424,-4.392043,-13.68716
125.65,-1.138779,0.736466499999999,0.5184801,0.9469903,-0.310637,0.2473447,-60.45424,-4.392043,-13.68716
125.66,-1.384911,1.864162,1.128188,0.9385763,-0.3034001,0.2598005,-60.45424,-4.392043,-13.68716
125.67,-2.000244,2.635742,1.676924,0.9336141,-0.2986343,0.2602865,-60.45424,-4.392043,-13.68716
125.68,-2.984776,3.407323,1.859837,0.9369239,-0.2932104,0.2617151,-60.45424,-4.392043,-13.68716
125.69,-4.03084,3.82279,1.920807,0.9364477,-0.2936487,0.2679375,-60.45424,-4.392043,-13.68716
125.7,-4.523106,4.83178,1.981778,0.9340664,-0.2966289,0.2660281,-60.45424,-4.392043,-13.68716
125.71,-4.892305,5.128542,2.16469,0.9341021,-0.2985983,0.2631571,-60.45424,-4.392043,-13.68716
125.72,-5.076905,5.544008,2.469544,0.9273268,-0.3012058,0.2583838,-60.45424,-4.392043,-13.68716
125.73,-5.199972,5.425303,2.89634,0.923944,-0.3027436,0.2569544,-60.83685,-4.0145,-13.69197
125.74,-5.015372,4.950485,3.140223,0.9166354,-0.3029494,0.2502671,-60.83685,-4.0145,-13.69197
125.75,-4.21544,4.475666,3.262164,0.9118654,-0.308367,0.2526697,-60.83685,-4.0145,-13.69197
125.76,-3.169375,4.000847,3.627989,0.9148127,-0.30985,0.243572,-60.83685,-4.0145,-13.69197
125.77,-1.938711,3.58538,3.445076,0.9064684,-0.3066045,0.2445429,-60.83685,-4.0145,-13.69197
125.78,-1.077245,2.932504,2.95731,0.9112313,-0.3006352,0.2493188,-60.45872,-4.018225,-14.4632
125.79,-0.831112300000002,2.517038,2.408573,0.9097425,-0.2992112,0.2488425,-60.45872,-4.018225,-14.4632
125.8,-0.831112300000002,2.160923,2.042749,0.9128198,-0.3074246,0.2474035,-60.45872,-4.018225,-14.4632
